@prefix afo: <https://w3id.org/afo/onto/1.1#> .
@prefix dc: <http://purl.org/dc/elements/1.1/> .
@prefix essentia: <http://sovarr.c4dm.eecs.qmul.ac.uk/af/essentia/> .
@prefix event: <http://purl.org/NET/c4dm/event.owl#> .
@prefix foaf: <http://xmlns.com/foaf/0.1/> .
@prefix mo: <http://purl.org/ontology/mo/> .
@prefix rdf: <http://www.w3.org/1999/02/22-rdf-syntax-ns#> .
@prefix rdfs: <http://www.w3.org/2000/01/rdf-schema#> .
@prefix tl: <http://purl.org/NET/c4dm/timeline.owl#> .
@prefix xml: <http://www.w3.org/XML/1998/namespace> .
@prefix xsd: <http://www.w3.org/2001/XMLSchema#> .

<http://musicbrainz.org/release/27c1da00-520c-4927-9a36-2462c6713600> a mo:Release ;
    dc:date "1992" ;
    dc:title "The Complete Epic Recordings" ;
    mo:catalogue_number "TARCD-1092" ;
    mo:publisher [ a mo:Label ;
            foaf:name "Taragon" ] ;
    mo:publishing_location "US" ;
    mo:release_type mo:compilation ;
    mo:track <http://musicbrainz.org/recording/05e5867a-0b5e-44f2-8b6b-c26f1f5af2cf> ;
    foaf:maker <http://musicbrainz.org/artist/e96801ec-74cd-4839-961a-6b9f79e7756e> .

<Sal+Mineo+-+Start+Movin'+(In+My+Direction).mp3> a mo:AudioFile ;
    mo:encodes [ a essentia:Signal ;
            mo:sample_rate "44100"^^xsd:interger ;
            mo:time _:81a54e7f-02e4-4ae4-8887-81557bf9a628 ;
            essentia:bit_rate "160000"^^xsd:float ;
            essentia:codec "mp3"^^xsd:string ;
            essentia:downmix "mix"^^xsd:string ;
            essentia:equal_loudness "0"^^xsd:float ;
            essentia:lossless false ;
            essentia:md5_encoded "27994b6fa53cdad05d0eea72c4e832a3"^^xsd:string ;
            essentia:replay_gain "-6.27582550049"^^xsd:float ] .

<http://musicbrainz.org/artist/e96801ec-74cd-4839-961a-6b9f79e7756e> a mo:MusicArtist ;
    foaf:name "Sal Mineo" .

<http://musicbrainz.org/recording/05e5867a-0b5e-44f2-8b6b-c26f1f5af2cf> a mo:Track ;
    dc:title "Start Movin' (In My Direction)" ;
    mo:available_as <Sal+Mineo+-+Start+Movin'+(In+My+Direction).mp3> ;
    mo:genre [ a mo:Genre ;
            rdfs:label "Oldies" ] ;
    mo:track_number "01" .

[] a essentia:VersionInfo .

_:00f8d8f3-08a7-4e83-a84e-780999957584 a essentia:Maximum ;
    afo:value 2.219833e-02 .

_:01b5d290-24e3-463a-86b5-e5f9fa8f5e57 a essentia:Covariance ;
    afo:dimensions ( 13 13 ) ;
    afo:values ( 6.036706e+03 -4.502122e+02 2.33595e+02 -6.843688e+01 -2.804546e+02 -6.064602e+01 -8.904768e+01 1.39751e+01 -2.172668e+01 8.439964e+01 -1.149326e+02 -5.27393e+01 3.033888e+01 -4.502122e+02 1.289845e+03 -3.138822e+02 8.210835e+01 2.008861e+01 5.600975e+00 6.758949e+01 5.21536e+01 -2.966285e+01 -2.440654e+01 3.564498e+01 3.051803e+01 3.783243e+01 2.33595e+02 -3.138822e+02 6.193683e+02 6.168274e+01 5.390186e+01 8.198965e+01 -2.509837e+01 -7.103838e+00 -4.618193e+00 -6.999673e+01 -1.931032e+01 6.935918e+01 4.849337e+01 -6.843688e+01 8.210835e+01 6.168274e+01 3.593755e+02 1.879261e+02 6.514493e+00 -9.611633e+00 7.635401e+00 -8.874224e+00 -1.402898e+01 1.02146e+01 3.627286e+01 5.458989e+01 -2.804546e+02 2.008861e+01 5.390186e+01 1.879261e+02 3.00309e+02 2.917245e+01 -1.326494e+01 -2.227942e+01 3.32526e+01 2.849464e+00 3.115094e+01 3.654044e+01 2.920324e+01 -6.064602e+01 5.600975e+00 8.198965e+01 6.514493e+00 2.917245e+01 1.841926e+02 9.324823e+01 3.166288e+01 5.489417e+01 8.881795e+00 3.603061e+01 9.982955e+00 2.902752e-01 -8.904768e+01 6.758949e+01 -2.509837e+01 -9.611633e+00 -1.326494e+01 9.324823e+01 2.300829e+02 6.150999e+01 8.403408e+01 2.73507e+01 4.395376e+01 4.745883e+00 2.026356e+00 1.39751e+01 5.21536e+01 -7.103838e+00 7.635401e+00 -2.227942e+01 3.166288e+01 6.150999e+01 1.594828e+02 3.497071e+01 4.546217e+01 1.380283e+01 2.189851e+01 1.952918e+01 -2.172668e+01 -2.966285e+01 -4.618193e+00 -8.874224e+00 3.32526e+01 5.489417e+01 8.403408e+01 3.497071e+01 1.911969e+02 5.630698e+01 3.560591e+01 -6.640826e+00 4.007696e+00 8.439964e+01 -2.440654e+01 -6.999673e+01 -1.402898e+01 2.849464e+00 8.881795e+00 2.73507e+01 4.546217e+01 5.630698e+01 2.400204e+02 3.479122e+01 -1.228405e+01 -2.168296e+01 -1.149326e+02 3.564498e+01 -1.931032e+01 1.02146e+01 3.115094e+01 3.603061e+01 4.395376e+01 1.380283e+01 3.560591e+01 3.479122e+01 1.048809e+02 1.828868e+01 3.545739e+00 -5.27393e+01 3.051803e+01 6.935918e+01 3.627286e+01 3.654044e+01 9.982955e+00 4.745883e+00 2.189851e+01 -6.640826e+00 -1.228405e+01 1.828868e+01 1.015582e+02 4.05693e+01 3.033888e+01 3.783243e+01 4.849337e+01 5.458989e+01 2.920324e+01 2.902752e-01 2.026356e+00 1.952918e+01 4.007696e+00 -2.168296e+01 3.545739e+00 4.05693e+01 1.016776e+02 ) .

_:01e0a39f-62ed-43ca-8954-68fc75377009 a essentia:Median ;
    afo:value 0 .

_:02429b5a-fe48-4cbd-88ed-c55fef91bd24 a essentia:SecondDerivativeVariance ;
    afo:value 7.776419e-02 .

_:02650330-08a6-4a32-8ed1-a1f5e90bb0c9 a essentia:Mean ;
    afo:values ( 2.271311e-01 1.814077e-01 1.812339e-01 1.62641e-01 1.205033e-01 1.198941e-01 1.305435e-01 1.864711e-01 3.100979e-01 3.12677e-01 1.846188e-01 1.075984e-01 9.269892e-02 1.111711e-01 1.681824e-01 1.742943e-01 1.195848e-01 8.897801e-02 8.470356e-02 1.060584e-01 1.642662e-01 1.920646e-01 1.936626e-01 2.755513e-01 2.750565e-01 1.603757e-01 1.050553e-01 1.023024e-01 1.449148e-01 2.015122e-01 1.773868e-01 1.142923e-01 9.872609e-02 1.281285e-01 1.830622e-01 2.360116e-01 ) .

_:026cc0d2-770a-412c-b5d7-3251dbf81b1f a essentia:SpectralComplexity ;
    event:time _:81a54e7f-02e4-4ae4-8887-81557bf9a628 ;
    afo:computed_by _:LowLevelExtractor ;
    afo:feature [ a essentia:Maximum ;
            afo:value 56 ],
        [ a essentia:DerivativeVariance ;
            afo:value 2.655591e+01 ],
        [ a essentia:SecondDerivativeMean ;
            afo:value 6.425278e+00 ],
        [ a essentia:Variance ;
            afo:value 9.545249e+01 ],
        [ a essentia:Minimum ;
            afo:value 0 ],
        [ a essentia:DerivativeMean ;
            afo:value 4.574161e+00 ],
        [ a essentia:Mean ;
            afo:value 1.911444e+01 ],
        [ a essentia:SecondDerivativeVariance ;
            afo:value 4.665208e+01 ],
        [ a essentia:Median ;
            afo:value 18 ] .

_:02d3af5a-50d1-4a61-a30f-2a9ef05cdf1d a essentia:DerivativeVariance ;
    afo:value 1.866018e-01 .

_:03e5bca8-e0b0-43f4-b590-834f36cf8d5c a essentia:DerivativeVariance ;
    afo:value 1.161293e-06 .

_:0423259b-51ac-420a-9bf0-ed1bf3cfc1eb a essentia:Maximum ;
    afo:values ( 5.97331e-03 3.524097e-03 4.149157e-03 7.618684e-03 6.159547e-03 1.893866e-02 9.066002e-03 5.799002e-03 8.123153e-03 5.30448e-03 5.881772e-03 1.023855e-02 4.505184e-03 4.227355e-03 2.379894e-03 9.623722e-04 2.981059e-03 3.367635e-03 1.978348e-03 1.088327e-03 1.789436e-03 7.548058e-04 6.239625e-04 3.475847e-04 9.425912e-04 2.948871e-04 2.647161e-04 2.72524e-04 1.412962e-04 7.203797e-05 5.801963e-05 7.69654e-05 9.922396e-05 8.300784e-05 8.162484e-05 1.495682e-04 1.257645e-04 7.90544e-05 4.751735e-05 3.367162e-05 ) .

_:042a98f9-46a4-4fd9-9a81-8e9895279353 a essentia:ERBBands ;
    event:time _:81a54e7f-02e4-4ae4-8887-81557bf9a628 ;
    afo:computed_by _:LowLevelExtractor ;
    afo:feature [ a essentia:Crest ;
            afo:feature [ a essentia:Maximum ;
                    afo:value 2.808168e+01 ],
                [ a essentia:SecondDerivativeMean ;
                    afo:value 4.819915e+00 ],
                [ a essentia:Minimum ;
                    afo:value 2.47828e+00 ],
                [ a essentia:DerivativeMean ;
                    afo:value 2.965078e+00 ],
                [ a essentia:SecondDerivativeVariance ;
                    afo:value 1.697178e+01 ],
                [ a essentia:Median ;
                    afo:value 8.936546e+00 ],
                [ a essentia:Mean ;
                    afo:value 9.717887e+00 ],
                [ a essentia:DerivativeVariance ;
                    afo:value 6.829644e+00 ],
                [ a essentia:Variance ;
                    afo:value 1.573677e+01 ] ] .

_:046a7ab4-44fa-4030-8f0f-66e5d7948973 a essentia:Mean ;
    afo:value 4.090958e-03 .

_:04a916e9-f120-4baf-a616-c4f8e8c13826 a essentia:DerivativeMean ;
    afo:value 1.162948e-02 .

_:04fd5ca8-11d6-4a24-aaae-acb6a6ef2513 a essentia:MFCC ;
    event:time _:81a54e7f-02e4-4ae4-8887-81557bf9a628 ;
    afo:computed_by _:LowLevelExtractor ;
    afo:feature _:01b5d290-24e3-463a-86b5-e5f9fa8f5e57,
        [ a essentia:Mean ;
            afo:values ( -6.53135e+02 1.225827e+02 -2.72968e+01 8.454445e+00 -4.693731e+00 -3.581703e+00 -6.272891e+00 3.232179e+00 -7.604928e+00 -8.666022e-01 -6.564049e+00 -2.60433e-01 3.099491e+00 ) ],
        [ a essentia:InverseCovariance ;
            afo:dimensions ( 13 13 ) ;
            afo:values ( 1.874837e-04 4.173508e-05 -7.010411e-05 -7.926987e-05 2.298876e-04 1.440237e-05 5.383185e-05 1.228971e-05 -3.152362e-05 -1.167884e-04 1.279305e-04 8.289279e-05 -1.261762e-04 4.173508e-05 1.007607e-03 6.287683e-04 -2.598343e-04 7.847773e-05 -2.350658e-04 -1.693039e-04 -1.906838e-04 2.739602e-04 2.17882e-04 -9.01136e-05 -3.774266e-04 -3.402121e-04 -7.010411e-05 6.287683e-04 2.501065e-03 -2.843249e-04 -3.963361e-05 -1.453885e-03 4.583063e-04 9.213365e-05 2.390547e-05 5.656465e-04 5.947807e-04 -1.531653e-03 -5.544492e-04 -7.926987e-05 -2.598343e-04 -2.843249e-04 4.652735e-03 -3.02427e-03 3.772923e-04 -2.827618e-04 -6.098064e-04 8.156784e-04 3.538756e-05 1.59447e-04 3.640829e-04 -1.427217e-03 2.298876e-04 7.847773e-05 -3.963361e-05 -3.02427e-03 6.051089e-03 -8.358103e-04 9.8845e-04 1.349206e-03 -1.407071e-03 -2.823237e-04 -8.054998e-04 -1.227602e-03 4.355872e-05 1.440237e-05 -2.350658e-04 -1.453885e-03 3.772923e-04 -8.358103e-04 8.171062e-03 -2.758926e-03 -6.445188e-04 -7.009806e-04 2.014708e-04 -1.49039e-03 6.095437e-04 8.488713e-04 5.383185e-05 -1.693039e-04 4.583063e-04 -2.827618e-04 9.8845e-04 -2.758926e-03 6.971425e-03 -1.438087e-03 -2.074081e-03 3.145816e-04 -1.22747e-03 -1.463827e-04 9.146905e-05 1.228971e-05 -1.906838e-04 9.213365e-05 -6.098064e-04 1.349206e-03 -6.445188e-04 -1.438087e-03 8.153027e-03 -6.555784e-04 -1.533111e-03 5.816849e-04 -1.74985e-03 -1.195413e-03 -3.152362e-05 2.739602e-04 2.390547e-05 8.156784e-04 -1.407071e-03 -7.009806e-04 -2.074081e-03 -6.555784e-04 7.349571e-03 -1.117975e-03 -9.078474e-04 1.310547e-03 -9.878271e-04 -1.167884e-04 2.17882e-04 5.656465e-04 3.538756e-05 -2.823237e-04 2.014708e-04 3.145816e-04 -1.533111e-03 -1.117975e-03 5.236052e-03 -1.453982e-03 2.3468e-04 1.151442e-03 1.279305e-04 -9.01136e-05 5.947807e-04 1.59447e-04 -8.054998e-04 -1.49039e-03 -1.22747e-03 5.816849e-04 -9.078474e-04 -1.453982e-03 1.220555e-02 -2.456422e-03 5.461866e-05 8.289279e-05 -3.774266e-04 -1.531653e-03 3.640829e-04 -1.227602e-03 6.095437e-04 -1.463827e-04 -1.74985e-03 1.310547e-03 2.3468e-04 -2.456422e-03 1.388548e-02 -4.115672e-03 -1.261762e-04 -3.402121e-04 -5.544492e-04 -1.427217e-03 4.355872e-05 8.488713e-04 9.146905e-05 -1.195413e-03 -9.878271e-04 1.151442e-03 5.461866e-05 -4.115672e-03 1.316752e-02 ) ] .

_:05576b9e-2574-4fd9-a7a3-5532296e69cb a essentia:SecondDerivativeVariance ;
    afo:value 0 .

_:05ae5449-17ed-4133-8e6f-1e325f18e1c3 a essentia:Minimum ;
    afo:value 2.150721e+00 .

_:05f202c1-106b-4775-8005-b07e4249fea6 rdf:first 7.3317e-05 ;
    rdf:rest ( 9.192675e-05 8.145328e-05 1.198165e-04 1.616076e-04 1.880016e-04 1.429585e-04 7.844677e-05 4.594248e-05 6.61696e-05 4.634514e-05 6.132988e-05 7.125315e-05 4.17332e-05 2.087379e-05 2.279903e-05 1.963324e-05 2.612492e-05 1.46735e-05 1.081342e-05 1.108572e-05 1.656149e-05 1.712711e-05 6.151096e-06 3.439206e-06 3.232286e-06 4.211812e-06 3.018585e-06 1.159984e-06 5.935163e-07 4.187436e-07 4.865277e-07 5.191126e-07 4.095054e-07 4.336996e-07 2.650177e-07 1.462758e-07 1.163492e-07 6.991598e-08 4.890013e-08 ) .

_:05fbc246-3475-4661-bbab-d65ce851324d a essentia:FirstPeakWeight ;
    event:time _:81a54e7f-02e4-4ae4-8887-81557bf9a628 ;
    afo:computed_by _:LowLevelExtractor ;
    afo:feature [ a essentia:SecondDerivativeMean ;
            afo:value 0 ],
        [ a essentia:Variance ;
            afo:value 0 ],
        [ a essentia:Maximum ;
            afo:value 5.222772e-01 ],
        [ a essentia:Mean ;
            afo:value 5.222772e-01 ],
        [ a essentia:SecondDerivativeVariance ;
            afo:value 0 ],
        [ a essentia:Minimum ;
            afo:value 5.222772e-01 ],
        [ a essentia:Median ;
            afo:value 5.222772e-01 ],
        [ a essentia:DerivativeMean ;
            afo:value 0 ],
        [ a essentia:DerivativeVariance ;
            afo:value 0 ] .

_:063a3ad3-65f9-4179-bb40-fe5cddf0eb31 a essentia:DerivativeVariance ;
    afo:value 2.531303e-01 .

_:06a2ae2d-f0e7-41a8-a73b-9292c38542ec a essentia:SecondDerivativeVariance ;
    afo:value 5.494031e-01 .

_:06b31cb6-ff9b-460a-980e-72255c05988e a essentia:DerivativeVariance ;
    afo:value 5.852396e-05 .

_:06e5939e-e88a-4169-9fa5-263cb6119a1f a essentia:DerivativeVariance ;
    afo:value 5.114043e+01 .

_:07d91fe9-560b-4ce8-ad81-94f02e703ad6 a essentia:Maximum ;
    afo:value 0 .

_:08a1bc8a-a823-40a6-93c6-d2fe8589485a a essentia:DynamicComplexity ;
    event:time _:81a54e7f-02e4-4ae4-8887-81557bf9a628 ;
    afo:value 3.445797e+00 .

_:090652c8-59da-4b4e-80be-8a45d9b15601 rdf:first 5.315274e-04 ;
    rdf:rest ( 2.095942e-02 4.641461e-03 1.071689e-02 3.209836e-02 7.696579e-02 4.40158e-02 4.139644e-02 4.222766e-02 5.528621e-02 5.420208e-02 3.401506e-02 2.01982e-02 2.528993e-02 3.337697e-02 1.633655e-02 1.781562e-02 1.125391e-02 1.211839e-02 6.784753e-03 2.615768e-03 4.331244e-03 5.495725e-03 6.256274e-03 2.711351e-03 1.334565e-03 5.174392e-04 ) .

_:0907984b-e983-4a08-a663-7d049b5f33f3 rdf:first 1.768052e-04 ;
    rdf:rest ( 4.330121e-03 3.399351e-02 1.249685e-02 9.897686e-03 7.85867e-04 ) .

_:092db35a-fbc1-4e20-a90b-cd231f0f7979 a essentia:DerivativeVariance ;
    afo:value 3.337698e-18 .

_:09adc783-be40-4aac-9b51-6d43492110ae a essentia:DerivativeVariance ;
    afo:value 9.393112e+05 .

_:09bce1a7-f434-45db-aeaa-89f6b2baaef9 rdf:first 1.413374e-01 ;
    rdf:rest ( 1.538323e-01 2.454281e-01 2.90401e-01 1.474713e-01 5.977457e-02 ) .

_:09d1938f-5d8a-4e60-89cb-6456c518225e a essentia:DerivativeMean ;
    afo:value 2.124594e+00 .

_:0a7e414e-8b74-4224-8d0d-afc71598ec0e a essentia:ChordsKey ;
    event:time _:81a54e7f-02e4-4ae4-8887-81557bf9a628 ;
    afo:value "F" .

_:0b55d709-eb07-4f0a-a1ac-c4a251d0df85 a essentia:Mean ;
    afo:value 7.514871e+00 .

_:0b7c608e-97e5-4157-b2c3-73d5801451fe a essentia:SecondDerivativeMean ;
    afo:value 2.515719e-02 .

_:0b9a4383-06a4-499f-950e-7f6657e6cfb9 a essentia:EnergyBand ;
    event:time _:81a54e7f-02e4-4ae4-8887-81557bf9a628 ;
    afo:computed_by _:LowLevelExtractor ;
    afo:feature [ a essentia:Minimum ;
            afo:value 1.512303e-21 ],
        [ a essentia:SecondDerivativeMean ;
            afo:value 4.420923e-03 ],
        [ a essentia:Maximum ;
            afo:value 8.141946e-02 ],
        [ a essentia:SecondDerivativeVariance ;
            afo:value 3.957847e-05 ],
        [ a essentia:Median ;
            afo:value 4.930531e-03 ],
        [ a essentia:Variance ;
            afo:value 8.314582e-05 ],
        [ a essentia:Mean ;
            afo:value 8.257523e-03 ],
        [ a essentia:DerivativeVariance ;
            afo:value 2.206327e-05 ],
        [ a essentia:DerivativeMean ;
            afo:value 3.225167e-03 ] .

_:0bb2854e-b472-4748-a557-647b4ce785fe a essentia:FirstPeakBPM ;
    event:time _:81a54e7f-02e4-4ae4-8887-81557bf9a628 ;
    afo:computed_by _:LowLevelExtractor ;
    afo:feature [ a essentia:Mean ;
            afo:value 167 ],
        [ a essentia:SecondDerivativeMean ;
            afo:value 0 ],
        [ a essentia:SecondDerivativeVariance ;
            afo:value 0 ],
        [ a essentia:Maximum ;
            afo:value 167 ],
        [ a essentia:DerivativeVariance ;
            afo:value 0 ],
        [ a essentia:Variance ;
            afo:value 0 ],
        [ a essentia:DerivativeMean ;
            afo:value 0 ],
        [ a essentia:Minimum ;
            afo:value 167 ],
        [ a essentia:Median ;
            afo:value 167 ] .

_:0bcff01b-478d-4e8e-9e7c-69ce65cb3f84 a essentia:SecondDerivativeVariance ;
    afo:value 3.93585e+01 .

_:0c26ca95-5cfb-4a37-b66c-0825c938607e a essentia:Maximum ;
    afo:value 1.210601e+02 .

_:0c967dc1-7d7e-42b6-a59c-4f81e7787c9e a essentia:SecondDerivativeVariance ;
    afo:value 1.14806e+02 .

_:0ce3c889-95b6-45d4-95f2-a19f184419d0 a essentia:Minimum ;
    afo:value 2.636334e-01 .

_:0d72d59a-215b-4b4b-8572-00bc70008431 a essentia:Mean ;
    afo:value 6.790118e-02 .

_:0de67626-99f2-4cf4-b609-e020289b7da4 a essentia:Median ;
    afo:value 4.331683e-01 .

_:0e6111e6-d5e8-4db2-8d60-1e54fac32745 a essentia:Mean ;
    afo:value 1.590288e+00 .

_:0fa9a4f8-5524-4040-9b2d-40ddd1063102 a essentia:Variance ;
    afo:value 1.122346e+01 .

_:0fe34d42-ce6e-4770-9de6-8d013da49d40 a essentia:Minimum ;
    afo:values ( 5.92617e-24 1.176709e-23 1.457219e-23 1.463926e-23 5.721644e-24 1.616221e-23 6.253719e-24 5.263624e-24 5.672727e-24 9.193394e-24 9.931297e-24 1.911083e-23 9.832784e-24 7.314129e-24 1.896173e-23 1.138954e-23 1.382666e-23 1.225217e-23 1.082542e-23 7.847368e-24 1.50702e-23 5.97945e-24 4.832916e-24 6.575235e-24 8.922149e-24 8.190035e-24 1.126339e-23 7.900954e-24 7.748029e-24 8.083178e-24 1.15411e-23 1.393015e-23 1.245039e-23 8.85502e-24 9.67329e-24 1.156567e-23 9.347796e-24 7.249162e-24 8.784099e-24 1.135774e-23 ) .

_:10b3a8f7-adcc-47d3-a092-e088f733ef1b a essentia:Mean ;
    afo:value 2.862486e+01 .

_:113e5261-3f06-4212-a1d6-9dec501f07f7 a essentia:Median ;
    afo:value 2.569506e-01 .

_:1213d9c0-ff0e-47ed-8a6d-ccabc2f3294b a essentia:Variance ;
    afo:value 0 .

_:1275d2e7-f922-427d-9066-02caa18590ce a essentia:SecondDerivativeMean ;
    afo:value 3.54879e+00 .

_:128468e9-294b-44f3-a007-776f3963a46e rdf:first 5.037504e-07 ;
    rdf:rest ( 1.572594e-07 1.212974e-07 2.660347e-07 2.325679e-07 1.393068e-06 7.52734e-07 3.270569e-07 2.807482e-07 2.338092e-07 2.119351e-07 4.166878e-07 1.769073e-07 7.815739e-08 1.762278e-08 9.328354e-09 2.974365e-08 1.963559e-08 7.511818e-09 4.524011e-09 4.154248e-09 3.300977e-09 1.494787e-09 5.41298e-10 2.161881e-09 3.533486e-10 4.870785e-10 2.513393e-10 9.047334e-11 3.735562e-11 2.048756e-11 2.500545e-11 3.090641e-11 3.696008e-11 3.305655e-11 6.796315e-11 4.953648e-11 1.382399e-11 5.944192e-12 3.334822e-12 ) .

_:1286ba26-df23-408c-a71d-82819af4444c a essentia:Median ;
    afo:value 2.608405e+01 .

_:1367ce3c-f4fc-484e-bc79-84d9b646780f rdf:first 1.277202e-05 ;
    rdf:rest ( 1.382494e-03 1.852721e-04 4.250418e-04 1.488243e-03 2.73097e-03 2.111339e-03 1.128286e-03 1.663017e-03 1.764503e-03 1.703596e-03 1.019663e-03 5.917524e-04 7.785761e-04 6.993507e-04 4.741143e-04 6.262712e-04 3.692312e-04 2.946612e-04 3.323622e-04 1.177335e-04 1.173358e-04 1.384519e-04 1.128321e-04 5.695745e-05 1.987091e-05 8.597922e-06 ) .

_:13855701-379e-4849-8946-83f844a1831e a essentia:Median ;
    afo:value 7.483783e+00 .

_:13c6927a-01a1-4aa2-a5ad-9f3eaed7aa37 a essentia:Maximum ;
    afo:values ( 6.513896e-01 4.772129e+00 5.157029e+00 1.473216e+01 8.187565e+01 1.322859e+02 1.750202e+02 9.699737e+02 6.683884e+02 6.484105e+02 1.079497e+03 8.54924e+02 1.20234e+03 2.682657e+03 1.494163e+03 1.072299e+03 8.112031e+02 1.298861e+03 2.098496e+03 8.808717e+02 1.323148e+03 6.08929e+02 3.324201e+02 9.9041e+02 4.170731e+02 3.74877e+02 1.837435e+02 9.185379e+01 1.516833e+02 1.498214e+02 1.591002e+02 2.077602e+02 9.741333e+01 3.659452e+01 1.64431e+01 7.546962e+00 2.103744e+00 5.886697e-01 9.279512e-02 3.829824e-03 ) .

_:1493b541-6d5b-4fc5-b27b-e89e31dce599 a essentia:SecondDerivativeMean ;
    afo:value 1.332885e-02 .

_:14973178-f6d0-4a9a-9979-67ac1a27b519 a essentia:Maximum ;
    afo:value 1.568214e-02 .

_:14f2e689-6dc0-4d67-8211-dcb2d98b12f2 a essentia:Maximum ;
    afo:value 4.480635e-01 .

_:1546efa2-c029-4ff1-9dbf-5498ce78747a a essentia:SecondDerivativeVariance ;
    afo:value 1.135105e-03 .

_:1654aec3-e1c6-44fb-9449-cbdc715d1634 a essentia:DerivativeMean ;
    afo:value 6.604543e-02 .

_:170778da-a0b9-491e-9cd2-4163952a8f66 a essentia:Maximum ;
    afo:value 8.409029e+00 .

_:174dbdfc-61e0-4395-b8a1-fdeddce6bbfd a essentia:Minimum ;
    afo:value -1.813628e+00 .

_:17d48a45-4887-43cd-afeb-9886e813f9c7 a essentia:Variance ;
    afo:value 3.915653e+05 .

_:18a047c8-e9a6-46ef-8929-ae3e24cbf97d a essentia:DerivativeVariance ;
    afo:value 5.510307e+00 .

_:193530d6-12e5-4a65-93a3-8796686bef10 a essentia:Mean ;
    afo:values _:1367ce3c-f4fc-484e-bc79-84d9b646780f .

_:19d51151-c1be-46e6-87f0-34ed15db3b38 a essentia:SecondDerivativeMean ;
    afo:value 1.193628e+00 .

_:1a70de6e-6910-4ac6-8ed0-f45430ac0a03 a essentia:Maximum ;
    afo:value 9.721547e-01 .

_:1bc54707-2f71-4eb2-98f2-b825dd5098c6 a essentia:SecondDerivativeVariance ;
    afo:values ( 1.760024e-09 4.234578e-06 1.872878e-07 9.183736e-07 4.74756e-06 2.664427e-05 1.741034e-05 7.053649e-06 8.880412e-06 1.193317e-05 1.376478e-05 6.844506e-06 1.158993e-06 2.631764e-06 2.615075e-06 9.95136e-07 7.068058e-07 3.812954e-07 3.501047e-07 2.512951e-07 1.071972e-07 1.195902e-07 1.673598e-07 2.323875e-07 6.429335e-08 1.08561e-08 3.5896e-09 ) .

_:1c7e7240-9d4c-416d-b66d-ba9f79cf8855 a essentia:DerivativeMean ;
    afo:values ( 1.518778e-01 1.248751e-01 1.501998e-01 2.011704e-01 1.024163e-01 4.733282e-02 ) .

_:1c8c3f50-a6e5-42b9-afa2-92490d320ade a essentia:Mean ;
    afo:value 5.986651e-01 .

_:1cfdd660-7642-4095-b269-45d966d8d25e a essentia:KeyScale ;
    event:time _:81a54e7f-02e4-4ae4-8887-81557bf9a628 ;
    afo:value "major" .

_:1d43b960-69b8-4b35-86ad-94ce6002ac43 a essentia:Variance ;
    afo:value 6.305322e-01 .

_:1d566e1d-f8c8-4d4d-8e4f-9317870a2432 a essentia:DerivativeVariance ;
    afo:values ( 1.39412e-07 6.618113e-08 7.014316e-08 1.024127e-07 9.555872e-08 5.818341e-07 2.787594e-07 1.600376e-07 1.077569e-07 1.022472e-07 7.393688e-08 1.899844e-07 8.072119e-08 4.93054e-08 8.91196e-09 4.13977e-09 1.454224e-08 1.058923e-08 4.399491e-09 2.627264e-09 1.663333e-09 1.052003e-09 5.611316e-10 2.748951e-10 9.286905e-10 1.87041e-10 2.007003e-10 1.398464e-10 7.103818e-11 2.994729e-11 1.867343e-11 2.185991e-11 2.354859e-11 2.510685e-11 1.978788e-11 3.714186e-11 3.164052e-11 9.553114e-12 5.181378e-12 3.58695e-12 ) .

_:1df3b462-0438-42ed-9729-20e29ae062a5 a essentia:SecondDerivativeMean ;
    afo:value 1.287134e-02 .

_:1e4292f9-44db-4c0f-84fd-8bef218dd40b a essentia:Mean ;
    afo:value 1.129943e-02 .

_:1e47ec2b-c5da-4f3a-b605-97145dd825af a essentia:SecondDerivativeVariance ;
    afo:value 3.069346e-04 .

_:1ec2240b-bca3-42e0-af1d-50ec81920449 a essentia:SecondDerivativeMean ;
    afo:value 5.819268e-01 .

_:1f461633-8f2f-4bf6-9ae0-23c099dc6b6c a essentia:Crest ;
    afo:feature [ a essentia:Minimum ;
            afo:value 1.883843e+00 ],
        [ a essentia:SecondDerivativeMean ;
            afo:value 5.137672e+00 ],
        [ a essentia:DerivativeVariance ;
            afo:value 8.322553e+00 ],
        [ a essentia:Median ;
            afo:value 1.144759e+01 ],
        [ a essentia:DerivativeMean ;
            afo:value 3.223515e+00 ],
        [ a essentia:Variance ;
            afo:value 2.588982e+01 ],
        [ a essentia:SecondDerivativeVariance ;
            afo:value 1.983928e+01 ],
        [ a essentia:Mean ;
            afo:value 1.237996e+01 ],
        [ a essentia:Maximum ;
            afo:value 3.161363e+01 ] .

_:20060d04-32cf-4004-a9ff-764bc8c1430b a essentia:ERBBands ;
    event:time _:81a54e7f-02e4-4ae4-8887-81557bf9a628 ;
    afo:computed_by _:LowLevelExtractor ;
    afo:feature [ a essentia:Kurtosis ;
            afo:feature [ a essentia:SecondDerivativeMean ;
                    afo:value 1.470593e+00 ],
                [ a essentia:SecondDerivativeVariance ;
                    afo:value 3.279279e+00 ],
                [ a essentia:Variance ;
                    afo:value 3.978785e+00 ],
                [ a essentia:Maximum ;
                    afo:value 2.319798e+01 ],
                [ a essentia:Median ;
                    afo:value -2.911342e-02 ],
                [ a essentia:Mean ;
                    afo:value 5.417014e-01 ],
                [ a essentia:DerivativeMean ;
                    afo:value 9.341612e-01 ],
                [ a essentia:Minimum ;
                    afo:value -1.755153e+00 ],
                [ a essentia:DerivativeVariance ;
                    afo:value 1.460125e+00 ] ] .

_:2084662e-ea83-4fd0-88cc-c5fccc41af8e a essentia:Variance ;
    afo:value 0 .

_:20dac5b6-bcc7-4be0-9086-639184b9983b a essentia:DerivativeMean ;
    afo:value 2.356899e-02 .

_:214a4ce0-23cb-4c8d-8d49-6806030be6f1 a essentia:DerivativeVariance ;
    afo:value 1.062275e+00 .

_:21725738-de88-46af-ba5a-5090ff68ec1a a essentia:BarkBands ;
    event:time _:81a54e7f-02e4-4ae4-8887-81557bf9a628 ;
    afo:computed_by _:LowLevelExtractor ;
    afo:feature [ a essentia:Skewness ;
            afo:feature _:02d3af5a-50d1-4a61-a30f-2a9ef05cdf1d,
                [ a essentia:Maximum ;
                    afo:value 5.989831e+00 ],
                [ a essentia:SecondDerivativeMean ;
                    afo:value 6.599116e-01 ],
                [ a essentia:Minimum ;
                    afo:value -3.606856e+00 ],
                [ a essentia:SecondDerivativeVariance ;
                    afo:value 3.983372e-01 ],
                [ a essentia:Variance ;
                    afo:value 7.853029e-01 ],
                [ a essentia:DerivativeMean ;
                    afo:value 4.383055e-01 ],
                [ a essentia:Median ;
                    afo:value 7.337808e-01 ],
                [ a essentia:Mean ;
                    afo:value 8.167977e-01 ] ] .

_:223525cb-d3f1-44cd-bc09-38f5eafd74aa a essentia:DerivativeVariance ;
    afo:value 4.252663e-04 .

_:236566d8-bb7b-48e2-ab66-eef65e3d8381 a essentia:MelBands ;
    event:time _:81a54e7f-02e4-4ae4-8887-81557bf9a628 ;
    afo:computed_by _:LowLevelExtractor ;
    afo:feature [ a essentia:Spread ;
            afo:feature _:05ae5449-17ed-4133-8e6f-1e325f18e1c3,
                _:1286ba26-df23-408c-a71d-82819af4444c,
                [ a essentia:Mean ;
                    afo:value 3.031009e+01 ],
                [ a essentia:Maximum ;
                    afo:value 2.27088e+02 ],
                [ a essentia:DerivativeVariance ;
                    afo:value 1.562823e+02 ],
                [ a essentia:DerivativeMean ;
                    afo:value 8.459841e+00 ],
                [ a essentia:Variance ;
                    afo:value 4.849969e+02 ],
                [ a essentia:SecondDerivativeVariance ;
                    afo:value 3.056828e+02 ],
                [ a essentia:SecondDerivativeMean ;
                    afo:value 1.281811e+01 ] ] .

_:2397655b-62fe-4121-8b7e-770bda290204 a essentia:Median ;
    afo:value 8.506379e+00 .

_:23bfed63-a30c-46d7-ad21-296b467c9bd8 a essentia:SecondPeakBPM ;
    event:time _:81a54e7f-02e4-4ae4-8887-81557bf9a628 ;
    afo:computed_by _:LowLevelExtractor ;
    afo:feature _:2084662e-ea83-4fd0-88cc-c5fccc41af8e,
        [ a essentia:Minimum ;
            afo:value 161 ],
        [ a essentia:Maximum ;
            afo:value 161 ],
        [ a essentia:DerivativeMean ;
            afo:value 0 ],
        [ a essentia:SecondDerivativeVariance ;
            afo:value 0 ],
        [ a essentia:Mean ;
            afo:value 161 ],
        [ a essentia:DerivativeVariance ;
            afo:value 0 ],
        [ a essentia:Median ;
            afo:value 161 ],
        [ a essentia:SecondDerivativeMean ;
            afo:value 0 ] .

_:23cb5443-ebeb-449a-a15a-37901061ecc7 a essentia:MelBands ;
    event:time _:81a54e7f-02e4-4ae4-8887-81557bf9a628 ;
    afo:computed_by _:LowLevelExtractor ;
    afo:feature [ a essentia:Kurtosis ;
            afo:feature _:0bcff01b-478d-4e8e-9e7c-69ce65cb3f84,
                _:174dbdfc-61e0-4395-b8a1-fdeddce6bbfd,
                [ a essentia:Maximum ;
                    afo:value 8.808588e+01 ],
                [ a essentia:Mean ;
                    afo:value 4.409736e+00 ],
                [ a essentia:SecondDerivativeMean ;
                    afo:value 4.24625e+00 ],
                [ a essentia:DerivativeVariance ;
                    afo:value 1.675741e+01 ],
                [ a essentia:Median ;
                    afo:value 2.542497e+00 ],
                [ a essentia:Variance ;
                    afo:value 3.961213e+01 ],
                [ a essentia:DerivativeMean ;
                    afo:value 2.736655e+00 ] ] .

_:24059a03-36e1-4961-879a-33938402676f rdf:first 1.452065e-01 ;
    rdf:rest ( 1.258467e-01 1.136215e-01 7.36029e-02 1.013463e-01 2.562497e-01 ) .

_:2406d91a-725a-4922-be39-c017d195f80e a essentia:Median ;
    afo:value 2.136513e+00 .

_:2535ca5e-c95f-4a3f-9da1-d783e7d0eef8 a essentia:Variance ;
    afo:value 1.105599e+00 .

_:25aca469-8186-4713-ad4e-f4b5d2691a93 a essentia:SecondDerivativeVariance ;
    afo:value 2.549178e+02 .

_:25d94b6d-d0a6-4076-8a48-89d3bcbc0437 a essentia:Entropy ;
    afo:feature _:19d51151-c1be-46e6-87f0-34ed15db3b38,
        _:2406d91a-725a-4922-be39-c017d195f80e,
        [ a essentia:Mean ;
            afo:value 2.115915e+00 ],
        [ a essentia:Variance ;
            afo:value 6.137338e-01 ],
        [ a essentia:DerivativeMean ;
            afo:value 7.045985e-01 ],
        [ a essentia:SecondDerivativeVariance ;
            afo:value 8.961316e-01 ],
        [ a essentia:Minimum ;
            afo:value 0 ],
        [ a essentia:DerivativeVariance ;
            afo:value 3.314329e-01 ],
        [ a essentia:Maximum ;
            afo:value 4.549042e+00 ] .

_:2672291f-7675-49bb-8741-0979e7cc765f a essentia:Median ;
    afo:value 1 .

_:2744499a-8801-498a-bd7f-729d2098852f a essentia:DerivativeMean ;
    afo:value 2.588193e+00 .

_:27e7ef03-e626-4248-9a1f-f2878ef2fcd0 a essentia:DerivativeMean ;
    afo:value 0 .

_:2851489c-b086-4913-ae6d-09054c1acf48 a essentia:BarkBands ;
    event:time _:81a54e7f-02e4-4ae4-8887-81557bf9a628 ;
    afo:computed_by _:LowLevelExtractor ;
    afo:feature [ a essentia:Kurtosis ;
            afo:feature _:113e5261-3f06-4212-a1d6-9dec501f07f7,
                [ a essentia:Mean ;
                    afo:value 1.281785e+00 ],
                [ a essentia:DerivativeMean ;
                    afo:value 1.385061e+00 ],
                [ a essentia:SecondDerivativeMean ;
                    afo:value 2.159213e+00 ],
                [ a essentia:DerivativeVariance ;
                    afo:value 4.475832e+00 ],
                [ a essentia:Minimum ;
                    afo:value -1.884627e+00 ],
                [ a essentia:Maximum ;
                    afo:value 3.945737e+01 ],
                [ a essentia:Variance ;
                    afo:value 1.089483e+01 ],
                [ a essentia:SecondDerivativeVariance ;
                    afo:value 1.054584e+01 ] ] .

_:28ec68bf-adb5-4c87-9977-9909a5c1ee80 rdf:first 1.510766e-02 ;
    rdf:rest ( 1.419851e-01 1.599255e-01 4.988777e-01 2.170503e+00 2.927557e+00 5.395559e+00 1.613925e+01 1.762634e+01 1.929161e+01 1.552175e+01 2.432535e+01 2.332328e+01 4.405648e+01 4.594157e+01 2.308492e+01 1.606195e+01 2.234473e+01 2.742344e+01 1.631062e+01 1.518564e+01 1.569507e+01 1.128472e+01 1.071543e+01 9.590046e+00 8.695387e+00 5.414021e+00 3.5227e+00 3.639832e+00 3.502705e+00 2.962382e+00 2.403169e+00 1.384044e+00 9.315162e-01 3.288113e-01 1.034108e-01 4.414812e-02 1.505449e-02 2.202123e-03 9.269027e-05 ) .

_:29a62281-8c42-43ad-847d-84d0a3008f9f rdf:first -8.252122e+00 ;
    rdf:rest ( -6.934925e+00 -7.127876e+00 -7.521255e+00 -7.624017e+00 -1.055612e+01 ) .

_:2b00d7de-c9b0-41a6-b469-81a0954c7c53 a essentia:DerivativeMean ;
    afo:value 5.366402e-04 .

_:2b48756a-fe13-4cbc-b07d-172ec960e0a4 a essentia:Median ;
    afo:value 1.316845e-01 .

_:2bbe4937-c02f-4b67-a1c8-faee2c8167ed a essentia:Variance ;
    afo:value 1.659995e-03 .

_:2c8f749d-aaa4-4bd0-882d-fec35acefc23 a essentia:SecondDerivativeMean ;
    afo:value 1.153731e+01 .

_:2d013a25-4f47-4de0-a95c-d1e8c8fa295c a essentia:BPM ;
    event:time _:81a54e7f-02e4-4ae4-8887-81557bf9a628 ;
    afo:value 1.643465e+02 .

_:2e128e58-7582-40c8-85fb-b41e08e7ff60 a essentia:KeyStrength ;
    event:time _:81a54e7f-02e4-4ae4-8887-81557bf9a628 ;
    afo:value 8.618754e-01 .

_:2e24db6f-c66e-4207-bca2-d7a72d45156f rdf:first 1.338087e+00 ;
    rdf:rest ( 9.496669e-01 9.201358e-01 8.035814e-01 9.832665e-01 1.452434e+00 ) .

_:2e95b7ba-774c-4bbb-823c-6feb277487dc a essentia:Variance ;
    afo:value 1.837566e+02 .

_:303fc1ab-131a-433b-bfb0-128902ae9f25 a essentia:Median ;
    afo:value 7.241722e-03 .

_:30dcb981-ad96-4bd9-aca9-30e56f5b3e1c a essentia:Median ;
    afo:value 4.15467e-03 .

_:31574495-0017-4ff7-90ea-cd9ae01b9ad9 a essentia:SpectralContrast ;
    event:time _:81a54e7f-02e4-4ae4-8887-81557bf9a628 ;
    afo:computed_by _:LowLevelExtractor ;
    afo:feature [ a essentia:SecondDerivativeMean ;
            afo:values ( 8.351032e-02 8.735668e-02 6.97906e-02 5.243273e-02 3.872347e-02 3.481144e-02 ) ],
        [ a essentia:Variance ;
            afo:values ( 9.174509e-03 8.581086e-03 6.271177e-03 2.897466e-03 2.678687e-03 1.306004e-03 ) ],
        [ a essentia:DerivativeMean ;
            afo:values ( 5.236611e-02 5.371489e-02 4.438267e-02 3.288677e-02 2.495318e-02 2.254901e-02 ) ],
        [ a essentia:Mean ;
            afo:values ( -6.347051e-01 -6.939381e-01 -7.460009e-01 -7.678822e-01 -7.653576e-01 -7.626324e-01 ) ],
        [ a essentia:Minimum ;
            afo:values ( -9.662251e-01 -9.861835e-01 -9.818078e-01 -9.704241e-01 -9.711289e-01 -9.570972e-01 ) ],
        [ a essentia:Maximum ;
            afo:values ( -2.48101e-01 -3.496235e-01 -4.050427e-01 -5.626402e-01 -5.561447e-01 -5.844568e-01 ) ],
        [ a essentia:DerivativeVariance ;
            afo:values ( 1.901015e-03 1.92307e-03 1.352629e-03 6.779205e-04 4.60651e-04 4.079682e-04 ) ],
        [ a essentia:SecondDerivativeVariance ;
            afo:values ( 4.58707e-03 4.8069e-03 3.010823e-03 1.64668e-03 1.000088e-03 9.756035e-04 ) ],
        [ a essentia:Median ;
            afo:values ( -6.455821e-01 -7.003999e-01 -7.588245e-01 -7.734538e-01 -7.720599e-01 -7.624753e-01 ) ] .

_:32812c2e-dab9-4efe-9a7e-e3c1ca42ebf0 a essentia:Dissonance ;
    event:time _:81a54e7f-02e4-4ae4-8887-81557bf9a628 ;
    afo:computed_by _:LowLevelExtractor ;
    afo:feature _:0ce3c889-95b6-45d4-95f2-a19f184419d0,
        _:223525cb-d3f1-44cd-bc09-38f5eafd74aa,
        [ a essentia:SecondDerivativeMean ;
            afo:value 3.494367e-02 ],
        [ a essentia:Variance ;
            afo:value 1.030699e-03 ],
        [ a essentia:Mean ;
            afo:value 4.597733e-01 ],
        [ a essentia:SecondDerivativeVariance ;
            afo:value 1.157645e-03 ],
        [ a essentia:DerivativeMean ;
            afo:value 2.103062e-02 ],
        [ a essentia:Median ;
            afo:value 4.682778e-01 ],
        [ a essentia:Maximum ;
            afo:value 4.999704e-01 ] .

_:33d0e7c5-61dd-4acd-824d-2530be51b62d a essentia:Variance ;
    afo:values ( 6.334541e-10 6.374603e-06 1.303385e-07 7.019254e-07 5.368336e-06 2.47325e-05 1.741343e-05 7.562576e-06 1.078129e-05 1.472614e-05 1.205149e-05 4.254499e-06 1.17655e-06 2.704541e-06 1.790879e-06 8.661693e-07 1.044281e-06 3.537653e-07 3.954932e-07 2.54499e-07 5.892065e-08 6.540947e-08 1.450223e-07 1.719394e-07 2.442576e-08 3.587685e-09 1.037852e-09 ) .

_:34278705-6af6-4862-8f4f-ec5cd4f39ab9 a essentia:SecondDerivativeMean ;
    afo:value 5.727034e-03 .

_:345427b8-c568-45a5-a82e-6a8ffa8367aa a essentia:SecondDerivativeMean ;
    afo:values ( 1.79099e-05 9.043809e-04 1.869948e-04 4.891932e-04 1.310803e-03 2.332317e-03 2.206163e-03 1.190004e-03 1.531468e-03 1.611687e-03 1.827644e-03 1.143818e-03 5.634436e-04 7.493005e-04 7.454819e-04 4.724993e-04 4.862088e-04 3.311833e-04 2.723833e-04 2.79673e-04 1.541372e-04 1.520036e-04 1.639678e-04 1.488105e-04 1.031886e-04 3.936387e-05 2.037086e-05 ) .

_:34591a6a-49af-4ad9-a309-548967708db6 a essentia:Minimum ;
    afo:value 6.145801e+00 .

_:347212a4-2b3e-42be-b13b-6337a67f58d9 a essentia:Variance ;
    afo:value 2.214238e-03 .

_:3563adf6-742b-4afe-874f-37734f23fb4e a essentia:Minimum ;
    afo:value -6.214561e-02 .

_:35a5496c-d007-4cf7-b337-ddb6eb1707bc a essentia:Variance ;
    afo:value 0 .

_:35aa69dd-5dde-4837-b2e6-a3bbe7862c12 a essentia:Maximum ;
    afo:value 4.331683e-01 .

_:36c5ef94-dcd5-4be0-9f9d-4a51b6145611 a essentia:Maximum ;
    afo:value 9.123196e-02 .

_:36eed315-63ad-4bad-bade-0d6a3f06768a a essentia:ERBBands ;
    event:time _:81a54e7f-02e4-4ae4-8887-81557bf9a628 ;
    afo:computed_by _:LowLevelExtractor ;
    afo:feature _:13c6927a-01a1-4aa2-a5ad-9f3eaed7aa37,
        [ a essentia:Minimum ;
            afo:values ( 4.899902e-22 3.704387e-21 2.994519e-20 4.376587e-20 2.287345e-19 1.431669e-19 1.563705e-19 7.619001e-19 4.030528e-19 5.489213e-19 6.191416e-19 1.375746e-18 2.053111e-18 4.803982e-18 2.771556e-18 3.853059e-18 6.547115e-18 7.658762e-18 7.796354e-18 7.374554e-18 1.10338e-17 5.999992e-18 6.315019e-18 1.058724e-17 1.462973e-17 1.273896e-17 1.291974e-17 1.839768e-17 2.510898e-17 1.817084e-17 1.758104e-17 1.662217e-17 1.064776e-17 1.320475e-17 9.512636e-18 6.983588e-18 3.22768e-18 1.450957e-18 2.899534e-19 4.015324e-20 ) ],
        [ a essentia:Mean ;
            afo:values ( 3.446625e-02 3.263648e-01 3.160134e-01 7.595534e-01 3.329698e+00 5.070496e+00 9.657083e+00 2.883466e+01 3.018357e+01 2.803429e+01 2.520988e+01 3.967694e+01 4.335938e+01 6.924913e+01 6.959712e+01 3.60205e+01 2.899917e+01 3.820403e+01 4.498964e+01 2.679069e+01 2.697304e+01 3.294799e+01 2.230113e+01 1.787761e+01 1.65997e+01 1.520146e+01 6.869166e+00 4.01685e+00 4.194736e+00 4.179197e+00 3.914814e+00 3.016148e+00 1.503918e+00 8.48051e-01 2.810483e-01 8.66816e-02 3.557098e-02 1.213072e-02 1.545031e-03 8.367001e-05 ) ],
        [ a essentia:DerivativeMean ;
            afo:values _:28ec68bf-adb5-4c87-9977-9909a5c1ee80 ],
        [ a essentia:Median ;
            afo:values ( 5.645894e-03 7.633494e-02 1.396475e-01 2.979577e-01 1.131523e+00 1.891117e+00 4.355639e+00 8.413372e+00 9.701421e+00 8.311665e+00 6.559896e+00 1.113832e+01 1.010929e+01 1.674794e+01 2.280101e+01 1.176954e+01 1.178204e+01 1.200292e+01 1.701656e+01 9.904025e+00 1.014651e+01 1.774417e+01 1.293349e+01 5.213406e+00 5.888077e+00 5.353237e+00 1.975209e+00 8.914437e-01 9.485731e-01 8.519389e-01 7.632747e-01 3.1772e-01 1.586393e-01 6.847424e-02 1.70584e-02 4.569781e-03 1.493643e-03 3.57194e-04 2.309095e-05 2.583923e-05 ) ],
        [ a essentia:Variance ;
            afo:values ( 4.970164e-03 3.337915e-01 2.369097e-01 1.594916e+00 3.102231e+01 9.425862e+01 2.16989e+02 3.501132e+03 3.217137e+03 2.857295e+03 3.719829e+03 5.769654e+03 8.329475e+03 2.425104e+04 1.596288e+04 4.60378e+03 2.460208e+03 6.352145e+03 6.556055e+03 2.423189e+03 2.587724e+03 2.405357e+03 7.791625e+02 2.500967e+03 8.429836e+02 5.721731e+02 1.697372e+02 6.921282e+01 8.226599e+01 1.070698e+02 1.21631e+02 1.397972e+02 2.279253e+01 5.540111e+00 6.417369e-01 6.921283e-02 1.209057e-02 1.542869e-03 3.722387e-05 6.158772e-08 ) ],
        [ a essentia:SecondDerivativeVariance ;
            afo:values ( 3.389685e-03 2.295636e-01 3.196013e-01 2.152524e+00 4.305479e+01 8.07159e+01 2.180447e+02 4.060318e+03 2.675631e+03 3.641534e+03 3.299823e+03 5.155183e+03 6.084215e+03 2.336082e+04 1.819322e+04 6.614969e+03 2.203179e+03 6.358235e+03 8.229515e+03 2.672819e+03 1.956538e+03 1.491462e+03 7.22036e+02 1.957694e+03 9.007146e+02 5.853372e+02 2.808961e+02 1.346876e+02 1.611909e+02 1.586528e+02 1.409549e+02 1.79591e+02 3.52404e+01 1.362065e+01 1.922561e+00 2.193781e-01 3.842564e-02 4.495925e-03 1.337575e-04 2.352698e-07 ) ],
        [ a essentia:DerivativeVariance ;
