@prefix afo: <https://w3id.org/afo/onto/1.1#> .
@prefix dc: <http://purl.org/dc/elements/1.1/> .
@prefix essentia: <http://sovarr.c4dm.eecs.qmul.ac.uk/af/essentia/> .
@prefix event: <http://purl.org/NET/c4dm/event.owl#> .
@prefix foaf: <http://xmlns.com/foaf/0.1/> .
@prefix mo: <http://purl.org/ontology/mo/> .
@prefix rdf: <http://www.w3.org/1999/02/22-rdf-syntax-ns#> .
@prefix rdfs: <http://www.w3.org/2000/01/rdf-schema#> .
@prefix tl: <http://purl.org/NET/c4dm/timeline.owl#> .
@prefix xml: <http://www.w3.org/XML/1998/namespace> .
@prefix xsd: <http://www.w3.org/2001/XMLSchema#> .

<http://musicbrainz.org/artist/119a2c67-e6d6-41cf-a58c-c51b75c80daa/f563a1a9-069b-41ed-8b3b-e1b1a6f5b34b> a mo:MusicArtist .

<http://musicbrainz.org/release/2877f893-c2bb-4ee9-b0ad-0efd8edb7b2b> a mo:Release ;
    dc:date "2013" ;
    dc:title "In a Tidal Wave of Mystery" ;
    mo:publisher [ a mo:Label ;
            foaf:name "Capitol Records" ] ;
    mo:release_status mo:official ;
    mo:release_type mo:album ;
    mo:track <http://musicbrainz.org/recording/07aad230-6697-4af4-b72f-5b36310dacec> ;
    essentia:asin "B00CAZOHDO" ;
    essentia:barcode "0602537430536" ;
    essentia:replay_gain "0.00 dB" ;
    foaf:maker <http://musicbrainz.org/artist/119a2c67-e6d6-41cf-a58c-c51b75c80daa> .

<06+Capital+Cities+-+Farrah+Fawcett+Hair+(feat.+André+3000).mp3> a mo:AudioFile ;
    mo:encodes [ a essentia:Signal ;
            mo:sample_rate "44100"^^xsd:interger ;
            mo:time _:6f93cd32-e254-4084-b3f5-73fadce575a6 ;
            essentia:bit_rate "320000"^^xsd:float ;
            essentia:codec "mp3"^^xsd:string ;
            essentia:downmix "mix"^^xsd:string ;
            essentia:equal_loudness "0"^^xsd:float ;
            essentia:lossless false ;
            essentia:md5_encoded "ff1d0f0c4ebeb987790187767bcf914d"^^xsd:string ;
            essentia:replay_gain "-11.0658836365"^^xsd:float ] .

<http://musicbrainz.org/artist/119a2c67-e6d6-41cf-a58c-c51b75c80daa> a mo:MusicArtist ;
    foaf:name "Capital Cities" .

<http://musicbrainz.org/recording/07aad230-6697-4af4-b72f-5b36310dacec> a mo:Track ;
    dc:title "Farrah Fawcett Hair (feat. André 3000)" ;
    mo:available_as <06+Capital+Cities+-+Farrah+Fawcett+Hair+(feat.+André+3000).mp3> ;
    mo:genre [ a mo:Genre ] ;
    mo:track_number "6/12" ;
    essentia:replay_gain "0.00 dB" ;
    essentia:replay_peak "0.000000" .

[] a essentia:VersionInfo .

_:00296a4c-eacc-464c-94f1-704e2b9bcdb6 a essentia:Variance ;
    afo:value 2.672181e-03 .

_:00a1f62c-97a2-4762-96c3-eccfa1855b4d a essentia:Mean ;
    afo:value 1.357331e-01 .

_:011111c8-8965-414f-9816-6e215a20ba88 a essentia:Mean ;
    afo:values ( -1.878971e+01 9.421441e+01 -6.574041e+01 4.818972e+00 -1.591772e+01 -1.638613e+01 -3.815368e+00 -1.52592e+01 5.944344e-01 -4.489251e+00 -3.771126e+00 5.459386e-01 -4.134394e+00 ) .

_:014f9861-226d-42af-9fd7-4e6ceb6c4a71 a essentia:Minimum ;
    afo:value 2.793707e-02 .

_:016c831e-c21f-4168-afc4-384785c9ce37 a essentia:DerivativeMean ;
    afo:value 6.585694e-03 .

_:018a83ab-d514-4dd3-b0af-94f640f1d0fb a essentia:Minimum ;
    afo:value 1.230503e-16 .

_:01ef7446-99af-4f2e-8e60-e476f3377c23 a essentia:Maximum ;
    afo:values ( -3.410421e-01 -4.266377e-01 -5.215507e-01 -5.794557e-01 -6.570531e-01 -5.167127e-01 ) .

_:0280653a-965d-4b76-a497-da20066f4fbe a essentia:Minimum ;
    afo:value 3.816591e-22 .

_:028d3485-a5ef-4c0c-84b2-21028e621859 rdf:first 1.015477e-02 ;
    rdf:rest ( 3.29905e-03 1.468667e-03 1.025704e-03 7.687532e-04 6.205708e-04 5.188244e-04 2.858063e-04 2.012631e-04 1.740917e-04 1.096495e-04 9.012813e-05 7.223678e-05 6.132368e-05 4.068941e-05 3.450705e-05 2.768277e-05 2.81944e-05 2.785873e-05 1.988288e-05 1.625879e-05 1.526667e-05 8.663182e-06 7.76188e-06 8.90376e-06 5.360101e-06 4.740523e-06 3.458584e-06 2.59688e-06 2.076676e-06 1.897071e-06 1.439139e-06 9.287908e-07 6.434336e-07 4.316132e-07 3.569981e-07 2.88208e-07 2.172129e-07 1.122239e-07 5.257374e-08 ) .

_:033b7d63-ef9e-4abe-a13d-bf5e99fcae1f a essentia:DerivativeMean ;
    afo:value 0 .

_:0347bdb4-a099-4844-977c-3f541d54b7e6 a essentia:FirstPeakBPM ;
    event:time _:6f93cd32-e254-4084-b3f5-73fadce575a6 ;
    afo:computed_by _:LowLevelExtractor ;
    afo:feature [ a essentia:SecondDerivativeMean ;
            afo:value 0 ],
        [ a essentia:DerivativeVariance ;
            afo:value 0 ],
        [ a essentia:SecondDerivativeVariance ;
            afo:value 0 ],
        [ a essentia:Mean ;
            afo:value 126 ],
        [ a essentia:Variance ;
            afo:value 0 ],
        [ a essentia:Minimum ;
            afo:value 126 ],
        [ a essentia:Maximum ;
            afo:value 126 ],
        [ a essentia:DerivativeMean ;
            afo:value 0 ],
        [ a essentia:Median ;
            afo:value 126 ] .

_:03987b12-b165-4a99-bb8c-06dac423b526 a essentia:SecondDerivativeVariance ;
    afo:value 1.548787e+05 .

_:04d68fae-dc4e-40b4-ad43-2daa5b707ed4 a essentia:Maximum ;
    afo:value 3.999566e+01 .

_:04fabdb8-72e8-4214-89cd-d4eacc3f035e a essentia:Maximum ;
    afo:value 8.200974e-01 .

_:053bc961-a919-46e0-b1b2-47422ffe0dd4 a essentia:Median ;
    afo:value 2.651368e+00 .

_:05a42c64-c175-40a5-89ed-13b93f3427cf a essentia:SecondDerivativeMean ;
    afo:value 3.644732e-02 .

_:05f82a87-20d2-426d-82b0-1fb36f4a3747 rdf:first 5.334798e-02 ;
    rdf:rest ( 1.391853e-02 1.347967e-02 1.364182e-03 1.879097e-03 2.019137e-02 ) .

_:06a50fdc-058a-4e4e-ac18-1b47e8f59baf a essentia:DerivativeVariance ;
    afo:value 8.602765e+01 .

_:0719601c-58f8-47f3-b807-d49524e73f8b a essentia:Kurtosis ;
    afo:feature [ a essentia:SecondDerivativeMean ;
            afo:value 3.52301e+00 ],
        [ a essentia:Mean ;
            afo:value 2.129082e+00 ],
        [ a essentia:DerivativeMean ;
            afo:value 2.182773e+00 ],
        [ a essentia:Maximum ;
            afo:value 3.51925e+02 ],
        [ a essentia:Median ;
            afo:value 2.080789e-01 ],
        [ a essentia:Minimum ;
            afo:value -1.81918e+00 ],
        [ a essentia:DerivativeVariance ;
            afo:value 5.198735e+01 ],
        [ a essentia:Variance ;
            afo:value 7.15078e+01 ],
        [ a essentia:SecondDerivativeVariance ;
            afo:value 1.334415e+02 ] .

_:071b7555-5265-47f6-9198-ea495cc698fd a essentia:SecondDerivativeMean ;
    afo:values ( 1.918479e-02 2.689374e-02 3.815363e-03 3.702733e-03 4.406776e-03 3.287287e-03 2.554693e-03 1.008668e-03 1.238545e-03 6.772292e-04 5.603782e-04 4.987819e-04 3.556644e-04 3.161536e-04 3.372835e-04 2.74178e-04 2.281613e-04 1.572854e-04 1.617974e-04 1.081307e-04 7.990399e-05 5.644177e-05 2.662596e-05 1.902544e-05 5.808479e-06 3.91732e-05 4.557502e-04 ) .

_:07425fab-9cf1-4e51-9223-7cd7a44d1fa5 a essentia:DerivativeMean ;
    afo:value 5.292972e+01 .

_:07596abc-b811-4081-a519-5106de145afe a essentia:DerivativeMean ;
    afo:value 4.897122e-02 .

_:07722682-3ce9-49b9-b630-911d54ad62f3 a essentia:ERBBands ;
    event:time _:6f93cd32-e254-4084-b3f5-73fadce575a6 ;
    afo:computed_by _:LowLevelExtractor ;
    afo:feature [ a essentia:Crest ;
            afo:feature [ a essentia:Median ;
                    afo:value 7.46288e+00 ],
                [ a essentia:Variance ;
                    afo:value 1.893086e+01 ],
                [ a essentia:Maximum ;
                    afo:value 3.297814e+01 ],
                [ a essentia:Minimum ;
                    afo:value 1.729526e+00 ],
                [ a essentia:Mean ;
                    afo:value 8.562763e+00 ],
                [ a essentia:SecondDerivativeMean ;
                    afo:value 4.527745e+00 ],
                [ a essentia:DerivativeVariance ;
                    afo:value 7.615439e+00 ],
                [ a essentia:SecondDerivativeVariance ;
                    afo:value 1.944787e+01 ],
                [ a essentia:DerivativeMean ;
                    afo:value 2.775949e+00 ] ] .

_:07d5814b-a913-40eb-9079-33483c4ecef9 a essentia:Minimum ;
    afo:value 7.456841e+05 .

_:07e60dae-c4e0-4c20-baaf-286c51828c75 rdf:first 8.485484e+00 ;
    rdf:rest ( 5.644788e+01 6.837699e+01 1.86147e+02 5.777694e+02 1.375182e+03 2.63654e+03 4.097532e+03 7.381312e+03 8.762562e+03 5.638977e+03 5.204412e+03 2.673936e+03 2.534737e+03 3.514576e+03 1.790191e+03 8.228669e+02 7.006912e+02 7.61537e+02 6.458143e+02 5.253986e+02 2.772048e+03 2.679029e+02 4.639275e+02 1.767077e+02 1.236467e+02 7.426454e+01 3.578496e+01 2.320671e+01 5.258387e+00 1.864792e+00 1.038504e+00 4.109002e-01 1.517738e-02 3.934162e-03 3.126525e-02 4.475978e-02 1.708805e-02 4.913992e-03 2.929227e-04 ) .

_:083e7374-0881-44a8-85d8-f4b24ae99919 rdf:first 7.862308e-01 ;
    rdf:rest ( 2.428949e+00 2.938813e+00 4.607887e+00 7.570349e+00 1.09438e+01 1.45334e+01 1.788846e+01 2.261243e+01 1.794005e+01 1.426412e+01 1.651112e+01 1.31181e+01 1.284885e+01 1.314626e+01 1.020792e+01 9.274739e+00 8.638874e+00 9.92566e+00 9.48309e+00 8.548873e+00 7.773718e+00 5.417944e+00 6.323661e+00 4.577429e+00 3.607964e+00 2.621799e+00 2.14325e+00 1.523293e+00 8.593804e-01 5.00391e-01 3.431118e-01 1.832039e-01 5.08615e-02 2.369021e-02 4.950638e-02 6.556589e-02 4.800649e-02 2.561774e-02 7.939508e-03 ) .

_:08870c7a-e973-4b43-b23d-60f10c24b60d a essentia:Mean ;
    afo:value 1.779697e-01 .

_:099862d7-ee68-4c75-8dbb-081a0fda9951 a essentia:DerivativeMean ;
    afo:value 7.051455e-01 .

_:09bc91f5-09f9-4102-9d7e-c4c37e95fac4 rdf:first 1 ;
    rdf:rest ( 1 1 1 1 1 1 1 1 1 1 1 1 1 1 1 1 1 1 1 1 1 1 1 1 1 1 1 1 1 1 1 1 1 1 1 ) .

_:09fe1c2e-51f2-4c9c-97f5-add5f5551ee8 a essentia:Minimum ;
    afo:value 2.15332e+01 .

_:0a132a78-151a-45bd-a808-4f5d1490ffb5 a essentia:DerivativeVariance ;
    afo:values ( 3.015514e+00 2.136774e+01 2.784766e+01 7.438831e+01 2.149144e+02 5.920719e+02 1.095537e+03 1.861935e+03 3.415738e+03 3.603799e+03 2.316319e+03 2.137775e+03 1.095993e+03 9.923342e+02 1.418261e+03 7.275507e+02 3.269682e+02 2.795998e+02 3.05823e+02 2.438261e+02 2.068488e+02 9.826323e+02 1.133707e+02 1.926226e+02 8.785873e+01 6.511166e+01 3.875793e+01 1.937168e+01 1.053411e+01 2.827183e+00 1.028263e+00 5.284413e-01 1.873755e-01 6.710017e-03 1.567988e-03 1.437197e-02 2.306085e-02 9.362289e-03 3.835126e-03 1.382209e-04 ) .

_:0a1e7d0e-9093-46b8-9498-a2c7f7769803 a essentia:SecondDerivativeMean ;
    afo:value 8.545874e+03 .

_:0a2287ff-4b30-433b-bda4-8de9d9afa974 a essentia:BeatsCount ;
    event:time _:6f93cd32-e254-4084-b3f5-73fadce575a6 ;
    afo:value 484 .

_:0ae82dde-03bc-4902-84c6-48f1b4e05281 a essentia:Maximum ;
    afo:value 2.369312e+05 .

_:0b17eccc-7a59-48b6-b9bb-12bfb9e6e49d a essentia:Median ;
    afo:value 16 .

_:0b96772e-bf9e-4c45-9e61-7c5c27a4e8d5 a essentia:Maximum ;
    afo:value 1.718315e+01 .

_:0ba6c91d-1a01-410d-89d4-a371efeb666c a essentia:Median ;
    afo:values ( 4.585215e-01 1.459552e+00 2.191381e+00 3.272354e+00 5.051776e+00 6.886199e+00 1.083036e+01 1.218904e+01 1.182182e+01 8.734711e+00 7.304e+00 9.441994e+00 8.135896e+00 7.304236e+00 8.359965e+00 7.410256e+00 7.444711e+00 7.621954e+00 9.365931e+00 8.97796e+00 7.286479e+00 4.498237e+00 3.695537e+00 3.117522e+00 2.570969e+00 1.900841e+00 1.316787e+00 1.297318e+00 8.599499e-01 5.384271e-01 3.221981e-01 1.844242e-01 7.59019e-02 2.71146e-02 1.242438e-02 2.097439e-02 2.934446e-02 2.790111e-02 2.110859e-02 1.666506e-02 ) .

_:0bd3f9dc-79a9-4dcb-b7d6-c612e046f04f a essentia:BarkBands ;
    event:time _:6f93cd32-e254-4084-b3f5-73fadce575a6 ;
    afo:computed_by _:LowLevelExtractor ;
    afo:feature [ a essentia:Spread ;
            afo:feature [ a essentia:DerivativeMean ;
                    afo:value 7.573254e+00 ],
                [ a essentia:Variance ;
                    afo:value 3.582312e+02 ],
                [ a essentia:Minimum ;
                    afo:value 1.235923e-02 ],
                [ a essentia:SecondDerivativeVariance ;
                    afo:value 1.880969e+02 ],
                [ a essentia:DerivativeVariance ;
                    afo:value 8.995107e+01 ],
                [ a essentia:Mean ;
                    afo:value 2.162159e+01 ],
                [ a essentia:Maximum ;
                    afo:value 1.276302e+02 ],
                [ a essentia:Median ;
                    afo:value 1.628175e+01 ],
                [ a essentia:SecondDerivativeMean ;
                    afo:value 1.162681e+01 ] ] .

_:0be5ed24-033a-42c0-8404-99a05e529293 a essentia:SecondDerivativeMean ;
    afo:value 6.465827e-02 .

_:0c0994ec-2e86-4aa5-bac1-1d17e6424219 a essentia:EnergyBand ;
    event:time _:6f93cd32-e254-4084-b3f5-73fadce575a6 ;
    afo:computed_by _:LowLevelExtractor ;
    afo:feature [ a essentia:Variance ;
            afo:value 1.437941e-05 ],
        [ a essentia:Mean ;
            afo:value 3.272341e-03 ],
        [ a essentia:Minimum ;
            afo:value 1.811294e-21 ],
        [ a essentia:Median ;
            afo:value 2.228928e-03 ],
        [ a essentia:DerivativeVariance ;
            afo:value 4.874662e-06 ],
        [ a essentia:SecondDerivativeVariance ;
            afo:value 1.167527e-05 ],
        [ a essentia:SecondDerivativeMean ;
            afo:value 2.144781e-03 ],
        [ a essentia:DerivativeMean ;
            afo:value 1.36321e-03 ],
        [ a essentia:Maximum ;
            afo:value 6.997457e-02 ] .

_:0c9a65cb-0bb7-4a1f-a0dc-be1af102e46e a essentia:Entropy ;
    afo:feature _:099862d7-ee68-4c75-8dbb-081a0fda9951,
        [ a essentia:DerivativeVariance ;
            afo:value 3.13118e-01 ],
        [ a essentia:SecondDerivativeVariance ;
            afo:value 8.504049e-01 ],
        [ a essentia:SecondDerivativeMean ;
            afo:value 1.201919e+00 ],
        [ a essentia:Variance ;
            afo:value 6.335231e-01 ],
        [ a essentia:Maximum ;
            afo:value 4.549083e+00 ],
        [ a essentia:Mean ;
            afo:value 2.527003e+00 ],
        [ a essentia:Minimum ;
            afo:value 0 ],
        [ a essentia:Median ;
            afo:value 2.569499e+00 ] .

_:0cdf3126-dacc-4f99-b0d4-934ce6f4f407 a essentia:DerivativeMean ;
    afo:value 2.236092e-02 .

_:0d1220a2-8054-4fc1-bd71-7d60b857baec a essentia:Maximum ;
    afo:value 2.176215e-01 .

_:0d38c201-d6d8-414d-b617-e64c79fe1ca1 a essentia:Median ;
    afo:value 3.257735e+01 .

_:0d548cf4-496e-42a3-843c-eac628c604b1 rdf:first 1.557734e-04 ;
    rdf:rest ( 1.369276e-05 2.435256e-06 1.606889e-06 1.083956e-06 8.239413e-07 7.506036e-07 3.365953e-07 1.604771e-07 9.154658e-08 3.023646e-08 1.800352e-08 1.432051e-08 1.449157e-08 3.300638e-09 1.699151e-09 1.101528e-09 9.881569e-10 8.361716e-10 3.828937e-10 2.954385e-10 1.340945e-09 1.704089e-10 9.220356e-11 1.6068e-10 5.87331e-11 4.857214e-11 3.160302e-11 2.073456e-11 9.741864e-12 7.245473e-12 4.547818e-12 1.68464e-12 8.203201e-13 3.871638e-13 2.829919e-13 1.876844e-13 1.36843e-13 2.20675e-14 2.765958e-15 ) .

_:0da4421b-f3e1-44f3-b689-318beeea783d a essentia:Minimum ;
    afo:value 1.242236e-02 .

_:0e17dc7e-2249-4487-a21c-4fe6c6a383f6 a essentia:ChordsStrength ;
    event:time _:6f93cd32-e254-4084-b3f5-73fadce575a6 ;
    afo:computed_by _:LowLevelExtractor ;
    afo:feature _:04fabdb8-72e8-4214-89cd-d4eacc3f035e,
        [ a essentia:Median ;
            afo:value 4.712516e-01 ],
        [ a essentia:SecondDerivativeMean ;
            afo:value 1.330302e-02 ],
        [ a essentia:Minimum ;
            afo:value 2.018981e-01 ],
        [ a essentia:DerivativeVariance ;
            afo:value 8.824678e-05 ],
        [ a essentia:Variance ;
            afo:value 9.10415e-03 ],
        [ a essentia:DerivativeMean ;
            afo:value 1.117431e-02 ],
        [ a essentia:Mean ;
            afo:value 4.765316e-01 ],
        [ a essentia:SecondDerivativeVariance ;
            afo:value 1.347424e-04 ] .

_:0e5d1598-9121-4002-af7b-51213d67f004 rdf:first 13 ;
    rdf:rest ( 13 ) .

_:0e780a3b-5347-4684-b9a8-33ee0da0efe7 a essentia:SecondDerivativeVariance ;
    afo:value 1.90463e+02 .

_:0ea19f94-125b-495e-a131-2059680ca40f a essentia:SecondDerivativeMean ;
    afo:value 5.145921e+00 .

_:0fa4a181-248c-4ec6-823b-651c50019ceb a essentia:Minimum ;
    afo:value 0 .

_:102ed912-dd27-4226-9731-54692df50439 a essentia:Minimum ;
    afo:value 0 .

_:1089cf08-5a5c-4f58-9cb3-8888ec7933b4 a essentia:DerivativeMean ;
    afo:value 1.577153e-03 .

_:11714079-5d69-47a3-a0cb-68abe7a1b5de a essentia:DerivativeMean ;
    afo:value 1.58429e+00 .

_:117e73e0-2943-40c5-916c-108e3dcced49 a essentia:Median ;
    afo:value -7.877901e-09 .

_:11b6ba9a-ec7a-4dbe-a99a-b67c7f185a1e a essentia:Variance ;
    afo:value 1.713774e+02 .

_:12bb0676-8e9d-4e0b-8dc1-e726a4107e49 a essentia:Maximum ;
    afo:value 4.854707e-01 .

_:13574d69-ace3-4f52-835e-86afe3b288b0 a essentia:Variance ;
    afo:value 1.175208e+02 .

_:13af5d0e-1623-49ce-b895-50f445afc37f a essentia:Mean ;
    afo:value 8.309091e-01 .

_:15305403-5289-42f5-8e0c-f2f008bd73ab a essentia:MelBands ;
    event:time _:6f93cd32-e254-4084-b3f5-73fadce575a6 ;
    afo:computed_by _:LowLevelExtractor ;
    afo:feature [ a essentia:Kurtosis ;
            afo:feature _:0ae82dde-03bc-4902-84c6-48f1b4e05281,
                [ a essentia:SecondDerivativeMean ;
                    afo:value 2.450014e+02 ],
                [ a essentia:Variance ;
                    afo:value 11102260 ],
                [ a essentia:DerivativeMean ;
                    afo:value 1.369835e+02 ],
                [ a essentia:DerivativeVariance ;
                    afo:value 17746454 ],
                [ a essentia:Mean ;
                    afo:value 1.050207e+02 ],
                [ a essentia:Minimum ;
                    afo:value -1.781451e+00 ],
                [ a essentia:Median ;
                    afo:value 1.348942e+01 ],
                [ a essentia:SecondDerivativeVariance ;
                    afo:value 49025624 ] ] .

_:15335107-0304-407f-af73-d97308dbd619 a essentia:Mean ;
    afo:value 1.222104e+01 .

_:1587861e-a2f2-4e26-9493-437a36af4a94 a essentia:SecondDerivativeVariance ;
    afo:values ( 1.493288e-03 2.671419e-03 3.901244e-05 4.670678e-05 7.09778e-05 4.824255e-05 4.270564e-05 1.062407e-05 1.091399e-05 2.689761e-06 2.098874e-06 1.829787e-06 4.625745e-07 3.5609e-07 3.011311e-07 1.823943e-07 6.580327e-07 8.827411e-08 1.239848e-07 5.459042e-08 2.904635e-08 1.428996e-08 2.696418e-09 1.778197e-09 8.210238e-11 8.362485e-09 6.081801e-07 ) .

_:16cdb56c-a257-4ee2-84d3-4b375fbf6b63 a essentia:SecondDerivativeVariance ;
    afo:value 1.737664e-03 .

_:16facf42-134a-4eff-94a2-8df6216a4bdd a essentia:BeatsPosition ;
    event:time _:6f93cd32-e254-4084-b3f5-73fadce575a6 ;
    afo:value ( 3.599093e-01 7.198186e-01 1.079728e+00 1.439637e+00 1.811156e+00 2.171066e+00 2.554195e+00 2.972154e+00 3.366893e+00 3.761633e+00 4.156372e+00 4.539501e+00 4.92263e+00 5.294149e+00 5.665669e+00 6.141678e+00 6.629297e+00 7.116916e+00 7.616145e+00 8.103764e+00 8.591383e+00 9.067392e+00 9.543401e+00 1.001941e+01 1.049542e+01 1.098304e+01 1.144744e+01 1.192345e+01 1.239946e+01 1.288707e+01 1.336308e+01 1.383909e+01 1.43151e+01 1.479111e+01 1.526712e+01 1.574313e+01 1.621914e+01 1.669515e+01 1.717116e+01 1.764717e+01 1.812317e+01 1.859918e+01 1.907519e+01 1.95512e+01 2.002721e+01 2.050322e+01 2.097923e+01 2.145524e+01 2.191964e+01 2.239565e+01 2.287165e+01 2.334766e+01 2.382367e+01 2.429968e+01 2.477569e+01 2.52517e+01 2.572771e+01 2.620372e+01 2.667973e+01 2.715574e+01 2.763175e+01 2.810775e+01 2.858376e+01 2.905977e+01 2.953578e+01 3.001179e+01 3.04878e+01 3.096381e+01 3.143982e+01 3.192744e+01 3.240345e+01 3.287946e+01 3.334385e+01 3.381986e+01 3.429587e+01 3.478349e+01 3.527111e+01 3.579356e+01 3.631601e+01 3.685007e+01 3.738412e+01 3.789497e+01 3.841742e+01 3.891665e+01 3.942748e+01 3.993832e+01 4.044916e+01 4.094839e+01 4.143601e+01 4.191202e+01 4.237642e+01 4.286404e+01 4.334005e+01 4.381606e+01 4.430367e+01 4.477968e+01 4.525569e+01 4.57317e+01 4.621932e+01 4.670694e+01 4.718295e+01 4.765895e+01 4.813496e+01 4.859937e+01 4.907537e+01 4.955138e+01 5.0039e+01 5.052662e+01 5.099102e+01 5.145542e+01 5.193143e+01 5.240744e+01 5.287184e+01 5.333624e+01 5.382385e+01 5.431147e+01 5.478748e+01 5.526349e+01 5.57395e+01 5.621551e+01 5.669152e+01 5.714431e+01 5.762032e+01 5.810794e+01 5.858395e+01 5.905995e+01 5.953596e+01 6.001197e+01 6.048798e+01 6.095238e+01 6.144e+01 6.192762e+01 6.240363e+01 6.287963e+01 6.335564e+01 6.383165e+01 6.430766e+01 6.478367e+01 6.525968e+01 6.573569e+01 6.62117e+01 6.669932e+01 6.717533e+01 6.765134e+01 6.812734e+01 6.860336e+01 6.907936e+01 6.955537e+01 7.003138e+01 7.050739e+01 7.09834e+01 7.14478e+01 7.192381e+01 7.239982e+01 7.287582e+01 7.335184e+01 7.382784e+01 7.430386e+01 7.477986e+01 7.525587e+01 7.573188e+01 7.620789e+01 7.66839e+01 7.717152e+01 7.764753e+01 7.812354e+01 7.859955e+01 7.907555e+01 7.955156e+01 8.002757e+01 8.050358e+01 8.097959e+01 8.14556e+01 8.192e+01 8.239601e+01 8.287202e+01 8.334802e+01 8.383565e+01 8.431165e+01 8.478767e+01 8.526367e+01 8.573968e+01 8.621569e+01 8.66917e+01 8.716771e+01 8.764371e+01 8.811973e+01 8.859573e+01 8.907175e+01 8.954775e+01 9.002377e+01 9.049977e+01 9.097578e+01 9.145179e+01 9.19278e+01 9.240381e+01 9.287981e+01 9.335583e+01 9.383183e+01 9.430785e+01 9.478385e+01 9.525986e+01 9.573587e+01 9.621188e+01 9.668789e+01 9.716389e+01 9.763991e+01 9.811591e+01 9.859193e+01 9.906793e+01 9.954395e+01 1.0002e+02 1.00496e+02 1.009836e+02 1.014596e+02 1.019356e+02 1.024e+02 1.02876e+02 1.03352e+02 1.03828e+02 1.04304e+02 1.047917e+02 1.052677e+02 1.057437e+02 1.062081e+02 1.066957e+02 1.071717e+02 1.076477e+02 1.081237e+02 1.085997e+02 1.090641e+02 1.095401e+02 1.100161e+02 1.104921e+02 1.109798e+02 1.114558e+02 1.119318e+02 1.124078e+02 1.128838e+02 1.133598e+02 1.138358e+02 1.143118e+02 1.147995e+02 1.152755e+02 1.157515e+02 1.162275e+02 1.167035e+02 1.171795e+02 1.176555e+02 1.181315e+02 1.186075e+02 1.190835e+02 1.195595e+02 1.200356e+02 1.205116e+02 1.209876e+02 1.214636e+02 1.219396e+02 1.224156e+02 1.228916e+02 1.233676e+02 1.238436e+02 1.24308e+02 1.24784e+02 1.2526e+02 1.257361e+02 1.262121e+02 1.266881e+02 1.271641e+02 1.276401e+02 1.281277e+02 1.286037e+02 1.290797e+02 1.295441e+02 1.300201e+02 1.304961e+02 1.309722e+02 1.314482e+02 1.319242e+02 1.324002e+02 1.328762e+02 1.333522e+02 1.338282e+02 1.343042e+02 1.347802e+02 1.352562e+02 1.357322e+02 1.362083e+02 1.366843e+02 1.371603e+02 1.376363e+02 1.381123e+02 1.385883e+02 1.390643e+02 1.395403e+02 1.400163e+02 1.404923e+02 1.409683e+02 1.41456e+02 1.41932e+02 1.42408e+02 1.428956e+02 1.433716e+02 1.438592e+02 1.443352e+02 1.447996e+02 1.452757e+02 1.4574e+02 1.46216e+02 1.466805e+02 1.471565e+02 1.476325e+02 1.481201e+02 1.485961e+02 1.490721e+02 1.495481e+02 1.500241e+02 1.505001e+02 1.509761e+02 1.514405e+02 1.519165e+02 1.523926e+02 1.528686e+02 1.533446e+02 1.538322e+02 1.543082e+02 1.547842e+02 1.552602e+02 1.557362e+02 1.562122e+02 1.566882e+02 1.571526e+02 1.576403e+02 1.581163e+02 1.585923e+02 1.590799e+02 1.595559e+02 1.600319e+02 1.605079e+02 1.609839e+02 1.614599e+02 1.619243e+02 1.624004e+02 1.628764e+02 1.633524e+02 1.638284e+02 1.643044e+02 1.64792e+02 1.65268e+02 1.65744e+02 1.662084e+02 1.666844e+02 1.671604e+02 1.676481e+02 1.681241e+02 1.686001e+02 1.690761e+02 1.695521e+02 1.700281e+02 1.705041e+02 1.709685e+02 1.714445e+02 1.719205e+02 1.724082e+02 1.728842e+02 1.733602e+02 1.738362e+02 1.743122e+02 1.747882e+02 1.752642e+02 1.757402e+02 1.762162e+02 1.766922e+02 1.771682e+02 1.776443e+02 1.781203e+02 1.785963e+02 1.790723e+02 1.795483e+02 1.800243e+02 1.805003e+02 1.809763e+02 1.814523e+02 1.819283e+02 1.824044e+02 1.828804e+02 1.833564e+02 1.838324e+02 1.843084e+02 1.847844e+02 1.852604e+02 1.857364e+02 1.862124e+02 1.866884e+02 1.871644e+02 1.876405e+02 1.881048e+02 1.885809e+02 1.890569e+02 1.895445e+02 1.900205e+02 1.905081e+02 1.909841e+02 1.914717e+02 1.919361e+02 1.924005e+02 1.928766e+02 1.933526e+02 1.938286e+02 1.943046e+02 1.947922e+02 1.952798e+02 1.957674e+02 1.962318e+02 1.967078e+02 1.971839e+02 1.976483e+02 1.981127e+02 1.986003e+02 1.990879e+02 1.995523e+02 2.000283e+02 2.004927e+02 2.009687e+02 2.014447e+02 2.019207e+02 2.024083e+02 2.028844e+02 2.033604e+02 2.038248e+02 2.043124e+02 2.047884e+02 2.052644e+02 2.057288e+02 2.062164e+02 2.066924e+02 2.071684e+02 2.076444e+02 2.081205e+02 2.085965e+02 2.090725e+02 2.095369e+02 2.100129e+02 2.104889e+02 2.109533e+02 2.114409e+02 2.119285e+02 2.124045e+02 2.128805e+02 2.133566e+02 2.138442e+02 2.143202e+02 2.147962e+02 2.152722e+02 2.157482e+02 2.162242e+02 2.167002e+02 2.171762e+02 2.176638e+02 2.181283e+02 2.186043e+02 2.190803e+02 2.195563e+02 2.200323e+02 2.205083e+02 2.209843e+02 2.214719e+02 2.219479e+02 2.224239e+02 2.228999e+02 2.23376e+02 2.23852e+02 2.243396e+02 2.247924e+02 2.252336e+02 2.256747e+02 2.261159e+02 2.265571e+02 2.269983e+02 2.274511e+02 2.279039e+02 2.283566e+02 2.287978e+02 2.292506e+02 ) .

_:171d5ae8-6793-4831-bb33-0753c2861893 a essentia:Mean ;
    afo:value 2.939656e+00 .

_:178f3011-45bd-4de3-aecc-2157cb45893e a essentia:SecondDerivativeVariance ;
    afo:value 0 .

_:17ddd0c2-2624-4cd7-a728-21f4d378f172 a essentia:Median ;
    afo:value 4.710498e-01 .

_:1846dab0-a081-4600-807a-e6a91f9db476 a essentia:SecondDerivativeMean ;
    afo:value 1.345158e+02 .

_:188e8e10-95d6-413a-89d7-5a008db15482 a essentia:Minimum ;
    afo:value 0 .

_:18d8f6e7-e13e-4f90-b056-36a1357113dc a essentia:DerivativeMean ;
    afo:value 1.278917e-01 .

_:19303963-acca-4e3b-a65e-1541b577b522 a essentia:Minimum ;
    afo:value 1.017113e-06 .

_:1ac2cdfe-18a8-4493-9c77-8edac69d08fa a essentia:SecondDerivativeVariance ;
    afo:value 4.333561e+01 .

_:1aec4a43-714c-49ec-b7b9-01e25a8a1ce8 a essentia:DerivativeVariance ;
    afo:value 3.631443e-01 .

_:1b648efc-8645-4eb1-b411-bb130ce61cd9 a essentia:RMS ;
    event:time _:6f93cd32-e254-4084-b3f5-73fadce575a6 ;
    afo:computed_by _:LowLevelExtractor ;
    afo:feature _:1089cf08-5a5c-4f58-9cb3-8888ec7933b4,
        [ a essentia:SecondDerivativeMean ;
            afo:value 2.512236e-03 ],
        [ a essentia:DerivativeVariance ;
            afo:value 4.521114e-06 ],
        [ a essentia:SecondDerivativeVariance ;
            afo:value 1.104004e-05 ],
        [ a essentia:Maximum ;
            afo:value 2.300003e-02 ],
        [ a essentia:Mean ;
            afo:value 7.198421e-03 ],
        [ a essentia:Median ;
            afo:value 7.328994e-03 ],
        [ a essentia:Variance ;
            afo:value 1.121245e-05 ],
        [ a essentia:Minimum ;
            afo:value 3.330213e-12 ] .

_:1b6d6866-2970-4c80-b02d-a5ce03c33d2d a essentia:Maximum ;
    afo:values ( 1.675408e+01 5.094758e+01 9.618402e+01 3.14163e+02 3.377757e+02 8.788743e+02 8.938195e+02 1.460748e+03 1.777859e+03 1.872128e+03 2.004198e+03 1.069902e+03 1.152791e+03 9.574697e+02 1.994988e+03 1.405378e+03 4.514937e+02 4.192386e+02 6.279572e+02 3.727612e+02 2.4206e+02 6.747844e+02 2.150221e+02 3.151299e+02 2.459826e+02 3.352277e+02 2.681368e+02 1.047847e+02 8.937961e+01 6.450333e+01 3.364293e+01 1.209229e+01 8.814338e+00 9.503399e-01 5.326895e-01 2.5191e+00 2.331556e+00 2.242054e+00 2.20732e+00 2.406339e-01 ) .

_:1bae2e9b-ba84-428e-a79b-7a13c071351a a essentia:Maximum ;
    afo:value 22050 .

_:1d7b8a0c-76eb-466d-97b9-9c8c2755e145 rdf:first 1.11347e-02 ;
    rdf:rest ( 1.565574e-02 2.305624e-03 2.148188e-03 2.72197e-03 2.104174e-03 1.660818e-03 6.11505e-04 7.604277e-04 4.153315e-04 3.384308e-04 3.010814e-04 2.153464e-04 1.904195e-04 2.03305e-04 1.667134e-04 1.349414e-04 1.002256e-04 1.082795e-04 7.745175e-05 5.731574e-05 3.954375e-05 1.921489e-05 1.340422e-05 3.593031e-06 2.924544e-05 3.186058e-04 ) .

_:1e472a41-3922-4b53-bd41-e3788e3a7fd8 a essentia:SecondDerivativeMean ;
    afo:values ( 8.925676e-02 8.702397e-02 6.694385e-02 5.016442e-02 3.825713e-02 5.051485e-02 ) .

_:1f2701f2-83b4-408b-9a81-1a4fd9b6e318 a essentia:Variance ;
    afo:value 1.4049e-01 .

_:1f2ebfe3-98e0-47b5-a908-08f1bd817145 a essentia:SecondDerivativeMean ;
    afo:value 7.919852e-01 .

_:203e8171-3a37-4484-9310-30aa98ad2d82 rdf:first 13 ;
    rdf:rest ( 13 ) .

_:21f8283d-0ac5-4e49-8ff2-5d244bb9c53c rdf:first 13 ;
    rdf:rest ( 13 ) .

_:21fe1879-819a-4a50-a932-1efc9012ce81 a essentia:SecondDerivativeVariance ;
    afo:value 4.261497e-03 .

_:223ad81b-b6bf-48db-af9b-16b105593db3 a essentia:DerivativeMean ;
    afo:value 7.009954e+00 .

_:2293f456-8e77-4ce4-9c56-7733828abb93 rdf:first 5.146799e-03 ;
    rdf:rest ( 7.415735e-05 1.443854e-06 3.305155e-07 1.352098e-07 1.481256e-04 ) .

_:23b83f4b-65dc-4bc5-9370-beb50faa8264 a essentia:DerivativeVariance ;
    afo:value 9.004321e+04 .

_:23d94eb9-3504-4237-af85-2faa94d5b288 a essentia:Mean ;
    afo:value 1.19087e+04 .

_:23e7c961-99d5-4e57-a9f2-329550f180cc a essentia:Crest ;
    afo:feature _:0ea19f94-125b-495e-a131-2059680ca40f,
        [ a essentia:Median ;
            afo:value 1.116714e+01 ],
        [ a essentia:Maximum ;
            afo:value 2.691883e+01 ],
        [ a essentia:DerivativeMean ;
            afo:value 3.130277e+00 ],
        [ a essentia:Variance ;
            afo:value 1.94378e+01 ],
        [ a essentia:SecondDerivativeVariance ;
            afo:value 1.847934e+01 ],
        [ a essentia:Minimum ;
            afo:value 2.618584e+00 ],
        [ a essentia:Mean ;
            afo:value 1.167761e+01 ],
        [ a essentia:DerivativeVariance ;
            afo:value 7.083026e+00 ] .

_:23f07205-0127-4341-80a3-e8e1f4f94b83 a essentia:DerivativeVariance ;
    afo:value 6.510181e-04 .

_:24c0895e-cbef-41dc-ac17-fc63da20aa72 a essentia:Mean ;
    afo:values ( 7.344404e-03 2.903389e-03 1.354277e-03 9.949098e-04 8.101356e-04 6.661409e-04 5.723804e-04 2.852449e-04 1.636424e-04 1.532558e-04 9.950298e-05 7.782274e-05 6.586409e-05 5.715982e-05 3.605891e-05 3.276763e-05 2.586354e-05 2.686296e-05 2.583056e-05 1.930468e-05 1.551e-05 1.135416e-05 8.345833e-06 7.741341e-06 8.021514e-06 6.068159e-06 5.394493e-06 4.141802e-06 3.020585e-06 2.477715e-06 2.205315e-06 1.734605e-06 1.177097e-06 7.780349e-07 5.164745e-07 4.042184e-07 2.990138e-07 1.982523e-07 9.863014e-08 3.701055e-08 ) .

_:259e76b9-6a6b-4f71-9617-4d5c1e249b07 a essentia:SilenceRate ;
    event:time _:6f93cd32-e254-4084-b3f5-73fadce575a6 ;
    afo:computed_by _:LowLevelExtractor ;
    afo:feature _:13af5d0e-1623-49ce-b895-50f445afc37f,
        _:18d8f6e7-e13e-4f90-b056-36a1357113dc,
        _:1f2701f2-83b4-408b-9a81-1a4fd9b6e318,
        [ a essentia:DerivativeVariance ;
            afo:value 1.115356e-01 ],
        [ a essentia:Median ;
            afo:value 1 ],
        [ a essentia:Maximum ;
            afo:value 1 ],
        [ a essentia:SecondDerivativeVariance ;
            afo:value 2.233025e-01 ],
        [ a essentia:Minimum ;
            afo:value 0 ],
        [ a essentia:SecondDerivativeMean ;
            afo:value 2.558092e-01 ] .

_:25fbf060-56e6-4bbb-8635-d4945d72e800 a essentia:BarkBands ;
    event:time _:6f93cd32-e254-4084-b3f5-73fadce575a6 ;
    afo:computed_by _:LowLevelExtractor ;
    afo:feature _:071b7555-5265-47f6-9198-ea495cc698fd,
        _:1587861e-a2f2-4e26-9493-437a36af4a94,
        [ a essentia:Median ;
            afo:values ( 5.993995e-03 1.024869e-02 1.475277e-03 1.062013e-03 2.191816e-03 1.514485e-03 8.313186e-04 2.512074e-04 4.30055e-04 2.027604e-04 1.797787e-04 1.873464e-04 1.56562e-04 1.382892e-04 1.716628e-04 1.34386e-04 7.311009e-05 6.446051e-05 5.393162e-05 4.054531e-05 3.288087e-05 2.34881e-05 1.220401e-05 6.379257e-06 1.910424e-06 1.395208e-05 4.0264e-04 ) ],
        [ a essentia:DerivativeVariance ;
            afo:values ( 5.795741e-04 9.64255e-04 1.630328e-05 1.692654e-05 2.934151e-05 2.11809e-05 1.933011e-05 4.417892e-06 4.412981e-06 1.07558e-06 8.182893e-07 8.317222e-07 1.824422e-07 1.379504e-07 1.191185e-07 7.177988e-08 2.349682e-07 3.67296e-08 5.507333e-08 2.909809e-08 1.596496e-08 6.669932e-09 1.50712e-09 8.73468e-10 3.317107e-11 4.314491e-09 2.960445e-07 ) ],
        [ a essentia:Minimum ;
            afo:values ( 5.998305e-23 3.536179e-23 7.320195e-24 2.406506e-23 2.701306e-23 1.877739e-23 5.832219e-23 7.170828e-23 1.33052e-22 1.088457e-22 2.053027e-23 1.121631e-22 1.458061e-22 1.041201e-22 1.246928e-22 1.096413e-22 1.268014e-22 3.680791e-22 3.566225e-22 5.698926e-22 5.028756e-22 6.627081e-22 4.705292e-22 8.557426e-22 1.050274e-21 1.964264e-21 2.40442e-21 ) ],
        [ a essentia:Mean ;
            afo:values ( 1.190033e-02 1.935377e-02 3.279448e-03 2.870866e-03 4.476918e-03 3.421559e-03 2.798324e-03 7.944323e-04 1.109226e-03 5.803808e-04 4.763703e-04 4.59583e-04 3.396691e-04 2.912179e-04 3.270555e-04 2.705379e-04 1.810545e-04 1.625717e-04 1.775885e-04 1.399842e-04 1.048468e-04 7.53389e-05 3.369002e-05 1.991026e-05 4.212885e-06 4.975807e-05 9.258263e-04 ) ],
        [ a essentia:Variance ;
            afo:values ( 4.923852e-04 8.018593e-04 3.350118e-05 2.667855e-05 5.888549e-05 4.393584e-05 5.035019e-05 5.850722e-06 6.885573e-06 1.570524e-06 1.139025e-06 1.293486e-06 3.364203e-07 2.242135e-07 2.215684e-07 1.385388e-07 1.71914e-07 6.64362e-08 1.109687e-07 7.980005e-08 4.328462e-08 2.151403e-08 3.708931e-09 1.517629e-09 3.92639e-11 8.432498e-09 1.733928e-06 ) ],
        [ a essentia:DerivativeMean ;
            afo:values _:1d7b8a0c-76eb-466d-97b9-9c8c2755e145 ],
        [ a essentia:Maximum ;
            afo:values ( 2.642399e-01 2.751265e-01 8.998465e-02 1.013002e-01 1.587559e-01 1.172889e-01 1.148133e-01 8.828497e-02 5.321494e-02 3.160053e-02 3.174652e-02 5.953363e-02 9.960392e-03 1.079556e-02 1.094503e-02 5.01069e-03 9.963686e-03 3.707767e-03 5.485957e-03 6.907018e-03 4.185624e-03 2.138497e-03 1.322514e-03 4.375212e-04 7.676495e-05 9.578205e-04 1.253574e-02 ) ] .

_:269d1663-6b06-496c-ad92-f0d46df2794a a essentia:Centroid ;
    event:time _:6f93cd32-e254-4084-b3f5-73fadce575a6 ;
    afo:computed_by _:LowLevelExtractor ;
    afo:feature _:03987b12-b165-4a99-bb8c-06dac423b526,
        _:23b83f4b-65dc-4bc5-9370-beb50faa8264,
        [ a essentia:SecondDerivativeMean ;
            afo:value 3.265028e+02 ],
        [ a essentia:Median ;
            afo:value 7.293253e+02 ],
        [ a essentia:DerivativeMean ;
            afo:value 2.274691e+02 ],
        [ a essentia:Mean ;
            afo:value 9.22606e+02 ],
        [ a essentia:Maximum ;
            afo:value 1.087686e+04 ],
        [ a essentia:Variance ;
            afo:value 4.213596e+05 ],
        [ a essentia:Minimum ;
            afo:value 6.399695e+01 ] .

_:2827da97-138c-4c44-b5c3-067a9b771fe5 a essentia:Minimum ;
    afo:value 6.502187e-03 .

_:282ba074-c21c-468f-affa-308b0fc79b39 a essentia:GFCC ;
    event:time _:6f93cd32-e254-4084-b3f5-73fadce575a6 ;
    afo:computed_by _:LowLevelExtractor ;
    afo:feature _:011111c8-8965-414f-9816-6e215a20ba88,
        [ a essentia:Covariance ;
            afo:dimensions ( 13 13 ) ;
            afo:values ( 1.966549e+04 -5.426994e+02 -2.05165e+03 -3.53576e+01 6.925384e+01 -4.054164e+02 1.98564e+02 -2.169755e+02 2.140199e+02 1.224625e+02 -9.717764e+01 3.607139e+02 -2.799886e+02 -5.426994e+02 1.331115e+03 3.953137e+02 -3.532559e+02 -1.848102e+01 1.447081e+01 1.125e+01 -5.358627e+01 9.079633e+00 -2.532899e+01 5.761262e+01 -1.094389e+02 1.297198e+02 -2.05165e+03 3.953137e+02 7.576235e+02 8.773972e+01 -5.598318e+01 7.487354e+01 -6.715141e+01 6.092462e+01 -3.386233e+01 -1.2288e+01 7.124523e+00 -7.517974e+01 5.759074e+01 -3.53576e+01 -3.532559e+02 8.773972e+01 4.34894e+02 1.195064e+02 2.36631e+01 1.270235e+01 2.255812e+01 -2.554351e+01 -1.791569e+00 -3.275808e+01 3.421092e+01 -4.995045e+01 6.925384e+01 -1.848102e+01 -5.598318e+01 1.195064e+02 2.635017e+02 7.378928e+01 6.475058e+01 -4.211216e+01 2.637232e+01 -9.209919e+00 2.147058e+01 1.716728e+01 1.202291e+00 -4.054164e+02 1.447081e+01 7.487354e+01 2.36631e+01 7.378928e+01 2.181468e+02 1.223666e+01 5.716129e+01 -2.816962e+01 1.700732e+01 1.693875e+01 8.054963e-01 1.817031e+01 1.98564e+02 1.125e+01 -6.715141e+01 1.270235e+01 6.475058e+01 1.223666e+01 1.69448e+02 1.651997e+01 5.902289e+01 4.401647e+00 1.904321e+01 2.331463e+01 7.689673e-02 -2.169755e+02 -5.358627e+01 6.092462e+01 2.255812e+01 -4.211216e+01 5.716129e+01 1.651997e+01 1.636072e+02 3.65973e+01 2.671367e+01 1.78125e+00 -1.966141e+00 1.021867e+01 2.140199e+02 9.079633e+00 -3.386233e+01 -2.554351e+01 2.637232e+01 -2.816962e+01 5.902289e+01 3.65973e+01 1.35578e+02 4.520785e+01 1.376678e+01 1.625895e+01 -9.870886e+00 1.224625e+02 -2.532899e+01 -1.2288e+01 -1.791569e+00 -9.209919e+00 1.700732e+01 4.401647e+00 2.671367e+01 4.520785e+01 7.438198e+01 3.68938e+01 1.387243e+01 2.50728e+00 -9.717764e+01 5.761262e+01 7.124523e+00 -3.275808e+01 2.147058e+01 1.693875e+01 1.904321e+01 1.78125e+00 1.376678e+01 3.68938e+01 7.545392e+01 3.526986e+01 2.772687e+01 3.607139e+02 -1.094389e+02 -7.517974e+01 3.421092e+01 1.716728e+01 8.054963e-01 2.331463e+01 -1.966141e+00 1.625895e+01 1.387243e+01 3.526986e+01 8.957849e+01 1.813468e+01 -2.799886e+02 1.297198e+02 5.759074e+01 -4.995045e+01 1.202291e+00 1.817031e+01 7.689673e-02 1.021867e+01 -9.870886e+00 2.50728e+00 2.772687e+01 1.813468e+01 8.625628e+01 ) ],
        [ a essentia:InverseCovariance ;
            afo:dimensions _:0e5d1598-9121-4002-af7b-51213d67f004 ;
            afo:values ( 9.222569e-05 -1.547221e-04 2.271679e-04 -9.305331e-06 -7.531424e-05 1.438006e-04 -1.501786e-05 -7.946634e-05 1.894004e-04 -4.718783e-04 5.593197e-04 -6.006437e-04 3.370527e-04 -1.547221e-04 1.990564e-03 -1.282753e-03 1.267979e-03 -2.60779e-04 -1.299847e-04 -4.737373e-04 8.930707e-04 -7.435809e-04 1.425454e-03 -1.951848e-03 2.788897e-03 -2.064896e-03 2.271679e-04 -1.282753e-03 3.736974e-03 -3.176169e-03 2.715032e-03 -1.753134e-03 1.38447e-03 3.706067e-04 -2.561651e-03 2.734468e-03 -2.667954e-03 2.38562e-03 -1.398116e-03 -9.305331e-06 1.267979e-03 -3.176169e-03 7.696469e-03 -6.388321e-03 3.719627e-03 -1.657981e-03 -2.994039e-03 6.888233e-03 -7.478422e-03 8.103744e-03 -6.571466e-03 4.084484e-03 -7.531424e-05 -2.60779e-04 2.715032e-03 -6.388321e-03 1.182338e-02 -6.896777e-03 2.919207e-04 5.957678e-03 -9.719986e-03 1.107529e-02 -1.054797e-02 7.654014e-03 -4.435321e-03 1.438006e-04 -1.299847e-04 -1.753134e-03 3.719627e-03 -6.896777e-03 1.012011e-02 -1.580807e-03 -5.6682e-03 9.045793e-03 -9.44114e-03 6.774773e-03 -5.550932e-03 2.922889e-03 -1.501786e-05 -4.737373e-04 1.38447e-03 -1.657981e-03 2.919207e-04 -1.580807e-03 8.813283e-03 -2.76244e-04 -5.563177e-03 5.407181e-03 -4.339963e-03 9.088325e-04 -4.568004e-04 -7.946634e-05 8.930707e-04 3.706067e-04 -2.994039e-03 5.957678e-03 -5.6682e-03 -2.76244e-04 1.154442e-02 -7.723188e-03 4.285562e-03 -4.286979e-03 5.460806e-03 -4.61715e-03 1.894004e-04 -7.435809e-04 -2.561651e-03 6.888233e-03 -9.719986e-03 9.045793e-03 -5.563177e-03 -7.723188e-03 2.341241e-02 -2.069694e-02 1.498916e-02 -1.186406e-02 7.539131e-03 -4.718783e-04 1.425454e-03 2.734468e-03 -7.478422e-03 1.107529e-02 -9.44114e-03 5.407181e-03 4.285562e-03 -2.069694e-02 4.090161e-02 -2.894651e-02 1.547946e-02 -6.017004e-03 5.593197e-04 -1.951848e-03 -2.667954e-03 8.103744e-03 -1.054797e-02 6.774773e-03 -4.339963e-03 -4.286979e-03 1.498916e-02 -2.894651e-02 4.244408e-02 -2.276566e-02 4.156151e-03 -6.006437e-04 2.788897e-03 2.38562e-03 -6.571466e-03 7.654014e-03 -5.550932e-03 9.088325e-04 5.460806e-03 -1.186406e-02 1.547946e-02 -2.276566e-02 3.115021e-02 -1.216603e-02 3.370527e-04 -2.064896e-03 -1.398116e-03 4.084484e-03 -4.435321e-03 2.922889e-03 -4.568004e-04 -4.61715e-03 7.539131e-03 -6.017004e-03 4.156151e-03 -1.216603e-02 2.134456e-02 ) ] .

_:28ac3386-0e85-4416-99f6-dd2f6fae9096 a essentia:HPCP ;
    event:time _:6f93cd32-e254-4084-b3f5-73fadce575a6 ;
    afo:computed_by _:LowLevelExtractor ;
    afo:feature [ a essentia:DerivativeMean ;
