@prefix afo: <https://w3id.org/afo/onto/1.1#> .
@prefix dc: <http://purl.org/dc/elements/1.1/> .
@prefix essentia: <http://sovarr.c4dm.eecs.qmul.ac.uk/af/essentia/> .
@prefix event: <http://purl.org/NET/c4dm/event.owl#> .
@prefix foaf: <http://xmlns.com/foaf/0.1/> .
@prefix mo: <http://purl.org/ontology/mo/> .
@prefix rdf: <http://www.w3.org/1999/02/22-rdf-syntax-ns#> .
@prefix rdfs: <http://www.w3.org/2000/01/rdf-schema#> .
@prefix tl: <http://purl.org/NET/c4dm/timeline.owl#> .
@prefix xml: <http://www.w3.org/XML/1998/namespace> .
@prefix xsd: <http://www.w3.org/2001/XMLSchema#> .

<http://musicbrainz.org/release/dce9715e-fc82-4df3-aefe-066d0c33d4a3> a mo:Release ;
    dc:date "1982" ;
    dc:title "Busy Bee Cafe" ;
    mo:publisher [ a mo:Label ] ;
    mo:release_type mo:album ;
    mo:track <http://musicbrainz.org/recording/0c36888f-8add-4c61-a34f-a560c64792e3> ;
    foaf:maker <http://musicbrainz.org/artist/0ceb7e7d-3866-44aa-b8be-9a9f69004236> .

<Marty+Stuart+-+I+Don't+Love+Nobody.mp3> a mo:AudioFile ;
    mo:encodes [ a essentia:Signal ;
            mo:sample_rate "44100"^^xsd:interger ;
            mo:time _:da12e254-e447-4a0f-94d8-0f590ccb9036 ;
            essentia:bit_rate "128000"^^xsd:float ;
            essentia:codec "mp3"^^xsd:string ;
            essentia:downmix "mix"^^xsd:string ;
            essentia:equal_loudness "0"^^xsd:float ;
            essentia:lossless false ;
            essentia:md5_encoded "ce36e19a3578d2026d193b4ebddf8459"^^xsd:string ;
            essentia:replay_gain "-6.50963783264"^^xsd:float ] .

<http://musicbrainz.org/artist/0ceb7e7d-3866-44aa-b8be-9a9f69004236> a mo:MusicArtist ;
    foaf:name "Marty Stuart" .

<http://musicbrainz.org/recording/0c36888f-8add-4c61-a34f-a560c64792e3> a mo:Track ;
    dc:title "I Don't Love Nobody" ;
    mo:available_as <Marty+Stuart+-+I+Don't+Love+Nobody.mp3> ;
    mo:genre [ a mo:Genre ;
            rdfs:label "Bluegrass" ] ;
    mo:track_number "03" .

[] a essentia:VersionInfo .

_:00300798-3af6-4d25-8dd3-115baff4268c rdf:first 8.987072e-02 ;
    rdf:rest ( 7.380967e-02 6.690159e-02 6.327441e-02 5.406791e-02 5.029597e-02 ) .

_:005cf49c-6a1d-489d-b517-5d744fa13b69 a essentia:Minimum ;
    afo:value 136 .

_:00b09810-6482-4f1f-95ee-7c5d7fcb3805 a essentia:ERBBands ;
    event:time _:da12e254-e447-4a0f-94d8-0f590ccb9036 ;
    afo:computed_by _:LowLevelExtractor ;
    afo:feature [ a essentia:FlatnessDB ;
            afo:feature [ a essentia:Mean ;
                    afo:value 1.743761e-01 ],
                [ a essentia:Median ;
                    afo:value 1.686632e-01 ],
                [ a essentia:Variance ;
                    afo:value 2.058917e-03 ],
                [ a essentia:DerivativeVariance ;
                    afo:value 4.040843e-04 ],
                [ a essentia:DerivativeMean ;
                    afo:value 2.233056e-02 ],
                [ a essentia:Maximum ;
                    afo:value 3.685443e-01 ],
                [ a essentia:SecondDerivativeMean ;
                    afo:value 3.22449e-02 ],
                [ a essentia:SecondDerivativeVariance ;
                    afo:value 8.386969e-04 ],
                [ a essentia:Minimum ;
                    afo:value 5.133823e-02 ] ] .

_:00dae031-35d5-4a4d-a3f4-5af37295babb a essentia:Minimum ;
    afo:values ( 1.014283e-02 7.39704e-03 3.648289e-03 2.165756e-04 2.631463e-05 9.994926e-06 ) .

_:0132a24e-4217-4167-9809-be6a708750a2 a essentia:Median ;
    afo:value 1.642229e-01 .

_:0212290a-d384-4681-afa2-1e60d34655ce a essentia:DerivativeVariance ;
    afo:value 7.762769e+01 .

_:02763ec2-78f5-4aaf-b6a9-f70373a15032 a essentia:DerivativeVariance ;
    afo:value 6.062625e-05 .

_:030dcdf8-7b67-4ef5-9d3c-d1741f3643ed rdf:first 5.414752e-02 ;
    rdf:rest ( 4.538441e-02 4.392713e-02 4.162692e-02 3.673998e-02 3.400239e-02 ) .

_:047a412a-0a72-456c-a115-96c1497788bb a essentia:Variance ;
    afo:value 1.298856e+02 .

_:048a15a9-4560-4027-ae9d-2188e35a60e6 a essentia:Median ;
    afo:value 2.533333e-01 .

_:04af9c86-b893-4933-a47b-1dff00f833e2 rdf:first 1.079777e-10 ;
    rdf:rest ( 9.54574e-05 6.795884e-05 1.092865e-04 1.919854e-04 3.243224e-06 4.200343e-06 4.727707e-07 3.976789e-07 1.333992e-05 8.302804e-07 2.247272e-05 1.030757e-06 1.729212e-07 5.264793e-07 2.204195e-07 1.067072e-06 1.744379e-07 3.601088e-08 2.497563e-08 1.190877e-08 2.120593e-08 5.116079e-09 2.67645e-08 7.43146e-09 9.956128e-10 5.799418e-11 ) .

_:057701b1-50c0-44a8-a71a-2a15c749065b a essentia:SecondDerivativeVariance ;
    afo:value 7.296775e+00 .

_:05e2ec35-22c5-44ed-90e7-651149720e5d a essentia:SecondDerivativeMean ;
    afo:value 4.652508e-02 .

_:0628b9a0-c1e7-433d-b4de-edca799d010d a essentia:Median ;
    afo:values ( -5.866485e-01 -7.10939e-01 -7.449677e-01 -7.335563e-01 -7.506692e-01 -7.666967e-01 ) .

_:06bdd434-97cb-4307-a890-ab9a5f8f086f a essentia:Minimum ;
    afo:value 3.176651e-12 .

_:0708115e-013b-44d7-afd3-745781091490 a essentia:Mean ;
    afo:value -8.392272e-09 .

_:0719e3dd-de92-4542-be16-205785e4e80a rdf:first 9.022281e-11 ;
    rdf:rest ( 3.629351e-05 3.367983e-05 6.427426e-05 6.418237e-05 1.574895e-06 2.002957e-06 1.164055e-07 1.463104e-07 4.506623e-06 2.53853e-07 1.063781e-05 4.30827e-07 9.233065e-08 2.367624e-07 9.796521e-08 3.193421e-07 5.272338e-08 1.657287e-08 1.373795e-08 6.346025e-09 1.034592e-08 2.622816e-09 1.126276e-08 5.439609e-09 8.171539e-10 3.784234e-11 ) .

_:07fefc91-a90f-4468-bbce-7870a4c6ee53 a essentia:Maximum ;
    afo:value 4.232284e-01 .

_:0867587b-1b9f-4258-82a7-5ccf8c31e525 a essentia:SecondDerivativeVariance ;
    afo:value 0 .

_:08eedab8-d1d9-4c96-8b80-154c262cecf0 a essentia:DerivativeVariance ;
    afo:value 0 .

_:08f24d94-61b4-4074-a0c9-ba27728f992a a essentia:Variance ;
    afo:value 4.491112e-04 .

_:094eabab-368b-4e67-800a-ad9d3b2553ae a essentia:Minimum ;
    afo:value 4.882812e-04 .

_:0a040304-a171-4008-b6cc-536a311fb6c1 a essentia:Minimum ;
    afo:value 1.957284e-06 .

_:0a272304-41e7-4ba5-be9e-a1fe688d66bc a essentia:DerivativeVariance ;
    afo:value 1.146776e-06 .

_:0ab2a278-ff71-4e6d-a7c3-621b65fcfd14 a essentia:SecondDerivativeMean ;
    afo:value 4.121755e+00 .

_:0abd0cbe-0ad2-4dcd-a8c0-7d885d63fe86 a essentia:SecondDerivativeMean ;
    afo:value 1.184331e+00 .

_:0b318442-50b0-4b50-a065-fd689c2dbcd1 a essentia:Variance ;
    afo:value 1.25139e+01 .

_:0c0165e3-cfee-4ca5-afd9-c31c3f0966e3 a essentia:SecondDerivativeMean ;
    afo:value 4.378779e-02 .

_:0c3a01cf-b47a-4752-807e-080c93bc9736 a essentia:Mean ;
    afo:value 1.892447e-01 .

_:0c67064f-6ccd-4a7f-87e4-e4d15be81d1b a essentia:SecondDerivativeMean ;
    afo:value 6.585745e+00 .

_:0cccb31f-0aff-48db-bc47-68528b1ab653 a essentia:Median ;
    afo:values ( 3.79813e-02 2.826588e-02 1.342525e-02 6.631535e-03 6.412102e-03 1.972668e-02 3.147275e-02 4.101103e-02 7.921227e-02 1.05249e-01 5.515661e-02 1.247186e-02 6.690587e-03 5.715813e-03 1.659032e-02 3.468543e-02 3.218479e-02 1.580241e-02 1.047102e-02 1.399576e-02 6.473891e-02 1.058482e-01 6.994773e-02 1.856022e-02 8.700429e-03 4.108436e-03 5.007895e-03 5.748267e-03 8.933474e-03 7.141833e-02 1.641599e-01 1.189134e-01 1.853365e-02 7.899852e-03 7.228826e-03 2.491396e-02 ) .

_:0d2eedaa-3bcb-42a3-b715-81368e225107 a essentia:Maximum ;
    afo:value 9.655009e+01 .

_:0d8674c9-6215-4def-a187-121ab38d9af6 rdf:first 3.043198e-06 ;
    rdf:rest ( 2.004935e-05 1.821939e-05 1.139961e-05 9.352292e-07 1.049436e-07 1.68505e-07 6.401584e-08 1.578352e-08 6.11963e-09 1.71008e-08 3.893772e-07 1.27082e-08 2.277781e-07 1.263512e-07 1.224862e-08 1.56249e-09 1.610975e-09 3.609446e-09 2.387082e-09 2.808604e-09 2.429989e-09 1.227294e-09 2.590194e-10 6.546994e-11 5.906067e-11 3.092195e-11 3.328293e-11 1.157812e-11 1.184934e-11 7.157285e-12 1.834503e-11 3.469621e-12 2.571225e-12 2.107834e-12 2.838379e-12 7.536038e-12 3.441109e-12 4.650826e-12 7.734751e-13 ) .

_:0dd72d24-4ed0-41a5-bbdf-ac3e7a514d18 a essentia:DerivativeVariance ;
    afo:value 3.459537e-04 .

_:0e037dfa-3e3c-49f3-8990-5366a6e3f10f a essentia:Centroid ;
    event:time _:da12e254-e447-4a0f-94d8-0f590ccb9036 ;
    afo:computed_by _:LowLevelExtractor ;
    afo:feature [ a essentia:SecondDerivativeVariance ;
            afo:value 1.028282e+05 ],
        [ a essentia:Maximum ;
            afo:value 1.148963e+04 ],
        [ a essentia:SecondDerivativeMean ;
            afo:value 2.689146e+02 ],
        [ a essentia:Minimum ;
            afo:value 1.32757e+02 ],
        [ a essentia:Variance ;
            afo:value 2.068403e+05 ],
        [ a essentia:DerivativeVariance ;
            afo:value 4.803089e+04 ],
        [ a essentia:DerivativeMean ;
            afo:value 1.694608e+02 ],
        [ a essentia:Mean ;
            afo:value 7.125704e+02 ],
        [ a essentia:Median ;
            afo:value 6.073165e+02 ] .

_:0e19a070-78bb-4d30-877a-63922ccbfb2f a essentia:Variance ;
    afo:value 9.659922e-01 .

_:0e292cc7-c2dd-44a4-a03a-fe274d193a80 a essentia:Maximum ;
    afo:value 4.579383e-01 .

_:0e9a6341-abf5-4d37-8b79-ca76ec00a033 a essentia:ChordsScale ;
    event:time _:da12e254-e447-4a0f-94d8-0f590ccb9036 ;
    afo:value "major" .

_:0f0dde20-0138-48a4-b6c9-442098740c38 a essentia:Mean ;
    afo:value 1.476004e+01 .

_:0fc1700e-66d1-4ed9-85d9-4bb6ca5aa43c a essentia:DerivativeVariance ;
    afo:value 3.329111e-01 .

_:0fe81d06-4c60-49d5-938c-bf5ce5330f2c a essentia:SecondDerivativeMean ;
    afo:values ( 1.144486e-05 5.590621e-03 6.307134e-03 5.774553e-03 7.190119e-03 1.286348e-03 9.517616e-04 3.004968e-04 2.600003e-04 6.344211e-04 2.938471e-04 7.754377e-04 4.29634e-04 1.611799e-04 3.11856e-04 2.07685e-04 2.522536e-04 8.535972e-05 8.81181e-05 7.298312e-05 4.689096e-05 5.127165e-05 2.507302e-05 3.478498e-05 3.085322e-05 1.235933e-05 1.542386e-06 ) .

_:10b31afb-ab9f-447d-b043-b2d1e16801ab a essentia:Median ;
    afo:value 3.534072e+01 .

_:10d9dbee-fee9-4014-8bd9-ff4a584538c5 a essentia:InverseCovariance ;
    afo:dimensions ( 13 13 ) ;
    afo:values ( 2.164949e-04 9.226038e-05 4.478033e-04 2.123369e-04 5.005035e-05 -1.909792e-04 7.075936e-05 -1.089181e-04 -1.271262e-04 -9.651466e-05 -9.323714e-06 -8.459923e-05 -1.064697e-04 9.226038e-05 8.645491e-04 4.108481e-04 1.818639e-04 -4.398568e-04 1.255123e-04 7.875358e-05 -1.570502e-04 1.552039e-04 1.695801e-04 -1.981295e-04 4.572381e-04 -2.21727e-04 4.478033e-04 4.108481e-04 2.755622e-03 1.027175e-04 -6.842565e-04 -6.064462e-04 -3.263105e-04 1.992614e-04 -2.091078e-04 1.10189e-04 -3.703956e-04 -1.460824e-04 -5.039315e-04 2.123369e-04 1.818639e-04 1.027175e-04 5.911847e-03 -1.041171e-03 -1.267477e-03 2.035933e-03 -4.60337e-04 -4.17563e-04 -8.165956e-04 -3.760125e-05 -1.832747e-04 1.934264e-04 5.005035e-05 -4.398568e-04 -6.842565e-04 -1.041171e-03 8.359637e-03 -1.57308e-03 1.567687e-04 9.178407e-04 2.058399e-04 -7.789555e-04 -1.008429e-03 -1.452065e-03 -4.950638e-04 -1.909792e-04 1.255123e-04 -6.064462e-04 -1.267477e-03 -1.57308e-03 1.085631e-02 -1.32055e-03 -6.956995e-04 5.63356e-04 -7.560223e-04 -2.936314e-04 2.479969e-04 5.075607e-04 7.075936e-05 7.875358e-05 -3.263105e-04 2.035933e-03 1.567687e-04 -1.32055e-03 1.046948e-02 -3.249461e-03 1.968458e-03 -1.191199e-04 2.638019e-04 -9.274341e-04 1.973483e-03 -1.089181e-04 -1.570502e-04 1.992614e-04 -4.60337e-04 9.178407e-04 -6.956995e-04 -3.249461e-03 1.267093e-02 -2.355271e-03 1.676487e-03 -4.467714e-04 -2.450889e-04 -5.166744e-04 -1.271262e-04 1.552039e-04 -2.091078e-04 -4.17563e-04 2.058399e-04 5.63356e-04 1.968458e-03 -2.355271e-03 1.11685e-02 -2.301712e-03 3.91967e-03 -7.197524e-04 3.167894e-05 -9.651466e-05 1.695801e-04 1.10189e-04 -8.165956e-04 -7.789555e-04 -7.560223e-04 -1.191199e-04 1.676487e-03 -2.301712e-03 1.180079e-02 -2.450186e-03 2.46855e-03 -4.26666e-04 -9.323714e-06 -1.981295e-04 -3.703956e-04 -3.760125e-05 -1.008429e-03 -2.936314e-04 2.638019e-04 -4.467714e-04 3.91967e-03 -2.450186e-03 1.142791e-02 -1.709054e-03 1.382412e-03 -8.459923e-05 4.572381e-04 -1.460824e-04 -1.832747e-04 -1.452065e-03 2.479969e-04 -9.274341e-04 -2.450889e-04 -7.197524e-04 2.46855e-03 -1.709054e-03 1.012353e-02 -2.24211e-03 -1.064697e-04 -2.21727e-04 -5.039315e-04 1.934264e-04 -4.950638e-04 5.075607e-04 1.973483e-03 -5.166744e-04 3.167894e-05 -4.26666e-04 1.382412e-03 -2.24211e-03 1.479786e-02 ) .

_:12118379-ad3a-4c91-a6bf-aa4d19305563 a essentia:Minimum ;
    afo:value 2.012662e+00 .

_:1220914f-c063-4061-a483-151f4218f7a8 a essentia:Mean ;
    afo:value 7.851598e-01 .

_:12264f4f-2ae4-4bb5-92ec-84a6a1784699 rdf:first 2.609144e-06 ;
    rdf:rest ( 2.314372e-05 1.817308e-05 8.77053e-06 7.022248e-07 1.17463e-07 1.694873e-07 5.458746e-08 9.541973e-09 4.029658e-09 7.028488e-09 2.0137e-07 6.638873e-09 2.178102e-07 1.216126e-07 6.997519e-09 1.691965e-09 1.595735e-09 4.041551e-09 2.118205e-09 1.314485e-09 1.070658e-09 9.020343e-10 1.968814e-10 6.130642e-11 6.541047e-11 4.066214e-11 4.655678e-11 1.447446e-11 1.633524e-11 9.059175e-12 1.742653e-11 5.155228e-12 2.859098e-12 2.046743e-12 2.173591e-12 5.759113e-12 3.781595e-12 3.343799e-12 2.122064e-12 ) .

_:1292f6d9-959f-472a-9167-b19bfa9b63dd a essentia:DerivativeMean ;
    afo:value 3.124512e-03 .

_:12bc22f1-4c4b-425f-bb95-5dae47fc97b3 a essentia:SecondDerivativeVariance ;
    afo:value 5.391968e+01 .

_:12c5db95-1d2b-4243-aba2-898df5ad8020 a essentia:DerivativeVariance ;
    afo:value 0 .

_:137d2748-d884-4c06-9ebd-72ad4aaf76e3 a essentia:DerivativeVariance ;
    afo:value 6.707779e+00 .

_:1508557f-7e1e-4f1e-82a6-e537d45d784a a essentia:Mean ;
    afo:values ( -6.832756e+02 1.586507e+02 6.065152e+00 2.53447e+01 1.682464e+01 1.292467e+01 1.483049e+00 -5.921736e-01 -4.680666e+00 -8.78369e+00 -8.914918e+00 -3.62222e+00 9.065393e-01 ) .

_:152daeec-d01c-4764-9791-53e2726b4060 a essentia:Mean ;
    afo:value 3.658839e+06 .

_:157e9db1-f79c-4dfd-b57f-1cf9a14df478 a essentia:DerivativeMean ;
    afo:value 4.365364e+00 .

_:158b989a-9463-447c-a535-cfbbe926241c a essentia:SecondDerivativeVariance ;
    afo:values ( 6.758386e-03 7.182573e+00 1.117913e+02 6.4854e+02 1.740198e+03 1.430554e+03 3.994778e+02 2.398878e+02 6.856191e+02 6.502274e+02 1.072441e+02 1.187113e+02 2.668828e+02 1.07601e+04 7.093437e+02 5.305079e+04 2.337372e+03 3.871582e+02 6.263732e+02 1.612136e+03 5.727991e+02 6.113703e+02 4.153835e+02 8.68539e+01 9.588648e+01 1.006199e+02 3.065124e+01 1.909097e+01 4.063981e+01 8.149524e+00 4.194718e+00 1.303208e+01 7.145024e+00 2.496783e+00 4.197535e-01 3.782738e-02 9.640153e-03 5.410399e-04 3.308277e-07 1.128368e-09 ) .

_:1599cd38-4674-4f97-b3a5-2266c3b174b8 a essentia:Mean ;
    afo:value 1.217975e+01 .

_:164b3add-2e45-4101-88ad-e215d81bc200 a essentia:Variance ;
    afo:value 4.683849e-04 .

_:1704ccf0-3e49-455e-9ddc-8b413c78db00 a essentia:Mean ;
    afo:values ( 5.535731e-01 3.367231e-01 7.677014e-02 8.460496e-02 4.097085e-02 1.196252e-02 ) .

_:17631018-07ef-4854-bea8-c803313504ff a essentia:Mean ;
    afo:values ( 7.844924e-06 4.4739e-03 5.86557e-03 5.009805e-03 9.523033e-03 1.586683e-03 1.142772e-03 4.196855e-04 3.658012e-04 9.288064e-04 4.024589e-04 1.038764e-03 5.03366e-04 1.92338e-04 3.798295e-04 2.549945e-04 3.10694e-04 1.047818e-04 9.740495e-05 7.624656e-05 4.803489e-05 5.200905e-05 2.437861e-05 3.294118e-05 2.195721e-05 8.512068e-06 1.046833e-06 ) .

_:178ec474-5e74-4045-8d51-41397ac2c4b1 a essentia:Median ;
    afo:value 2.42378e-03 .

_:17981ec9-6bbf-4a65-ab28-9d332348364b a essentia:Mean ;
    afo:value 4.467832e-01 .

_:179b5d93-49a5-47fe-a7ac-5c8092c49b55 a essentia:Maximum ;
    afo:value 3.034032e+01 .

_:17e47d2b-8267-40dc-ab76-5b04a0145f60 a essentia:Variance ;
    afo:value 0 .

_:180a8dbe-bf58-4a01-b9f0-6d5446c3921b a essentia:Danceability ;
    event:time _:da12e254-e447-4a0f-94d8-0f590ccb9036 ;
    afo:value 1.118251e+00 .

_:1828eb9b-d623-4d01-8984-f13a86cccbce a essentia:Median ;
    afo:value 136 .

_:1829045e-6a12-4fd6-a01f-8e3f68ee1287 a essentia:Variance ;
    afo:value 0 .

_:185f83be-c92a-4948-87b3-76e1ef95eab5 a essentia:Mean ;
    afo:value 4.979253e-01 .

_:18b7b494-8289-4a69-ba17-129aa4f90cf7 a essentia:ERBBands ;
    event:time _:da12e254-e447-4a0f-94d8-0f590ccb9036 ;
    afo:computed_by _:LowLevelExtractor ;
    afo:feature _:158b989a-9463-447c-a535-cfbbe926241c,
        [ a essentia:Variance ;
            afo:values ( 7.045228e-03 7.765892e+00 8.878178e+01 5.343138e+02 2.811856e+03 1.308333e+03 5.063035e+02 2.1199e+02 6.786151e+02 7.048541e+02 1.844785e+02 1.865834e+02 6.274005e+02 2.045938e+04 1.277673e+03 5.736058e+04 2.556534e+03 4.392029e+02 6.968127e+02 1.767288e+03 1.042435e+03 1.269419e+03 7.041115e+02 1.027395e+02 8.84962e+01 7.626939e+01 2.442046e+01 1.952403e+01 3.801334e+01 7.524035e+00 4.795375e+00 1.929841e+01 7.749232e+00 1.468433e+00 1.828784e-01 2.422995e-02 3.803833e-03 2.817936e-04 1.898879e-07 1.502968e-09 ) ],
        [ a essentia:DerivativeMean ;
            afo:values ( 2.928765e-02 9.733815e-01 4.112069e+00 8.368441e+00 1.575498e+01 1.448722e+01 8.950099e+00 6.083127e+00 8.248909e+00 7.154211e+00 3.658644e+00 4.211164e+00 4.988545e+00 1.836339e+01 8.55991e+00 2.664987e+01 1.45872e+01 5.239872e+00 6.658795e+00 1.299952e+01 6.870326e+00 7.063868e+00 4.067349e+00 2.801482e+00 2.859293e+00 2.42677e+00 1.432327e+00 1.248493e+00 1.359467e+00 6.563666e-01 4.675511e-01 5.122476e-01 3.74518e-01 2.476397e-01 1.130789e-01 3.792344e-02 1.471939e-02 3.009086e-03 7.678552e-05 1.513061e-05 ) ],
        [ a essentia:Maximum ;
            afo:values ( 1.789762e+00 6.7204e+01 1.355233e+02 9.274327e+02 1.104346e+03 4.089844e+02 4.299895e+02 3.444157e+02 3.607377e+02 5.981251e+02 2.228258e+02 1.624296e+02 5.133762e+02 3.684443e+03 6.505281e+02 8.566479e+03 8.586334e+02 3.026956e+02 5.037213e+02 8.503378e+02 1.001143e+03 1.149321e+03 7.56884e+02 1.981642e+02 1.980919e+02 1.807023e+02 1.173537e+02 7.721923e+01 1.372034e+02 6.682617e+01 6.249361e+01 1.775998e+02 1.005014e+02 3.924911e+01 1.818565e+01 4.851148e+00 1.944388e+00 4.844265e-01 1.113207e-02 9.244469e-04 ) ],
        [ a essentia:Median ;
            afo:values ( 2.13048e-02 5.780149e-01 3.092503e+00 6.835061e+00 1.481241e+01 1.82967e+01 1.29155e+01 8.1033e+00 7.122218e+00 7.149897e+00 4.403812e+00 4.532722e+00 4.905094e+00 6.736896e+00 9.754719e+00 1.08508e+01 1.2238e+01 5.03391e+00 6.36961e+00 1.0585e+01 6.02941e+00 5.206501e+00 2.781223e+00 1.947694e+00 1.87249e+00 1.287578e+00 7.440195e-01 5.896829e-01 4.869899e-01 2.8206e-01 2.013458e-01 1.399567e-01 9.276681e-02 6.786428e-02 3.189508e-02 1.018411e-02 3.250548e-03 5.515054e-04 3.052426e-05 2.966051e-05 ) ],
        [ a essentia:SecondDerivativeMean ;
            afo:values ( 4.782486e-02 1.619778e+00 6.802941e+00 1.346118e+01 2.44474e+01 2.343675e+01 1.435412e+01 9.84193e+00 1.27611e+01 1.158946e+01 5.49053e+00 6.10829e+00 7.172987e+00 2.528123e+01 1.229168e+01 3.656515e+01 2.207535e+01 8.103264e+00 1.004081e+01 1.973185e+01 1.000837e+01 1.024496e+01 5.965415e+00 4.073597e+00 4.287315e+00 3.797914e+00 2.132102e+00 1.884575e+00 2.113176e+00 1.003236e+00 7.144427e-01 7.743965e-01 5.625203e-01 3.986616e-01 1.844073e-01 5.992803e-02 2.367651e-02 4.872606e-03 1.227769e-04 2.307016e-05 ) ],
        [ a essentia:Minimum ;
            afo:values ( 6.65995e-22 2.515701e-21 1.975767e-20 3.2313e-20 5.248176e-20 2.596785e-19 8.781646e-20 2.183099e-19 5.937889e-19 4.122787e-19 6.905497e-19 4.950565e-19 1.646672e-18 1.929836e-18 2.516455e-18 2.417907e-18 3.234215e-18 2.965015e-18 3.204795e-18 3.016573e-18 6.583463e-18 8.330399e-18 1.058509e-17 1.176786e-17 1.103508e-17 1.184181e-17 1.5623e-17 1.088672e-17 1.638198e-17 1.281444e-17 1.41925e-17 2.047875e-17 1.391388e-17 1.045929e-17 7.369795e-18 5.708035e-18 2.828271e-18 1.182584e-18 2.623706e-19 2.896606e-20 ) ],
        [ a essentia:Mean ;
            afo:values ( 4.127158e-02 1.339147e+00 6.344798e+00 1.304461e+01 2.770208e+01 2.92731e+01 1.942758e+01 1.262604e+01 1.565326e+01 1.427655e+01 8.480639e+00 9.120345e+00 1.165368e+01 3.558829e+01 2.050055e+01 4.992238e+01 2.782422e+01 1.092015e+01 1.338127e+01 2.408481e+01 1.339775e+01 1.305104e+01 7.992179e+00 4.839258e+00 4.627647e+00 3.928086e+00 2.276024e+00 1.973221e+00 2.122042e+00 9.998602e-01 7.069901e-01 7.66235e-01 4.886833e-01 2.879678e-01 1.232565e-01 4.235149e-02 1.524523e-02 3.326541e-03 9.921836e-05 3.941567e-05 ) ],
        [ a essentia:DerivativeVariance ;
            afo:values ( 2.920906e-03 2.983196e+00 4.192658e+01 3.054362e+02 9.723607e+02 5.325054e+02 1.730427e+02 9.900324e+01 3.14469e+02 2.913604e+02 6.071859e+01 6.497569e+01 1.690874e+02 7.051831e+03 3.87439e+02 2.723499e+04 1.107282e+03 1.837368e+02 2.920122e+02 7.413481e+02 3.419924e+02 3.820388e+02 2.065024e+02 4.370624e+01 4.445226e+01 4.272104e+01 1.439484e+01 8.758012e+00 1.806605e+01 3.770302e+00 2.021544e+00 6.476969e+00 3.910442e+00 1.115487e+00 1.638179e-01 1.678422e-02 3.816323e-03 2.209578e-04 1.362286e-07 5.380987e-10 ) ] .

_:193c37b6-bf9b-4c4f-aff6-7f9dee1dfe0a a essentia:Maximum ;
    afo:value 1 .

_:195c1280-0dca-466d-8cb3-24d0e89e2a04 a essentia:Covariance ;
    afo:dimensions ( 13 13 ) ;
    afo:values ( 9.979193e+03 -6.715245e+02 -1.857971e+03 -4.09138e+01 3.863636e+01 1.708895e+02 7.401881e+01 9.923084e+01 -2.475996e+01 -7.11629e+01 -2.17701e+02 6.158929e+01 -7.352255e+01 -6.715245e+02 1.096189e+03 1.049414e+02 -2.14647e+02 2.373955e+02 -1.987497e+02 8.996884e+01 -1.511879e+02 1.016409e+02 -1.271488e+02 7.540148e+01 -1.14104e+02 3.407394e+01 -1.857971e+03 1.049414e+02 8.577566e+02 3.136856e+01 2.743651e+00 4.267078e+01 -6.223173e+01 5.739005e+00 -9.651367e+00 6.575806e+01 3.781335e+01 1.161187e+01 -2.262409e+01 -4.09138e+01 -2.14647e+02 3.136856e+01 2.780855e+02 -3.38069e+01 2.065039e+01 -1.447855e+01 1.004841e+01 3.508285e+01 2.734663e+01 -9.310397e+00 -4.021069e+00 5.371305e+00 3.863636e+01 2.373955e+02 2.743651e+00 -3.38069e+01 1.979919e+02 -2.63585e+01 2.340421e+01 -2.890695e+01 3.18898e+01 -2.045149e+01 1.210501e+01 -2.831526e+01 -1.815923e+01 1.708895e+02 -1.987497e+02 4.267078e+01 2.065039e+01 -2.63585e+01 1.523778e+02 9.852789e+00 3.554211e+01 -3.622712e+01 2.670266e+01 7.144911e+00 2.543568e+01 -1.390616e+01 7.401881e+01 8.996884e+01 -6.223173e+01 -1.447855e+01 2.340421e+01 9.852789e+00 1.150442e+02 2.508608e+00 5.34727e+00 -3.298261e+01 5.954819e+00 -4.694118e+00 8.704805e+00 9.923084e+01 -1.511879e+02 5.739005e+00 1.004841e+01 -2.890695e+01 3.554211e+01 2.508608e+00 1.008079e+02 -3.977166e+00 2.288484e+01 -1.343254e+01 1.87869e+01 -3.26524e+00 -2.475996e+01 1.016409e+02 -9.651367e+00 3.508285e+01 3.18898e+01 -3.622712e+01 5.34727e+00 -3.977166e+00 1.092489e+02 1.133409e+01 -5.408695e+00 -2.403248e+01 -1.649519e-01 -7.11629e+01 -1.271488e+02 6.575806e+01 2.734663e+01 -2.045149e+01 2.670266e+01 -3.298261e+01 2.288484e+01 1.133409e+01 9.324037e+01 1.334245e+01 8.311312e+00 -2.107787e+01 -2.17701e+02 7.540148e+01 3.781335e+01 -9.310397e+00 1.210501e+01 7.144911e+00 5.954819e+00 -1.343254e+01 -5.408695e+00 1.334245e+01 9.175034e+01 8.641897e+00 -1.865895e+01 6.158929e+01 -1.14104e+02 1.161187e+01 -4.021069e+00 -2.831526e+01 2.543568e+01 -4.694118e+00 1.87869e+01 -2.403248e+01 8.311312e+00 8.641897e+00 8.407715e+01 1.345259e+01 -7.352255e+01 3.407394e+01 -2.262409e+01 5.371305e+00 -1.815923e+01 -1.390616e+01 8.704805e+00 -3.26524e+00 -1.649519e-01 -2.107787e+01 -1.865895e+01 1.345259e+01 8.869399e+01 ) .

_:19bd8cc0-532e-491b-a77c-36741effeb3b rdf:first 2.099962e-04 ;
    rdf:rest ( -1.555888e-04 5.171156e-04 -9.882229e-05 -5.694267e-05 -4.429003e-04 1.875817e-04 -1.331644e-04 8.672571e-05 -1.392801e-04 5.56411e-04 -3.699307e-04 4.075524e-04 -1.555888e-04 5.11798e-03 -1.712967e-03 3.317361e-03 -2.746254e-03 3.536929e-03 -2.28287e-03 3.078254e-03 -3.530416e-03 3.936918e-03 -4.654068e-03 4.219841e-03 -3.093466e-03 5.171156e-04 -1.712967e-03 2.919836e-03 -1.1937e-03 4.082532e-04 -2.225395e-03 1.62831e-03 -1.073752e-03 1.255885e-03 -1.972363e-03 2.057585e-03 -1.952119e-03 1.701712e-03 -9.882229e-05 3.317361e-03 -1.1937e-03 6.216715e-03 -1.014453e-03 1.443331e-03 -1.167479e-03 2.141906e-03 -3.969901e-03 1.948626e-03 -2.721034e-03 3.051694e-03 -2.404901e-03 -5.694267e-05 -2.746254e-03 4.082532e-04 -1.014453e-03 7.763793e-03 -1.510596e-03 2.176388e-04 -4.925256e-04 5.28245e-05 -9.650699e-04 1.669375e-03 -1.101556e-03 2.775659e-03 -4.429003e-04 3.536929e-03 -2.225395e-03 1.443331e-03 -1.510596e-03 1.182838e-02 -3.70703e-03 1.992005e-04 6.783894e-04 5.233221e-04 -3.857662e-03 1.931932e-03 -1.443523e-03 1.875817e-04 -2.28287e-03 1.62831e-03 -1.167479e-03 2.176388e-04 -3.70703e-03 1.197025e-02 -2.699983e-03 1.829706e-04 2.390513e-03 5.347228e-04 -1.384655e-03 5.986451e-04 -1.331644e-04 3.078254e-03 -1.073752e-03 2.141906e-03 -4.925256e-04 1.992005e-04 -2.699983e-03 1.417351e-02 -2.700733e-03 -3.145429e-04 -2.847192e-04 4.605782e-04 -1.188934e-03 8.672571e-05 -3.530416e-03 1.255885e-03 -3.969901e-03 5.28245e-05 6.783894e-04 1.829706e-04 -2.700733e-03 1.459213e-02 -5.835685e-03 3.80418e-03 -6.802001e-04 1.532525e-03 -1.392801e-04 3.936918e-03 -1.972363e-03 1.948626e-03 -9.650699e-04 5.233221e-04 2.390513e-03 -3.145429e-04 -5.835685e-03 1.873968e-02 -5.944883e-03 2.591373e-03 1.881104e-04 5.56411e-04 -4.654068e-03 2.057585e-03 -2.721034e-03 1.669375e-03 -3.857662e-03 5.347228e-04 -2.847192e-04 3.80418e-03 -5.944883e-03 1.782347e-02 -6.421224e-03 5.930661e-03 -3.699307e-04 4.219841e-03 -1.952119e-03 3.051694e-03 -1.101556e-03 1.931932e-03 -1.384655e-03 4.605782e-04 -6.802001e-04 2.591373e-03 -6.421224e-03 1.83244e-02 -5.895974e-03 4.075524e-04 -3.093466e-03 1.701712e-03 -2.404901e-03 2.775659e-03 -1.443523e-03 5.986451e-04 -1.188934e-03 1.532525e-03 1.881104e-04 5.930661e-03 -5.895974e-03 1.580962e-02 ) .

_:1a361a8d-d426-4d89-8bf6-a492dce24376 a essentia:Variance ;
    afo:values ( 4.674778e-02 2.575552e-02 4.563608e-03 1.025528e-02 1.945956e-03 4.34854e-04 ) .

_:1b6c22c1-539a-44ce-a84c-ba1ae02cbc56 a essentia:Maximum ;
    afo:value 6.686885e-01 .

_:1b75b132-cd83-484b-bd11-471ea04ee3d8 a essentia:Minimum ;
    afo:value 2.242649e-22 .

_:1bab9d2f-faab-4081-8017-6c5640d27cf2 a essentia:SecondDerivativeMean ;
    afo:value 3.959339e-02 .

_:1bca0701-8655-4e46-ad8c-e824871e9416 rdf:first -6.777142e+00 ;
    rdf:rest ( -6.904994e+00 -7.650522e+00 -8.107283e+00 -8.620169e+00 -1.120738e+01 ) .

_:1be19940-47b8-4c3f-abf1-0353ae9a05b5 a essentia:MelBands ;
    event:time _:da12e254-e447-4a0f-94d8-0f590ccb9036 ;
    afo:computed_by _:LowLevelExtractor ;
    afo:feature [ a essentia:Spread ;
            afo:feature _:1599cd38-4674-4f97-b3a5-2266c3b174b8,
                [ a essentia:DerivativeVariance ;
                    afo:value 2.573629e+01 ],
                [ a essentia:Variance ;
                    afo:value 9.168164e+01 ],
                [ a essentia:SecondDerivativeVariance ;
                    afo:value 5.720586e+01 ],
                [ a essentia:SecondDerivativeMean ;
                    afo:value 6.509079e+00 ],
                [ a essentia:Median ;
                    afo:value 9.553219e+00 ],
                [ a essentia:Maximum ;
                    afo:value 1.430171e+02 ],
                [ a essentia:Minimum ;
                    afo:value 5.026389e-01 ],
                [ a essentia:DerivativeMean ;
                    afo:value 4.085064e+00 ] ] .

_:1c17277c-a128-49af-92d4-70dbefc73c6c a essentia:SecondDerivativeMean ;
    afo:value 5.398726e+00 .

_:1c68d0ba-97b3-4734-9ee6-10e9f9f8c499 a essentia:Minimum ;
    afo:value -3.866724e-02 .

_:1d402acd-2376-467b-b100-8ae7f0dbb247 a essentia:SecondDerivativeMean ;
    afo:value 4.402507e-01 .

_:1dd9fa11-19d4-4779-8272-6a46a2382b82 a essentia:Median ;
    afo:value 5.534617e-01 .

_:1deb7abc-19d0-46a6-8604-7de85e599412 a essentia:SecondDerivativeVariance ;
    afo:value 4.867523e-17 .

_:1dfbd8e0-7bd0-49bb-a2d6-681af0dadfa9 a essentia:Median ;
    afo:values ( 4.539011e-06 1.896837e-03 2.896872e-03 2.323086e-03 6.007625e-03 1.030402e-03 4.868052e-04 2.008959e-04 1.55985e-04 1.919505e-04 1.559143e-04 2.217557e-04 2.05644e-04 7.158584e-05 1.60029e-04 1.050197e-04 1.044696e-04 3.258829e-05 3.978435e-05 2.601092e-05 1.442816e-05 1.277632e-05 7.233856e-06 6.126968e-06 5.339794e-06 1.929321e-06 9.35818e-08 ) .

_:1e1194f6-cb49-4f2d-8747-c51fb0df7071 a essentia:Minimum ;
    afo:value 4.832034e-02 .

_:1e5a9047-3e6f-4f82-bc8c-50a056b5a8ce a essentia:DerivativeMean ;
    afo:value 8.341356e+00 .

_:1e8458db-c498-4fb4-9fc7-335e48499d3b a essentia:DerivativeMean ;
    afo:value 3.798883e+00 .

_:2010b86f-6992-45cc-bd9f-8ca18b364fbe a essentia:Median ;
    afo:value 5.603728e+00 .

_:20620a3a-c2fb-4bd3-80cd-aec73b172d84 a essentia:FlatnessDB ;
    afo:feature [ a essentia:SecondDerivativeMean ;
            afo:value 5.165104e-02 ],
        [ a essentia:DerivativeMean ;
            afo:value 3.322048e-02 ],
        [ a essentia:SecondDerivativeVariance ;
            afo:value 2.190189e-03 ],
        [ a essentia:Median ;
            afo:value 2.642033e-01 ],
        [ a essentia:DerivativeVariance ;
            afo:value 9.377307e-04 ],
        [ a essentia:Maximum ;
            afo:value 5.919389e-01 ],
        [ a essentia:Minimum ;
            afo:value 3.895874e-03 ],
        [ a essentia:Mean ;
            afo:value 2.738137e-01 ],
        [ a essentia:Variance ;
            afo:value 6.349052e-03 ] .

_:216dd773-bbae-4c4c-9c37-cc9ca782d8e3 rdf:first 2.312688e-01 ;
    rdf:rest ( 1.692116e-01 5.881733e-02 4.296156e-02 4.092919e-02 8.67983e-02 1.469955e-01 1.263921e-01 2.100098e-01 3.107665e-01 1.769809e-01 4.996286e-02 4.199484e-02 3.569369e-02 8.027539e-02 1.669469e-01 1.475611e-01 9.543319e-02 1.04444e-01 1.078201e-01 1.70935e-01 2.402191e-01 1.794955e-01 1.17149e-01 1.078363e-01 6.983653e-02 4.994676e-02 6.059179e-02 7.81514e-02 1.989765e-01 3.433594e-01 2.549676e-01 1.05205e-01 7.362305e-02 7.658803e-02 1.434434e-01 ) .

_:22e05595-da30-49a6-b714-4713e5eb3cd0 a essentia:Minimum ;
    afo:values ( 8.101075e-24 7.95994e-24 4.939334e-24 1.249837e-23 4.372481e-24 6.13084e-24 8.267464e-24 4.614788e-24 6.312305e-24 2.810222e-24 9.160071e-24 8.262053e-24 8.626868e-24 5.989199e-24 8.275286e-24 6.414613e-24 5.000411e-24 4.783969e-24 5.116639e-24 4.732753e-24 6.415044e-24 8.519753e-24 8.272204e-24 1.053896e-23 9.361226e-24 8.774265e-24 6.883076e-24 7.616881e-24 9.717665e-24 9.100777e-24 5.464203e-24 8.637202e-24 9.213107e-24 7.308181e-24 7.774716e-24 7.94922e-24 1.371123e-23 9.73921e-24 8.425319e-24 8.779285e-24 ) .

_:2430150d-3b2f-4ebf-b505-a3f277ae649c a essentia:Median ;
    afo:value 7.909774e-05 .

_:24d834c9-e72c-4b5a-8764-c74962719c7a a essentia:DerivativeVariance ;
    afo:values ( 2.544721e-02 1.556689e-02 3.829223e-03 9.253331e-03 1.812537e-03 4.996634e-04 ) .

_:24f397e1-5e54-43b6-b96c-22d9d7b2768a a essentia:Mean ;
    afo:value 6.847427e+00 .

_:261ad5d6-b402-4d6b-9d32-8bbf69c87ddd a essentia:Maximum ;
    afo:value 9.80151e+00 .

_:2839a34c-49fc-4e30-bd3c-43186d6cb43a a essentia:Median ;
    afo:value 4.882837e-03 .

_:2907a309-c796-4f68-8c99-5b12dcbbcf03 rdf:first 4.643991e-01 ;
    rdf:rest ( 9.287982e-01 1.393197e+00 1.857596e+00 2.321995e+00 2.786395e+00 3.239184e+00 3.680363e+00 4.133152e+00 4.585941e+00 5.03873e+00 5.491519e+00 5.944308e+00 6.385488e+00 6.826666e+00 7.267846e+00 7.709025e+00 8.150204e+00 8.614603e+00 9.067392e+00 9.531791e+00 1.00078e+01 1.04722e+01 1.092499e+01 1.137778e+01 1.183057e+01 1.228336e+01 1.274776e+01 1.323537e+01 1.368816e+01 1.414095e+01 1.458213e+01 1.502331e+01 1.546449e+01 1.591728e+01 1.635846e+01 1.679964e+01 1.724082e+01 1.767039e+01 1.811156e+01 1.855274e+01 1.899392e+01 1.94351e+01 1.987628e+01 2.031746e+01 2.074703e+01 2.11766e+01 2.161778e+01 2.205896e+01 2.248853e+01 2.291809e+01 2.335927e+01 2.378884e+01 2.421841e+01 2.465959e+01 2.510077e+01 2.553034e+01 2.597152e+01 2.64127e+01 2.685388e+01 2.728345e+01 2.771301e+01 2.814258e+01 2.858376e+01 2.902494e+01 2.946612e+01 2.99073e+01 3.034848e+01 3.078966e+01 3.123084e+01 3.167202e+01 3.21132e+01 3.255437e+01 3.298394e+01 3.341351e+01 3.385469e+01 3.429587e+01 3.472544e+01 3.515501e+01 3.559619e+01 3.602576e+01 3.645533e+01 3.689651e+01 3.733768e+01 3.777887e+01 3.820844e+01 3.8638e+01 3.905596e+01 3.949714e+01 3.993832e+01 4.03795e+01 4.080907e+01 4.123864e+01 4.166821e+01 4.210939e+01 4.253896e+01 4.298014e+01 4.342131e+01 4.38625e+01 4.430367e+01 4.474485e+01 4.517442e+01 4.560399e+01 4.603356e+01 4.646313e+01 4.688109e+01 4.731066e+01 4.774023e+01 4.815818e+01 4.858775e+01 4.901732e+01 4.944689e+01 4.987646e+01 5.030603e+01 5.074721e+01 5.117678e+01 5.162957e+01 5.208236e+01 5.252354e+01 5.296471e+01 5.34059e+01 5.383546e+01 5.426503e+01 5.471782e+01 5.518222e+01 5.563501e+01 5.60878e+01 5.652898e+01 5.695855e+01 5.738812e+01 5.781768e+01 5.824725e+01 5.867682e+01 5.909478e+01 5.951274e+01 5.99307e+01 6.034866e+01 6.077823e+01 6.119619e+01 6.160254e+01 6.20205e+01 6.243846e+01 6.285641e+01 6.328598e+01 6.371555e+01 6.413351e+01 6.455148e+01 6.496943e+01 6.538739e+01 6.580535e+01 6.62117e+01 6.662966e+01 6.704762e+01 6.746558e+01 6.788354e+01 6.83131e+01 6.873106e+01 6.914902e+01 6.956699e+01 6.998494e+01 7.041451e+01 7.084408e+01 7.126204e+01 7.168e+01 7.209796e+01 7.251591e+01 7.293388e+01 7.335184e+01 7.37698e+01 7.419936e+01 7.462893e+01 7.504689e+01 7.546485e+01 7.589442e+01 7.632399e+01 7.674195e+01 7.71599e+01 7.757787e+01 7.799583e+01 7.841379e+01 7.883174e+01 7.923809e+01 7.964444e+01 8.005079e+01 8.046875e+01 8.08751e+01 8.129306e+01 8.171102e+01 8.212897e+01 8.254694e+01 8.29649e+01 8.338286e+01 8.380081e+01 8.421877e+01 8.464835e+01 8.507791e+01 8.550748e+01 8.593705e+01 8.635501e+01 8.677297e+01 8.719093e+01 8.76205e+01 8.805006e+01 8.846803e+01 8.88976e+01 8.932716e+01 8.974512e+01 9.017469e+01 9.060426e+01 9.102222e+01 9.145179e+01 9.188136e+01 9.229932e+01 9.271728e+01 9.313524e+01 9.355319e+01 9.397115e+01 9.438911e+01 9.480708e+01 9.522503e+01 9.564299e+01 9.606095e+01 9.649052e+01 9.692009e+01 9.733805e+01 9.7756e+01 9.817397e+01 9.859193e+01 9.900989e+01 9.942784e+01 9.98458e+01 1.002754e+02 1.007049e+02 1.011345e+02 1.015409e+02 1.019588e+02 1.023884e+02 1.02818e+02 1.032359e+02 1.036539e+02 1.040718e+02 1.045014e+02 1.049194e+02 1.053489e+02 1.057669e+02 1.061965e+02 1.06626e+02 1.07044e+02 1.074619e+02 1.078799e+02 1.082979e+02 1.087274e+02 1.091454e+02 1.095517e+02 1.099697e+02 1.103993e+02 1.108172e+02 1.112468e+02 1.116648e+02 1.120827e+02 1.125007e+02 1.129302e+02 1.133482e+02 1.137778e+02 1.141957e+02 1.146137e+02 1.150433e+02 1.154612e+02 1.158792e+02 1.162971e+02 1.167035e+02 1.171215e+02 1.175394e+02 1.179574e+02 1.183753e+02 1.187933e+02 1.192112e+02 1.196176e+02 1.200239e+02 1.204419e+02 1.208483e+02 1.212662e+02 1.216726e+02 1.220905e+02 1.225085e+02 1.229264e+02 1.233444e+02 1.237624e+02 1.241687e+02 1.245751e+02 1.24993e+02 1.253994e+02 1.258057e+02 1.262237e+02 1.266416e+02 1.27048e+02 1.274543e+02 1.278723e+02 1.282786e+02 1.28685e+02 1.290913e+02 1.294977e+02 1.29904e+02 1.303104e+02 1.307167e+02 1.311231e+02 1.31541e+02 1.31959e+02 1.32377e+02 1.327833e+02 1.332013e+02 1.336076e+02 1.34014e+02 1.344203e+02 1.348267e+02 1.35233e+02 1.356394e+02 1.360457e+02 1.364637e+02 1.3687e+02 1.372764e+02 1.376943e+02 1.380891e+02 1.384954e+02 1.389018e+02 1.393197e+02 1.397377e+02 1.401556e+02 1.405736e+02 1.409916e+02 1.41514e+02 1.420365e+02 1.425705e+02 1.431626e+02 1.437547e+02 1.443585e+02 1.449506e+02 1.455543e+02 1.461464e+02 1.467385e+02 1.473422e+02 1.479343e+02 ) .

_:29dbcda9-74d6-406e-a6a0-d9d14f69dda2 a essentia:Variance ;
    afo:value 4.096452e-03 .

_:2a8c357a-1ed2-402e-aa50-6309482d56dc rdf:first 7.220994e-24 ;
    rdf:rest ( 2.143317e-23 2.212804e-23 6.322483e-24 4.958051e-23 2.487542e-23 3.746123e-23 2.782765e-23 2.604986e-23 7.533118e-23 5.901913e-23 5.852637e-23 6.256313e-23 4.689318e-23 6.616143e-23 1.106934e-22 1.496452e-22 1.852389e-22 2.515269e-22 2.792045e-22 3.942055e-22 4.312222e-22 4.915034e-22 9.530163e-22 1.073348e-21 1.602523e-21 2.055504e-21 ) .

_:2b2a58cc-a6fd-4f58-8308-f297f6a2f225 a essentia:SecondDerivativeMean ;
    afo:value 1.490733e+00 .

_:2b4857dd-0635-4809-875d-85b395c59f86 a essentia:Skewness ;
    event:time _:da12e254-e447-4a0f-94d8-0f590ccb9036 ;
    afo:computed_by _:LowLevelExtractor ;
    afo:feature _:1c68d0ba-97b3-4734-9ee6-10e9f9f8c499,
        [ a essentia:SecondDerivativeMean ;
            afo:value 5.906821e-01 ],
        [ a essentia:Variance ;
            afo:value 9.24832e-01 ],
        [ a essentia:Median ;
            afo:value 2.154888e+00 ],
        [ a essentia:Mean ;
            afo:value 2.35093e+00 ],
        [ a essentia:DerivativeMean ;
            afo:value 3.713999e-01 ],
        [ a essentia:SecondDerivativeVariance ;
            afo:value 3.218028e-01 ],
        [ a essentia:Maximum ;
            afo:value 1.043418e+01 ],
        [ a essentia:DerivativeVariance ;
            afo:value 1.37017e-01 ] .

_:2b60d184-6a8f-4c70-9f8d-9061a88e2dca a essentia:ChordsChangesRate ;
    event:time _:da12e254-e447-4a0f-94d8-0f590ccb9036 ;
    afo:value 5.933791e-02 .

_:2bdadaac-c149-41d5-8866-ae87b7a40ca6 a essentia:GFCC ;
    event:time _:da12e254-e447-4a0f-94d8-0f590ccb9036 ;
    afo:computed_by _:LowLevelExtractor ;
    afo:feature _:195c1280-0dca-466d-8cb3-24d0e89e2a04,
        [ a essentia:Mean ;
            afo:values ( -3.525345e+01 1.282759e+02 -1.007662e+02 2.870278e+01 -4.349488e+01 1.1983e+01 -4.381604e+01 -4.69651e+00 -3.178262e+01 -5.073352e+00 -1.805971e+01 -1.502164e+00 -1.035596e+01 ) ],
        [ a essentia:InverseCovariance ;
            afo:dimensions ( 13 13 ) ;
            afo:values _:19bd8cc0-532e-491b-a77c-36741effeb3b ] .

_:2c2941ed-1d60-430f-b433-98bfc2deec61 a essentia:Median ;
    afo:value 7.271537e-03 .

_:2c312702-18ec-4082-8c75-69fc73bf484e a essentia:SecondDerivativeVariance ;
    afo:value 7.493061e-05 .

_:2cd0dc03-4ac0-48fb-99b0-e4e9bcc1d522 a essentia:Minimum ;
    afo:value 5.645212e-23 .

_:2d373119-891c-42dc-9480-ae501d8588dd a essentia:Spread ;
    afo:feature [ a essentia:Median ;
            afo:value 1.048255e+01 ],
        [ a essentia:Maximum ;
            afo:value 8.357961e+01 ],
        [ a essentia:SecondDerivativeMean ;
            afo:value 5.961268e+00 ],
        [ a essentia:SecondDerivativeVariance ;
            afo:value 4.609784e+01 ],
        [ a essentia:DerivativeMean ;
            afo:value 3.722574e+00 ],
        [ a essentia:Minimum ;
            afo:value 5.633404e-01 ],
        [ a essentia:DerivativeVariance ;
            afo:value 1.969064e+01 ],
        [ a essentia:Variance ;
            afo:value 6.732758e+01 ],
        [ a essentia:Mean ;
            afo:value 1.23157e+01 ] .

_:2d7fd2ef-4c35-46a0-b801-412406b4eeba a essentia:Maximum ;
    afo:values ( -3.108327e-01 -4.36885e-01 -4.195019e-01 -4.878683e-01 -4.477566e-01 -5.482745e-01 ) .

_:2e1f0cb2-0af9-4a57-a5a3-147ab3b0cba2 a essentia:Variance ;
    afo:value 2.314772e+02 .

_:2e32fc35-145b-4bff-8ba9-71b6986f8f15 a essentia:DerivativeMean ;
    afo:values ( 2.151103e-01 1.774778e-01 5.995915e-02 7.386557e-02 3.433883e-02 1.266378e-02 ) .

_:2eaf9874-85ad-4115-b041-65f4907f03b1 a essentia:SecondDerivativeVariance ;
    afo:value 1.198199e+01 .

_:2ed64b4e-b996-40ee-bde0-6c4f223a6c8a rdf:first 3.625859e+01 ;
    rdf:rest ( 5.371643e+00 1.155528e+01 0 2.529669e+00 0 1.717676e+00 0 6.527171e+00 0 0 0 0 0 0 0 0 4.434728e+00 3.123048e-02 1.28045e+00 0 2.966896e+00 3.841349e+00 2.348532e+01 ) .

_:300a6b6f-29fa-4036-ad91-1622460cf6e1 a essentia:DerivativeVariance ;
    afo:value 6.36452e-01 .

_:30c66ac1-50b4-4df5-aa90-203bce72033d a essentia:Maximum ;
    afo:value 1.927759e+01 .

_:3113ea18-49b0-43cf-a6ca-a33dec4011a2 a essentia:BarkBands ;
    event:time _:da12e254-e447-4a0f-94d8-0f590ccb9036 ;
    afo:computed_by _:LowLevelExtractor ;
    afo:feature _:0fe81d06-4c60-49d5-938c-bf5ce5330f2c,
        _:17631018-07ef-4854-bea8-c803313504ff,
        _:1dfbd8e0-7bd0-49bb-a2d6-681af0dadfa9,
        [ a essentia:Maximum ;
