@prefix afo: <https://w3id.org/afo/onto/1.1#> .
@prefix dc: <http://purl.org/dc/elements/1.1/> .
@prefix essentia: <http://sovarr.c4dm.eecs.qmul.ac.uk/af/essentia/> .
@prefix event: <http://purl.org/NET/c4dm/event.owl#> .
@prefix foaf: <http://xmlns.com/foaf/0.1/> .
@prefix mo: <http://purl.org/ontology/mo/> .
@prefix rdf: <http://www.w3.org/1999/02/22-rdf-syntax-ns#> .
@prefix rdfs: <http://www.w3.org/2000/01/rdf-schema#> .
@prefix tl: <http://purl.org/NET/c4dm/timeline.owl#> .
@prefix xml: <http://www.w3.org/XML/1998/namespace> .
@prefix xsd: <http://www.w3.org/2001/XMLSchema#> .

<http://musicbrainz.org/release/70ff2a96-a58a-4cea-b590-4939eb3b757c> a mo:Release ;
    dc:date "2004-11-22" ;
    dc:title "Soyons Divins !" ;
    mo:publisher [ a mo:Label ;
            foaf:name "Mercury France" ] ;
    mo:track <http://musicbrainz.org/recording/1f8eb7ee-4ae3-4d67-8954-e6488a3e0603> ;
    essentia:asin "B0002UNQJU" ;
    essentia:barcode "602498223901" ;
    foaf:maker <http://musicbrainz.org/artist/729d5d04-a4d7-4540-905e-0afec8e9f004> .

<5-05_schplaouch!.flac> a mo:AudioFile ;
    mo:encodes [ a essentia:Signal ;
            mo:sample_rate "44100"^^xsd:interger ;
            mo:time _:bcad8018-d36f-49af-a7c1-6af55bac0793 ;
            essentia:bit_rate "0"^^xsd:float ;
            essentia:codec "flac"^^xsd:string ;
            essentia:downmix "mix"^^xsd:string ;
            essentia:equal_loudness "0"^^xsd:float ;
            essentia:lossless true ;
            essentia:md5_encoded "d47270b2f00d7d601b7c71c7c2e792f9"^^xsd:string ;
            essentia:replay_gain "-13.6650485992"^^xsd:float ] .

<http://musicbrainz.org/artist/729d5d04-a4d7-4540-905e-0afec8e9f004> a mo:MusicArtist ;
    foaf:name "Claude Nougaro" .

<http://musicbrainz.org/recording/1f8eb7ee-4ae3-4d67-8954-e6488a3e0603> a mo:Track ;
    dc:title "Schplaouch!" ;
    mo:available_as <5-05_schplaouch!.flac> ;
    mo:genre [ a mo:Genre ;
            rdfs:label "Jazz" ] ;
    mo:track_number "5" .

[] a essentia:VersionInfo .

_:006f7336-deba-4b90-931d-6cc4380adc22 a essentia:SilenceRate ;
    event:time _:bcad8018-d36f-49af-a7c1-6af55bac0793 ;
    afo:computed_by _:LowLevelExtractor ;
    afo:feature [ a essentia:Median ;
            afo:value 0 ],
        [ a essentia:Minimum ;
            afo:value 0 ],
        [ a essentia:Maximum ;
            afo:value 1 ],
        [ a essentia:Mean ;
            afo:value 8.83342e-02 ],
        [ a essentia:SecondDerivativeVariance ;
            afo:value 3.860803e-02 ],
        [ a essentia:DerivativeVariance ;
            afo:value 1.728255e-02 ],
        [ a essentia:DerivativeMean ;
            afo:value 1.759152e-02 ],
        [ a essentia:SecondDerivativeMean ;
            afo:value 3.518758e-02 ],
        [ a essentia:Variance ;
            afo:value 8.053075e-02 ] .

_:030e8172-8eb2-41fe-a596-f9579043f09a a essentia:Mean ;
    afo:value 1.47541e-01 .

_:0320f7d4-d0e9-428e-b554-c4558e7658d7 a essentia:DerivativeVariance ;
    afo:value 2.339217e-01 .

_:03349298-e6f8-4bd1-b8ee-5729224ecf1f a essentia:Minimum ;
    afo:value -3.24292e-08 .

_:033e2195-9515-4059-badb-edb3bd3d006b a essentia:Variance ;
    afo:value 1.347711e-04 .

_:0356d439-7b47-42da-ad0c-50af8e7eb3b1 a essentia:DerivativeMean ;
    afo:value 2.066404e-02 .

_:03913625-8bed-4be1-8003-669aa0523ed0 a essentia:ChordsScale ;
    event:time _:bcad8018-d36f-49af-a7c1-6af55bac0793 ;
    afo:value "minor" .

_:03abee39-30ea-455d-a88f-5c52c0a7e41f a essentia:Mean ;
    afo:value 1.166151e+01 .

_:03b86eca-97c3-4777-b366-d24ec91315a1 a essentia:DerivativeVariance ;
    afo:value 1.285218e+02 .

_:040a8ccd-53e3-4ada-8c19-59197a9dc700 a essentia:DerivativeMean ;
    afo:values ( 3.897343e-02 1.77935e-01 7.625856e-01 3.899528e+00 2.995758e+00 3.657679e+00 4.523352e+00 8.883993e+00 1.268911e+01 2.102511e+01 1.582841e+01 1.473845e+01 1.871414e+01 1.722398e+01 2.07066e+01 1.96295e+01 1.317871e+01 9.213091e+00 6.981846e+00 7.130865e+00 7.349869e+00 7.567108e+00 7.583431e+00 7.500206e+00 3.994569e+00 1.458638e+00 2.039344e+00 4.664006e+00 5.915718e+00 2.30605e+00 1.16843e+00 9.516151e-01 9.045896e-01 8.184294e-01 3.278655e-01 8.426198e-02 2.572646e-02 8.778478e-03 1.25491e-03 3.169551e-05 ) .

_:04a1ad66-467b-431e-b532-3b8bdaa3262c a essentia:Median ;
    afo:value 1 .

_:04def2bc-9cee-42fe-ab85-99faebe70737 a essentia:Median ;
    afo:values ( 3.91589e-02 2.038363e-01 9.055363e-01 2.975385e+00 3.262914e+00 2.328889e+00 2.755949e+00 3.215692e+00 6.712614e+00 1.19236e+01 4.202605e+00 2.255854e+00 2.979307e+00 4.392421e+00 4.24696e+00 1.818495e+00 1.842986e+00 1.32844e+00 8.267887e-01 9.238936e-01 1.134066e+00 2.03704e+00 1.625234e+00 1.210026e+00 1.000443e+00 3.017762e-01 2.153939e-01 5.508461e-01 8.236109e-01 3.29046e-01 2.364345e-01 1.410594e-01 1.121565e-01 1.06617e-01 5.17985e-02 1.834799e-02 7.859042e-03 2.073486e-03 2.411299e-04 3.308175e-05 ) .

_:04ff1e41-bece-4a09-8e3e-3f8da8fbadf2 a essentia:Variance ;
    afo:value 8.728758e-05 .

_:0535c565-c8e8-4dc2-aec0-f937ddddd827 a essentia:SecondDerivativeMean ;
    afo:value 4.731753e-04 .

_:05d36cda-88a1-4a09-b4ee-febfeffa079a a essentia:TuningFrequency ;
    event:time _:bcad8018-d36f-49af-a7c1-6af55bac0793 ;
    afo:value 4.341931e+02 .

_:05e16ef8-a5f7-47db-bf70-68f7fdafa2c9 a essentia:DerivativeVariance ;
    afo:value 7.427721e+01 .

_:066231bd-5061-4924-8552-e78b3b2c55a7 a essentia:Maximum ;
    afo:value 43024160 .

_:06c37840-2388-400b-bb1f-4145b10f8e10 rdf:first 9.430765e-07 ;
    rdf:rest ( 9.476695e-07 5.626369e-06 3.623255e-07 3.398693e-07 8.997578e-07 6.297804e-07 6.641865e-07 4.772616e-07 6.534524e-07 4.079107e-07 1.762863e-07 2.8056e-07 1.749181e-07 4.243697e-08 3.686854e-08 9.640203e-09 1.158189e-08 3.26678e-09 1.781476e-09 3.744425e-09 2.476673e-09 2.187047e-09 1.360265e-09 2.118434e-09 8.376382e-10 5.774743e-11 3.460542e-11 8.063063e-11 2.043207e-10 5.921475e-10 7.945984e-10 2.425261e-10 4.05827e-11 1.803972e-11 2.421661e-11 3.431824e-11 3.054439e-11 5.945971e-11 3.02409e-11 ) .

_:07f8e664-6e1a-4670-a307-4572bcd47998 a essentia:SpectralComplexity ;
    event:time _:bcad8018-d36f-49af-a7c1-6af55bac0793 ;
    afo:computed_by _:LowLevelExtractor ;
    afo:feature [ a essentia:DerivativeMean ;
            afo:value 1.979045e+00 ],
        [ a essentia:Variance ;
            afo:value 5.904451e+01 ],
        [ a essentia:Mean ;
            afo:value 1.106053e+01 ],
        [ a essentia:Maximum ;
            afo:value 44 ],
        [ a essentia:SecondDerivativeMean ;
            afo:value 3.05718e+00 ],
        [ a essentia:SecondDerivativeVariance ;
            afo:value 1.11697e+01 ],
        [ a essentia:DerivativeVariance ;
            afo:value 5.326746e+00 ],
        [ a essentia:Minimum ;
            afo:value 0 ],
        [ a essentia:Median ;
            afo:value 9 ] .

_:08edfe28-b568-43b8-88c0-2e9525781ab2 a essentia:SecondDerivativeVariance ;
    afo:values ( 1.164497e-01 6.505644e-02 8.058817e-02 7.630382e-02 1.916342e-02 9.063448e-02 ) .

_:0932aa34-00e5-440c-91d5-6078efa3d485 a essentia:BarkBands ;
    event:time _:bcad8018-d36f-49af-a7c1-6af55bac0793 ;
    afo:computed_by _:LowLevelExtractor ;
    afo:feature [ a essentia:FlatnessDB ;
            afo:feature [ a essentia:SecondDerivativeMean ;
                    afo:value 2.99105e-02 ],
                [ a essentia:DerivativeVariance ;
                    afo:value 5.089758e-04 ],
                [ a essentia:Variance ;
                    afo:value 6.166234e-03 ],
                [ a essentia:Mean ;
                    afo:value 1.847236e-01 ],
                [ a essentia:SecondDerivativeVariance ;
                    afo:value 1.058593e-03 ],
                [ a essentia:Minimum ;
                    afo:value 3.489188e-02 ],
                [ a essentia:DerivativeMean ;
                    afo:value 2.036798e-02 ],
                [ a essentia:Median ;
                    afo:value 1.775653e-01 ],
                [ a essentia:Maximum ;
                    afo:value 4.960617e-01 ] ] .

_:0986136e-90d9-4282-a213-e6af0aaf84c4 a essentia:Minimum ;
    afo:value -1.876038e+00 .

_:09a1d279-c76b-4a1b-b439-c6653d7ecd99 a essentia:SecondDerivativeVariance ;
    afo:values ( 5.960384e-02 6.537955e-02 4.922553e-02 4.533615e-02 8.085784e-02 9.693719e-02 9.687839e-02 1.165874e-01 1.297925e-01 1.079866e-01 9.245252e-02 9.058797e-02 8.811223e-02 8.656582e-02 9.809799e-02 1.038367e-01 1.17013e-01 1.187952e-01 6.21654e-02 5.948726e-02 6.145805e-02 7.601912e-02 7.12301e-02 7.282568e-02 1.304961e-01 7.849942e-02 6.692311e-02 8.13081e-02 7.199854e-02 6.584653e-02 7.763064e-02 7.101541e-02 7.606068e-02 6.65366e-02 6.091401e-02 5.795763e-02 ) .

_:09f8f68f-527e-42ab-82da-1a9fd86042e7 rdf:first 1.142014e-24 ;
    rdf:rest ( 4.022613e-25 5.219262e-25 1.093502e-24 8.922526e-24 4.337804e-24 9.774807e-24 4.155198e-24 1.250675e-23 1.329047e-23 1.3224e-23 2.253517e-23 1.54024e-23 3.443062e-23 5.441355e-23 4.448876e-23 7.690467e-23 8.965476e-23 1.19703e-22 1.804003e-22 2.100117e-22 3.245971e-22 4.29392e-22 5.606447e-22 7.754451e-22 1.144636e-21 1.945489e-21 ) .

_:0a3e556d-a459-4639-b2e3-1bbca590940c a essentia:Variance ;
    afo:value 0 .

_:0a465f0a-8dad-4917-82f2-7014de3ac9c4 a essentia:Maximum ;
    afo:value 7.666388e-01 .

_:0a8f34e0-ef8d-401f-86f0-a3b91ef3b37f a essentia:DerivativeMean ;
    afo:value 5.098888e+00 .

_:0b1dd9ab-260f-46a3-9502-6e0ee3ab88a0 a essentia:Minimum ;
    afo:value 92 .

_:0b72c0ce-2c7f-4a1a-a6d1-bfe0ecb6b12a a essentia:InverseCovariance ;
    afo:dimensions ( 13 13 ) ;
    afo:values ( 9.257674e-05 1.342601e-05 1.096758e-04 -8.32603e-06 9.163634e-05 -1.93127e-05 9.472443e-05 -5.800181e-05 2.716193e-05 9.941275e-05 -8.169442e-05 1.156911e-04 2.33005e-05 1.342601e-05 4.141188e-04 -1.405151e-04 2.776677e-04 -9.684549e-05 2.715457e-04 -8.959019e-05 -4.620717e-05 1.079868e-05 8.877199e-05 -3.181704e-04 -1.013845e-04 -1.011009e-04 1.096758e-04 -1.405151e-04 1.054202e-03 -1.115058e-04 1.103813e-04 -2.683092e-04 -1.027771e-05 4.308495e-06 -9.549524e-05 -1.288481e-04 5.188308e-06 2.108427e-04 -6.671499e-04 -8.32603e-06 2.776677e-04 -1.115058e-04 2.081887e-03 -9.67111e-04 -3.528565e-05 -2.29877e-04 3.682619e-04 -1.519063e-03 1.150496e-03 -2.583874e-04 -2.800186e-05 -1.098471e-03 9.163634e-05 -9.684549e-05 1.103813e-04 -9.67111e-04 3.990758e-03 -8.305847e-04 1.47679e-03 3.137047e-04 6.613687e-04 -1.711379e-03 1.468436e-03 1.052278e-04 -7.721595e-04 -1.93127e-05 2.715457e-04 -2.683092e-04 -3.528565e-05 -8.305847e-04 5.916778e-03 -1.946142e-03 9.755797e-04 -1.480817e-04 -5.131328e-04 -1.055235e-03 -9.525877e-04 5.332236e-04 9.472443e-05 -8.959019e-05 -1.027771e-05 -2.29877e-04 1.47679e-03 -1.946142e-03 4.952731e-03 -1.385963e-03 2.489752e-04 -9.833104e-04 1.718078e-03 -1.959363e-03 2.287565e-04 -5.800181e-05 -4.620717e-05 4.308495e-06 3.682619e-04 3.137047e-04 9.755797e-04 -1.385963e-03 7.249525e-03 -1.869786e-03 1.162878e-03 -1.787622e-03 1.414616e-03 -6.665236e-04 2.716193e-05 1.079868e-05 -9.549524e-05 -1.519063e-03 6.613687e-04 -1.480817e-04 2.489752e-04 -1.869786e-03 9.64528e-03 -3.239936e-03 2.364606e-03 -1.409536e-03 3.746571e-04 9.941275e-05 8.877199e-05 -1.288481e-04 1.150496e-03 -1.711379e-03 -5.131328e-04 -9.833104e-04 1.162878e-03 -3.239936e-03 7.297666e-03 -2.314634e-03 3.05153e-04 -3.275729e-04 -8.169442e-05 -3.181704e-04 5.188308e-06 -2.583874e-04 1.468436e-03 -1.055235e-03 1.718078e-03 -1.787622e-03 2.364606e-03 -2.314634e-03 1.099613e-02 -3.763467e-03 2.169131e-03 1.156911e-04 -1.013845e-04 2.108427e-04 -2.800186e-05 1.052278e-04 -9.525877e-04 -1.959363e-03 1.414616e-03 -1.409536e-03 3.05153e-04 -3.763467e-03 1.212103e-02 -2.913281e-03 2.33005e-05 -1.011009e-04 -6.671499e-04 -1.098471e-03 -7.721595e-04 5.332236e-04 2.287565e-04 -6.665236e-04 3.746571e-04 -3.275729e-04 2.169131e-03 -2.913281e-03 1.036226e-02 ) .

_:0bf159a1-e435-4074-8dd7-a75fe255c87c a essentia:DerivativeMean ;
    afo:value 1.944935e-01 .

_:0c1471cb-09d6-43a9-bae8-3704225ec514 rdf:first -5.668112e+00 ;
    rdf:rest ( -4.764094e+00 -4.670689e+00 -5.812234e+00 -5.952658e+00 -7.366906e+00 ) .

_:0c8a5668-0301-4bac-a676-6965aeeddb3a a essentia:Mean ;
    afo:value 1.866483e+01 .

_:0cc3417c-c974-4d75-a8d6-1b91ccc5ef14 a essentia:Minimum ;
    afo:value 0 .

_:0cec9352-9ee0-4eb7-a3ae-81444b5e5876 a essentia:Mean ;
    afo:value 4.029851e-01 .

_:0d4895dd-d61e-4fcb-ac70-b4e7b7719464 a essentia:SecondDerivativeVariance ;
    afo:value 4.154523e+01 .

_:0e12a965-bd06-42be-931e-23d37716256f a essentia:SecondDerivativeVariance ;
    afo:value 1.324312e-03 .

_:0eda1491-fee4-45a7-814c-80b67e9bd2ba a essentia:DerivativeVariance ;
    afo:value 3.093241e-04 .

_:0f2f1346-bd6b-443c-9b28-4ddf946ace2b a essentia:Minimum ;
    afo:value 2.616003e-03 .

_:10ca0253-89a4-41d0-bfe3-649edb250924 a essentia:Variance ;
    afo:values ( 7.673981e+00 8.24219e+00 7.992093e+00 7.503485e+00 7.766116e+00 6.335291e+00 ) .

_:111b9311-527c-456f-a54a-9614625161f2 a essentia:DerivativeVariance ;
    afo:value 1.657552e+02 .

_:113ed715-3cd6-449b-812f-5e4b6195648b a essentia:Maximum ;
    afo:value 3.911345e-01 .

_:11584443-7f11-4918-9e92-3201b52c589a a essentia:Minimum ;
    afo:value 3.358859e-02 .

_:12937344-af4c-4287-8773-8eb4c4d7c497 a essentia:MFCC ;
    event:time _:bcad8018-d36f-49af-a7c1-6af55bac0793 ;
    afo:computed_by _:LowLevelExtractor ;
    afo:feature _:0b72c0ce-2c7f-4a1a-a6d1-bfe0ecb6b12a,
        [ a essentia:Mean ;
            afo:values ( -7.25592e+02 1.38774e+02 2.413728e+01 2.037521e+01 3.229433e+00 8.511906e-01 -1.019992e+00 1.061413e+01 1.115633e-01 -8.503548e+00 9.98032e+00 -5.291235e-01 -9.961314e-02 ) ],
        [ a essentia:Covariance ;
            afo:dimensions ( 13 13 ) ;
            afo:values ( 1.573661e+04 -8.750129e+02 -2.069079e+03 -4.017102e+02 -6.261033e+02 -3.181299e+02 -4.675615e+02 1.979951e+02 -2.815219e+02 -5.179253e+02 1.611852e+02 -2.944018e+02 -3.496505e+02 -8.750129e+02 3.078377e+03 4.178624e+02 -4.99725e+02 -1.00086e+02 -1.114181e+02 4.012577e+01 6.128306e+01 -7.184999e+01 2.708447e+01 1.13028e+02 4.29737e+01 -8.620517e-01 -2.069079e+03 4.178624e+02 1.335466e+03 1.323681e+02 1.017733e+02 8.637463e+01 9.315325e+01 -2.231299e+01 6.892836e+01 9.780225e+01 -2.607064e+01 5.239248e+01 1.291763e+02 -4.017102e+02 -4.99725e+02 1.323681e+02 8.207138e+02 2.308444e+02 5.31699e+01 -1.722693e+00 -4.440743e+01 1.206778e+02 -1.672182e+01 -7.522581e+01 2.663669e+01 1.215424e+02 -6.261033e+02 -1.00086e+02 1.017733e+02 2.308444e+02 4.207275e+02 4.543988e+01 -7.390434e+01 -6.678873e+01 3.845359e+01 7.934651e+01 -5.858863e+01 1.137647e+00 7.150545e+01 -3.181299e+02 -1.114181e+02 8.637463e+01 5.31699e+01 4.543988e+01 2.364081e+02 1.020041e+02 -2.812187e+01 2.554605e+01 5.811855e+01 1.248195e+01 4.629976e+01 9.303496e+00 -4.675615e+02 4.012577e+01 9.315325e+01 -1.722693e+00 -7.390434e+01 1.020041e+02 3.169885e+02 3.528688e+01 3.236827e+01 4.551224e+01 -4.541249e+00 6.271692e+01 1.062505e+01 1.979951e+02 6.128306e+01 -2.231299e+01 -4.440743e+01 -6.678873e+01 -2.812187e+01 3.528688e+01 1.693533e+02 1.399829e+01 -2.392019e+01 2.049764e+01 -1.006017e+01 -7.788333e+00 -2.815219e+02 -7.184999e+01 6.892836e+01 1.206778e+02 3.845359e+01 2.554605e+01 3.236827e+01 1.399829e+01 1.521418e+02 5.979012e+01 -2.491254e+01 2.125447e+01 2.647895e+01 -5.179253e+02 2.708447e+01 9.780225e+01 -1.672182e+01 7.934651e+01 5.811855e+01 4.551224e+01 -2.392019e+01 5.979012e+01 2.128929e+02 1.928943e+01 2.86233e+01 1.490924e+01 1.611852e+02 1.13028e+02 -2.607064e+01 -7.522581e+01 -5.858863e+01 1.248195e+01 -4.541249e+00 2.049764e+01 -2.491254e+01 1.928943e+01 1.318455e+02 2.823684e+01 -3.065212e+01 -2.944018e+02 4.29737e+01 5.239248e+01 2.663669e+01 1.137647e+00 4.629976e+01 6.271692e+01 -1.006017e+01 2.125447e+01 2.86233e+01 2.823684e+01 1.175438e+02 3.022096e+01 -3.496505e+02 -8.620517e-01 1.291763e+02 1.215424e+02 7.150545e+01 9.303496e+00 1.062505e+01 -7.788333e+00 2.647895e+01 1.490924e+01 -3.065212e+01 3.022096e+01 1.370237e+02 ) ] .

_:12c7b1bc-3405-40f8-aae5-de633479e6da a essentia:Minimum ;
    afo:value 4.767442e-01 .

_:13f66250-eb29-486b-9119-e016bb4a6cf4 a essentia:DerivativeMean ;
    afo:value 5.937992e-01 .

_:13fedacf-c00c-49d5-93df-e590cff562d7 a essentia:Median ;
    afo:value -4.69967e-09 .

_:1414fa9d-0efa-43eb-afae-e98f08468851 a essentia:ChordsStrength ;
    event:time _:bcad8018-d36f-49af-a7c1-6af55bac0793 ;
    afo:computed_by _:LowLevelExtractor ;
    afo:feature _:0a465f0a-8dad-4917-82f2-7014de3ac9c4,
        [ a essentia:Minimum ;
            afo:value -1 ],
        [ a essentia:DerivativeVariance ;
            afo:value 6.111913e-04 ],
        [ a essentia:Mean ;
            afo:value 4.328542e-01 ],
        [ a essentia:Median ;
            afo:value 4.356081e-01 ],
        [ a essentia:SecondDerivativeVariance ;
            afo:value 1.275492e-03 ],
        [ a essentia:DerivativeMean ;
            afo:value 1.015162e-02 ],
        [ a essentia:Variance ;
            afo:value 3.490863e-02 ],
        [ a essentia:SecondDerivativeMean ;
            afo:value 1.125637e-02 ] .

_:144f4c15-283b-49bd-91f0-590c1956cdbb a essentia:DerivativeMean ;
    afo:value 0 .

_:148e321a-3332-408e-89f7-ad96058fe21f a essentia:SecondDerivativeMean ;
    afo:values ( 4.192339e-01 2.54195e-01 3.074786e-01 2.380468e-01 8.365677e-02 1.87958e-01 ) .

_:149912b9-2bd5-4f30-92dc-3cfc55d184bb a essentia:Median ;
    afo:value 8.775816e-05 .

_:15d97729-88b5-41da-be2c-54c1cc72facf a essentia:InverseCovariance ;
    afo:dimensions ( 13 13 ) ;
    afo:values ( 1.397372e-04 -2.076235e-04 3.183174e-04 -2.578409e-04 3.898947e-04 -4.098208e-04 4.581826e-04 -3.798877e-04 5.200466e-04 -3.974131e-04 4.969502e-04 -3.962599e-04 3.542585e-04 -2.076235e-04 9.253162e-04 -6.274866e-04 7.939304e-04 -6.647334e-04 1.030854e-03 -8.128625e-04 6.662753e-04 -9.808246e-04 9.290077e-04 -1.161755e-03 9.03011e-04 -1.719303e-04 3.183174e-04 -6.274866e-04 1.519855e-03 -8.124489e-04 9.254144e-04 -1.334667e-03 8.537608e-04 -6.579421e-04 8.539101e-04 -8.744936e-04 6.469808e-04 -2.267344e-04 -7.147834e-05 -2.578409e-04 7.939304e-04 -8.124489e-04 2.022743e-03 -1.012691e-03 1.333105e-03 -7.248871e-04 4.898268e-04 -1.107632e-03 1.633204e-04 -3.863496e-04 7.110442e-04 -1.063877e-03 3.898947e-04 -6.647334e-04 9.254144e-04 -1.012691e-03 3.845496e-03 -9.919236e-04 7.850729e-04 -8.76737e-04 8.02106e-04 -1.673966e-03 1.035074e-03 -2.427882e-04 -3.168176e-04 -4.098208e-04 1.030854e-03 -1.334667e-03 1.333105e-03 -9.919236e-04 6.203984e-03 -2.412254e-03 1.023114e-03 -9.957543e-04 3.515563e-04 -1.843079e-03 2.68058e-03 3.420843e-06 4.581826e-04 -8.128625e-04 8.537608e-04 -7.248871e-04 7.850729e-04 -2.412254e-03 5.191546e-03 -2.321976e-03 2.777868e-03 -1.684445e-03 1.063362e-03 -1.509458e-03 1.583453e-03 -3.798877e-04 6.662753e-04 -6.579421e-04 4.898268e-04 -8.76737e-04 1.023114e-03 -2.321976e-03 8.412257e-03 -2.503954e-03 2.132024e-03 -1.162897e-03 1.709491e-03 -1.357913e-03 5.200466e-04 -9.808246e-04 8.539101e-04 -1.107632e-03 8.02106e-04 -9.957543e-04 2.777868e-03 -2.503954e-03 9.105472e-03 -3.134118e-03 1.946932e-03 -5.399978e-04 1.669722e-03 -3.974131e-04 9.290077e-04 -8.744936e-04 1.633204e-04 -1.673966e-03 3.515563e-04 -1.684445e-03 2.132024e-03 -3.134118e-03 1.152146e-02 -4.778918e-03 3.559401e-03 -1.981382e-03 4.969502e-04 -1.161755e-03 6.469808e-04 -3.863496e-04 1.035074e-03 -1.843079e-03 1.063362e-03 -1.162897e-03 1.946932e-03 -4.778918e-03 1.369097e-02 -5.748046e-03 1.68262e-03 -3.962599e-04 9.03011e-04 -2.267344e-04 7.110442e-04 -2.427882e-04 2.68058e-03 -1.509458e-03 1.709491e-03 -5.399978e-04 3.559401e-03 -5.748046e-03 1.337347e-02 -6.307745e-03 3.542585e-04 -1.719303e-04 -7.147834e-05 -1.063877e-03 -3.168176e-04 3.420843e-06 1.583453e-03 -1.357913e-03 1.669722e-03 -1.981382e-03 1.68262e-03 -6.307745e-03 1.341712e-02 ) .

_:15dd57ae-1633-4644-a969-b952f7820c91 a essentia:MelBands ;
    event:time _:bcad8018-d36f-49af-a7c1-6af55bac0793 ;
    afo:computed_by _:LowLevelExtractor ;
    afo:feature [ a essentia:Kurtosis ;
            afo:feature [ a essentia:Mean ;
                    afo:value 1.831565e+01 ],
                [ a essentia:Variance ;
                    afo:value 1.54353e+03 ],
                [ a essentia:Minimum ;
                    afo:value -1.833469e+00 ],
                [ a essentia:Maximum ;
                    afo:value 1.089567e+03 ],
                [ a essentia:DerivativeVariance ;
                    afo:value 6.69192e+02 ],
                [ a essentia:Median ;
                    afo:value 7.796435e+00 ],
                [ a essentia:SecondDerivativeMean ;
                    afo:value 1.396177e+01 ],
                [ a essentia:SecondDerivativeVariance ;
                    afo:value 1.510698e+03 ],
                [ a essentia:DerivativeMean ;
                    afo:value 9.09532e+00 ] ] .

_:16224562-48b1-42ac-b563-1d1f12d9923f a essentia:SecondDerivativeVariance ;
    afo:value 2.743239e-01 .

_:1687ebfc-3794-4bc7-814e-e62bc3bc5ff3 a essentia:Variance ;
    afo:value 0 .

_:16ba9312-1def-424c-afb0-907f678e4599 a essentia:DerivativeVariance ;
    afo:value 1.036413e+00 .

_:174e5891-c44e-4423-ae1b-d9f18de5e83b a essentia:DerivativeVariance ;
    afo:value 8.750929e-01 .

_:17ccc056-2b24-4349-9721-19b99748b8af a essentia:SpectralValley ;
    event:time _:bcad8018-d36f-49af-a7c1-6af55bac0793 ;
    afo:computed_by _:LowLevelExtractor ;
    afo:feature _:10ca0253-89a4-41d0-bfe3-649edb250924,
        [ a essentia:DerivativeMean ;
            afo:values ( 3.33511e-01 3.773931e-01 3.372961e-01 3.172514e-01 2.548935e-01 2.940116e-01 ) ],
        [ a essentia:Minimum ;
            afo:values ( -2.838846e+01 -2.802801e+01 -2.776912e+01 -2.798916e+01 -2.746454e+01 -2.740659e+01 ) ],
        [ a essentia:Maximum ;
            afo:values _:0c1471cb-09d6-43a9-bae8-3704225ec514 ],
        [ a essentia:Mean ;
            afo:values ( -7.93263e+00 -7.771346e+00 -8.491204e+00 -9.207632e+00 -9.084516e+00 -1.111958e+01 ) ],
        [ a essentia:DerivativeVariance ;
            afo:values ( 1.073819e-01 1.347671e-01 1.054064e-01 1.097461e-01 9.194262e-02 1.631158e-01 ) ],
        [ a essentia:Median ;
            afo:values ( -7.465769e+00 -7.22339e+00 -7.978997e+00 -8.771643e+00 -8.718784e+00 -1.075349e+01 ) ],
        [ a essentia:SecondDerivativeVariance ;
            afo:values ( 2.305706e-01 3.012544e-01 2.106602e-01 2.140047e-01 1.525323e-01 2.516867e-01 ) ],
        [ a essentia:SecondDerivativeMean ;
            afo:values ( 5.367013e-01 6.048068e-01 5.321925e-01 4.917424e-01 3.74834e-01 3.99709e-01 ) ] .

_:18231f71-e142-457d-b675-607d9a2f0605 a essentia:BPM ;
    event:time _:bcad8018-d36f-49af-a7c1-6af55bac0793 ;
    afo:value 9.057664e+01 .

_:18e94c5b-1202-4462-9bf6-22c111a08060 rdf:first 4.527891e-01 ;
    rdf:rest ( 8.707483e-01 1.300317e+00 1.741497e+00 2.194286e+00 2.635465e+00 3.088254e+00 3.541043e+00 3.993832e+00 4.446621e+00 4.8878e+00 5.328979e+00 5.770159e+00 6.211338e+00 6.664127e+00 7.105306e+00 7.546485e+00 7.987664e+00 8.440454e+00 8.893243e+00 9.346031e+00 9.78721e+00 1.022839e+01 1.066957e+01 1.112236e+01 1.157515e+01 1.203955e+01 1.250395e+01 1.296834e+01 1.342113e+01 1.386231e+01 1.430349e+01 1.474467e+01 1.519746e+01 1.565025e+01 1.609143e+01 1.657905e+01 1.707828e+01 1.758912e+01 1.812317e+01 1.864562e+01 1.917968e+01 1.971374e+01 2.023619e+01 2.075864e+01 2.12927e+01 2.182676e+01 2.237243e+01 2.29297e+01 2.346376e+01 2.400943e+01 2.456671e+01 2.511238e+01 2.565805e+01 2.621533e+01 2.678422e+01 2.735311e+01 2.793361e+01 2.852571e+01 2.90946e+01 2.966349e+01 3.023238e+01 3.080127e+01 3.147465e+01 3.214803e+01 3.28098e+01 3.345995e+01 3.411011e+01 3.469061e+01 3.527111e+01 3.593288e+01 3.660626e+01 3.727964e+01 3.795301e+01 3.862639e+01 3.927655e+01 3.99151e+01 4.054204e+01 4.116898e+01 4.180753e+01 4.244608e+01 4.310785e+01 4.376962e+01 4.44546e+01 4.502349e+01 4.558077e+01 4.611483e+01 4.664889e+01 4.717134e+01 4.769379e+01 4.820462e+01 4.872707e+01 4.923791e+01 4.976036e+01 5.02712e+01 5.080526e+01 5.135093e+01 5.20127e+01 5.266286e+01 5.331301e+01 5.391673e+01 5.453206e+01 5.514739e+01 5.576272e+01 5.635483e+01 5.695855e+01 5.756227e+01 5.816599e+01 5.87697e+01 5.93502e+01 5.994231e+01 6.053442e+01 6.113814e+01 6.173025e+01 6.233397e+01 6.299574e+01 6.366911e+01 6.434249e+01 6.501587e+01 6.567764e+01 6.633941e+01 6.698957e+01 6.763972e+01 6.83015e+01 6.896326e+01 6.963664e+01 7.032163e+01 7.101823e+01 7.162195e+01 7.223727e+01 7.2841e+01 7.344472e+01 7.404843e+01 7.475665e+01 7.547646e+01 7.618467e+01 7.688127e+01 7.758948e+01 7.829768e+01 7.90059e+01 7.972572e+01 8.045714e+01 8.118857e+01 8.185034e+01 8.25005e+01 8.316227e+01 8.382404e+01 8.447419e+01 8.512435e+01 8.579773e+01 8.647111e+01 8.71561e+01 8.781786e+01 8.847964e+01 8.91414e+01 8.981478e+01 9.048816e+01 9.116154e+01 9.183492e+01 9.248508e+01 9.312363e+01 9.378539e+01 9.443555e+01 9.50741e+01 9.563138e+01 9.620027e+01 9.68156e+01 9.743093e+01 9.804626e+01 9.85687e+01 9.910277e+01 9.963683e+01 1.001709e+02 1.007049e+02 1.013203e+02 1.019472e+02 1.025742e+02 1.031895e+02 1.038048e+02 1.044085e+02 1.050006e+02 1.055463e+02 1.06092e+02 1.066376e+02 1.071833e+02 1.077406e+02 1.082979e+02 1.089132e+02 1.095285e+02 1.101439e+02 1.107708e+02 1.113861e+02 1.120363e+02 1.126864e+02 1.133714e+02 1.140564e+02 1.147646e+02 1.154728e+02 1.162043e+02 1.169357e+02 1.176091e+02 1.182824e+02 1.189326e+02 1.195944e+02 1.202678e+02 1.209643e+02 1.216726e+02 1.223808e+02 1.23089e+02 1.23832e+02 1.245751e+02 1.252136e+02 1.258521e+02 1.264443e+02 1.270248e+02 1.276053e+02 1.281858e+02 1.287779e+02 1.293584e+02 1.299156e+02 1.304729e+02 1.310186e+02 1.315643e+02 1.320983e+02 1.327485e+02 1.333754e+02 1.340256e+02 1.346757e+02 1.353259e+02 1.359761e+02 1.366262e+02 1.372764e+02 1.379381e+02 1.385999e+02 1.392733e+02 1.399467e+02 1.4062e+02 1.413166e+02 1.4199e+02 1.426518e+02 1.434064e+02 1.441611e+02 1.449041e+02 1.456356e+02 1.463554e+02 1.470868e+02 1.47737e+02 1.483871e+02 1.489328e+02 1.494785e+02 1.500357e+02 1.50593e+02 1.511503e+02 1.51754e+02 1.523577e+02 1.529498e+02 1.535536e+02 1.541573e+02 1.54761e+02 1.553647e+02 1.559684e+02 1.565489e+02 1.571526e+02 1.577332e+02 1.583136e+02 1.588941e+02 1.594746e+02 1.600551e+02 1.606357e+02 1.612278e+02 1.618199e+02 1.624236e+02 1.630273e+02 1.636194e+02 1.642347e+02 1.648501e+02 1.654654e+02 1.660807e+02 1.6658e+02 1.670676e+02 1.675552e+02 1.680428e+02 1.685072e+02 1.689716e+02 1.694476e+02 1.699236e+02 1.704112e+02 1.708873e+02 1.713517e+02 1.718161e+02 1.722805e+02 1.726984e+02 1.731164e+02 1.735227e+02 1.739407e+02 1.743586e+02 1.747766e+02 1.751945e+02 1.756241e+02 1.760537e+02 1.764833e+02 1.769128e+02 1.773424e+02 1.777836e+02 1.782132e+02 1.786543e+02 ) .

_:19ac02f3-28b3-46cc-a61f-d985d2acabd2 a essentia:Variance ;
    afo:value 2.42884e+01 .

_:19b844c1-497d-4b19-b06c-63bd4150cad6 a essentia:DerivativeVariance ;
    afo:values ( 2.981847e-07 5.497703e-06 4.234886e-06 8.548977e-06 2.956486e-06 5.820903e-06 7.243094e-06 7.047275e-06 4.439381e-06 4.192307e-06 3.852953e-06 3.200909e-06 1.045259e-06 3.930823e-07 2.848379e-07 2.578498e-07 1.623422e-07 1.398289e-07 1.597315e-07 7.120543e-09 1.21947e-07 5.126154e-07 3.491499e-08 6.665513e-08 7.823922e-08 3.842106e-09 4.777542e-10 ) .

_:1a0ab504-5457-4d92-9b91-2141e288d0f3 rdf:first 2.745278e-02 ;
    rdf:rest ( 9.640756e-02 3.324897e-02 5.413461e-02 3.394219e-02 5.648831e-02 5.441464e-02 6.050471e-02 5.635215e-02 5.748751e-02 5.451618e-02 4.288615e-02 2.761347e-02 2.376509e-02 1.387467e-02 1.243703e-02 1.139735e-02 1.091577e-02 1.193542e-02 2.358903e-03 1.176789e-02 1.540632e-02 5.276667e-03 9.076814e-03 7.165428e-03 2.55309e-03 7.110285e-04 ) .

_:1a11a8f5-0711-43fe-915f-c1a941216480 a essentia:Minimum ;
    afo:value -5.157559e+00 .

_:1a1f722c-b6dc-4ed4-8d7b-0703b4dec648 a essentia:SecondDerivativeMean ;
    afo:value 8.964404e-01 .

_:1a5df939-d315-4b42-b2f0-dadb7dbf5184 a essentia:Variance ;
    afo:value 2.339293e+01 .

_:1aa39bd9-7732-4ec6-aeda-b94d2b149859 a essentia:Variance ;
    afo:values _:06c37840-2388-400b-bb1f-4145b10f8e10 .

_:1ae72d61-4e00-4774-87ba-ba4f9352e4aa a essentia:SecondDerivativeVariance ;
    afo:value 7.220739e-01 .

_:1b53aa57-7c20-4534-a513-a0d8b68124be a essentia:Median ;
    afo:value 1.47541e-01 .

_:1bcad587-6c09-47fe-ba98-44ce0f097573 a essentia:Maximum ;
    afo:value 2.878183e+02 .

_:1be3d30d-5895-4344-9ada-042de835ef4f a essentia:Median ;
    afo:value 1.085833e+01 .

_:1c9dada2-b321-4ebd-a081-d5199c627fc8 a essentia:Maximum ;
    afo:value 1.820345e+02 .

_:1cee04f9-9a2e-47c8-a2c5-61b6af21469b a essentia:SecondDerivativeMean ;
    afo:value 4.040533e+00 .

_:1d0efd4c-05a7-4fdd-bc52-a954bae0ae31 a essentia:MelBands ;
    event:time _:bcad8018-d36f-49af-a7c1-6af55bac0793 ;
    afo:computed_by _:LowLevelExtractor ;
    afo:feature [ a essentia:Spread ;
            afo:feature _:111b9311-527c-456f-a54a-9614625161f2,
                [ a essentia:SecondDerivativeMean ;
                    afo:value 8.667939e+00 ],
                [ a essentia:SecondDerivativeVariance ;
                    afo:value 3.022176e+02 ],
                [ a essentia:Maximum ;
                    afo:value 2.925287e+02 ],
                [ a essentia:Median ;
                    afo:value 1.04182e+01 ],
                [ a essentia:DerivativeMean ;
                    afo:value 5.915183e+00 ],
                [ a essentia:Mean ;
                    afo:value 2.313668e+01 ],
                [ a essentia:Minimum ;
                    afo:value 3.898141e-01 ],
                [ a essentia:Variance ;
                    afo:value 1.15923e+03 ] ] .

_:1d722753-a37a-4bab-bed3-c4ee6d12e6d5 a essentia:SecondDerivativeMean ;
    afo:value 2.731283e-02 .

_:1e12658f-6353-421f-ad05-18d40de3f158 a essentia:Maximum ;
    afo:value 1.375585e+01 .

_:1e516a1c-e75b-477f-95d0-9a30081c46c3 a essentia:Variance ;
    afo:value 1.24005e-02 .

_:1ebe0163-0e98-48e8-9a89-f997a9a3843a a essentia:Variance ;
    afo:value 2625897 .

_:1f0bf9e8-ddc5-4978-9006-1b7417653db5 a essentia:Minimum ;
    afo:value 1.311475e-01 .

_:20a32805-1b69-453f-836f-170273f138e1 rdf:first 1.196253e-04 ;
    rdf:rest ( 9.222307e-04 1.031819e-03 1.492931e-03 9.249724e-04 9.295857e-04 1.089935e-03 8.959603e-04 6.765049e-04 5.984158e-04 5.251564e-04 5.11837e-04 3.108911e-04 1.803658e-04 1.40053e-04 1.355807e-04 1.470943e-04 1.488399e-04 1.311462e-04 2.996613e-05 8.101387e-05 1.476098e-04 4.400991e-05 4.880548e-05 5.929534e-05 1.504759e-05 6.630344e-06 ) .

_:20b359d3-4bc4-4f99-b8c0-ab668a31f745 a essentia:SecondDerivativeMean ;
    afo:value 3.284906e-02 .

_:229a2b17-3a15-416d-8fa2-f881bb3dce33 a essentia:Median ;
    afo:value 2.549894e-02 .

_:22d0746c-c8c8-4f6c-b3f7-2804ef86e2c6 a essentia:Mean ;
    afo:values ( -6.306426e-01 -6.733344e-01 -7.421219e-01 -7.734105e-01 -7.815146e-01 -7.810316e-01 ) .

_:23035d4d-343a-4b8d-a86d-63a1e0f64f3b a essentia:KeyStrength ;
    event:time _:bcad8018-d36f-49af-a7c1-6af55bac0793 ;
    afo:value 5.426984e-01 .

_:235e9a67-d634-442a-83f7-63d6d66cb191 a essentia:Crest ;
    afo:feature [ a essentia:Maximum ;
            afo:value 2.495233e+01 ],
        [ a essentia:SecondDerivativeVariance ;
            afo:value 1.147236e+01 ],
        [ a essentia:Mean ;
            afo:value 1.108496e+01 ],
        [ a essentia:DerivativeVariance ;
            afo:value 4.536736e+00 ],
        [ a essentia:Median ;
            afo:value 1.050977e+01 ],
        [ a essentia:SecondDerivativeMean ;
            afo:value 3.579728e+00 ],
        [ a essentia:Variance ;
            afo:value 1.639215e+01 ],
        [ a essentia:Minimum ;
            afo:value 2.745411e+00 ],
        [ a essentia:DerivativeMean ;
            afo:value 2.235337e+00 ] .

_:2444d9c3-d1ad-4cd5-a228-92985c0860ca a essentia:Minimum ;
    afo:value 3.941852e-01 .

_:24654357-7e2e-4e86-b6da-603d81df5194 a essentia:SecondDerivativeVariance ;
    afo:value 0 .

_:248682f5-26fd-47cf-a783-beb7a2d98a19 rdf:first 2.75412e-23 ;
    rdf:rest ( 1.760545e-22 2.350154e-21 6.768987e-21 9.14462e-21 1.61231e-20 2.962113e-20 4.668414e-20 7.279619e-20 1.851384e-19 2.282567e-19 4.066099e-19 4.31693e-19 6.053848e-19 1.164056e-18 9.726251e-19 9.893667e-19 1.67756e-18 2.509418e-18 3.753056e-18 3.810837e-18 4.372323e-18 5.246053e-18 6.24898e-18 7.020536e-18 8.979996e-18 8.665082e-18 8.056894e-18 9.954626e-18 1.199988e-17 1.06084e-17 1.05468e-17 9.596518e-18 8.465179e-18 5.557078e-18 3.99918e-18 2.179504e-18 9.732056e-19 2.359124e-19 2.907458e-20 ) .

_:2585e6aa-b948-49f2-818a-d34ecb0a9103 a essentia:SecondDerivativeMean ;
    afo:value 0 .

_:25e31556-ff9c-460b-86ff-ddcec4201a65 a essentia:DerivativeVariance ;
    afo:value 1.495193e-06 .

_:25e7584c-f15b-467c-9519-cb86b7dcfa78 a essentia:Maximum ;
    afo:value 5.317383e-01 .

_:26266660-a352-4cb4-bfbf-660b913b4cf6 a essentia:Mean ;
    afo:value 1.311475e-01 .

_:26659618-5234-4ed2-a49e-8183c6eb7523 a essentia:DerivativeMean ;
    afo:value 3.524046e+02 .

_:26925579-ce4e-454d-86f7-5c3e2a06d1a2 rdf:first 4.044139e+00 ;
    rdf:rest ( 2.135684e+01 2.374326e+01 1.449138e+02 8.595505e+01 1.190792e+02 4.254089e+02 7.102842e+02 8.984396e+02 1.575513e+03 1.113368e+03 1.680326e+03 1.658487e+03 1.12979e+03 2.106133e+03 2.064136e+03 1.478984e+03 7.348282e+02 8.34132e+02 8.026149e+02 8.908827e+02 6.673244e+02 5.04223e+02 5.473513e+02 5.794178e+02 9.94628e+01 2.579315e+02 8.509158e+02 6.855357e+02 3.353314e+02 1.520969e+02 2.179906e+02 1.294811e+02 1.115721e+02 3.783798e+01 1.450688e+01 4.634204e+00 1.124598e+00 1.151677e-01 3.298643e-03 ) .

_:26a9faab-9a2d-43bd-bd8e-40b3903f64cb a essentia:DerivativeVariance ;
    afo:value 1.142954e+06 .

_:276c8eda-f919-457d-9947-81eb3f192a6e a essentia:Entropy ;
    event:time _:bcad8018-d36f-49af-a7c1-6af55bac0793 ;
    afo:computed_by _:LowLevelExtractor ;
    afo:feature _:0bf159a1-e435-4074-8dd7-a75fe255c87c,
        [ a essentia:Variance ;
            afo:value 7.361068e-01 ],
        [ a essentia:Mean ;
            afo:value 7.021811e+00 ],
        [ a essentia:Minimum ;
            afo:value 3.993168e+00 ],
        [ a essentia:Median ;
            afo:value 7.018236e+00 ],
        [ a essentia:SecondDerivativeMean ;
            afo:value 2.789317e-01 ],
        [ a essentia:DerivativeVariance ;
            afo:value 5.627649e-02 ],
        [ a essentia:Maximum ;
            afo:value 9.824015e+00 ],
        [ a essentia:SecondDerivativeVariance ;
            afo:value 1.042028e-01 ] .

_:27740740-9733-43e5-866b-09eb75d4f8c3 a essentia:SecondDerivativeMean ;
    afo:value 3.420071e-02 .

_:279a375d-f5fa-4dc2-878d-32f481d26480 a essentia:Variance ;
    afo:value 0 .

_:27b1ad02-4e19-4e41-b6de-55db8f6ee2f8 a essentia:Mean ;
    afo:value 3.03215e+01 .

_:29b0d707-f52f-4de2-a5b9-c1c0b083eff4 a essentia:SecondDerivativeMean ;
    afo:value 7.079967e+00 .

_:29e82ac4-771c-42f5-a148-68a5dadaa6a6 a essentia:SecondDerivativeVariance ;
    afo:values ( 5.389876e-07 1.375369e-05 1.124999e-05 1.909207e-05 7.118798e-06 1.153062e-05 1.804521e-05 1.620004e-05 8.231356e-06 5.767224e-06 8.511143e-06 6.398792e-06 2.343892e-06 9.945367e-07 6.163109e-07 6.384616e-07 3.299314e-07 2.887937e-07 3.214288e-07 1.786695e-08 2.782323e-07 1.100592e-06 7.657769e-08 1.099404e-07 1.534478e-07 7.86169e-09 1.18098e-09 ) .

_:2b52083d-593a-4b8b-bee3-1d2c7706cfd5 a essentia:NonTemperedEnergyRatio ;
    event:time _:bcad8018-d36f-49af-a7c1-6af55bac0793 ;
    afo:value 9.171999e-01 .

_:2c11c51f-6c20-4363-ba8a-fb859ba25d91 a essentia:Mean ;
    afo:value 5179743 .

_:2c1aa7eb-9359-49ab-9d13-623e7d9bfbd5 a essentia:DerivativeMean ;
    afo:values ( 2.424904e-01 1.449405e-01 1.760062e-01 1.310915e-01 4.981373e-02 1.032595e-01 ) .

_:2c25dd6d-ab69-4165-9704-a9aad53fd404 a essentia:DerivativeMean ;
    afo:value 3.392319e-04 .

_:2d177008-70b8-444c-b443-6d2e46e58cfb a essentia:Median ;
    afo:value 9.391945e+00 .

_:2dcfa754-a000-4192-82de-4cd332f6a144 a essentia:KeyScale ;
    event:time _:bcad8018-d36f-49af-a7c1-6af55bac0793 ;
    afo:value "major" .

_:2f31cd2c-0a3b-4c5b-bf29-f88691700574 a essentia:Variance ;
    afo:value 9232474 .

_:2f3dc55a-0a82-4f19-a28b-947732e666e0 a essentia:Mean ;
    afo:value 4.273119e-03 .

_:30eb7145-c13e-498e-aa42-e68c7c6ca419 a essentia:SecondDerivativeMean ;
    afo:values ( 4.547526e-04 4.945169e-04 9.009154e-04 3.522618e-04 2.382467e-04 2.872885e-04 3.133439e-04 3.567386e-04 1.809038e-04 1.311341e-04 1.289155e-04 1.0536e-04 1.159215e-04 8.661754e-05 5.79238e-05 4.629799e-05 2.613972e-05 1.988828e-05 1.52191e-05 1.362085e-05 1.440838e-05 1.264814e-05 1.352907e-05 1.02358e-05 1.025581e-05 6.776841e-06 2.40254e-06 1.49027e-06 1.772525e-06 2.863883e-06 5.204088e-06 6.270885e-06 3.253102e-06 1.618631e-06 1.086908e-06 8.982743e-07 8.73397e-07 8.023035e-07 1.263596e-06 9.773511e-07 ) .

_:31e5d8ea-ddb2-4d7b-b516-3074754ea3f8 a essentia:EnergyBand ;
    event:time _:bcad8018-d36f-49af-a7c1-6af55bac0793 ;
    afo:computed_by _:LowLevelExtractor ;
    afo:feature _:04ff1e41-bece-4a09-8e3e-3f8da8fbadf2,
        [ a essentia:Minimum ;
            afo:value 1.123018e-21 ],
        [ a essentia:DerivativeMean ;
            afo:value 1.691277e-03 ],
        [ a essentia:Median ;
            afo:value 1.085688e-03 ],
        [ a essentia:Maximum ;
            afo:value 7.170437e-02 ],
        [ a essentia:Mean ;
            afo:value 5.259992e-03 ],
        [ a essentia:SecondDerivativeVariance ;
            afo:value 2.003936e-05 ],
        [ a essentia:DerivativeVariance ;
            afo:value 1.196461e-05 ],
        [ a essentia:SecondDerivativeMean ;
            afo:value 2.284687e-03 ] .

_:325caf80-c2e2-4606-b9dd-ee643da4e05c a essentia:SecondDerivativeVariance ;
    afo:value 0 .

_:3302429a-13e9-41b4-a3ce-0fd50f0f52c5 a essentia:Mean ;
    afo:value 1.801318e+00 .

_:33cfb74e-a1b9-46ac-bbff-e4848d33d0bb a essentia:Variance ;
    afo:value 2.817756e-04 .

_:33d43a74-bfbd-4a0f-8eaa-77e059a54abb a essentia:Median ;
    afo:value 5.598633e+02 .

_:33e5b5e6-e8c2-49b5-aecc-b97fb9efdef2 rdf:first 2.699923e-02 ;
    rdf:rest ( 1.4309e-02 2.003663e-02 6.251649e-03 1.319239e-02 1.375001e-02 1.207228e-02 1.606111e-02 9.967513e-03 9.25325e-03 8.807764e-03 5.442555e-03 8.629389e-03 5.50861e-03 2.559943e-03 3.191483e-03 1.413738e-03 1.890875e-03 9.529531e-04 7.984542e-04 1.101101e-03 8.243413e-04 6.851777e-04 4.620129e-04 4.799341e-04 4.934563e-04 1.877948e-04 7.338766e-05 1.631666e-04 2.341528e-04 5.554959e-04 4.945032e-04 4.584494e-04 1.623672e-04 7.420866e-05 1.258535e-04 1.453959e-04 1.024442e-04 1.419266e-04 9.20589e-05 ) .

_:33f99c2e-0e0d-4632-8bce-aa875be8719b a essentia:Variance ;
    afo:value 2.726924e+13 .

_:343b8173-f1df-4dc3-a588-b335a5ad4920 a essentia:SecondDerivativeMean ;
    afo:value 9.104826e+05 .

_:3467a2c9-824c-4ef4-8c6a-29da9ac2054f rdf:first 0 ;
    rdf:rest [ rdf:first 0 ;
            rdf:rest [ rdf:first 0 ;
                    rdf:rest [ rdf:first 0 ;
                            rdf:rest [ rdf:first 0 ;
                                    rdf:rest [ rdf:first 0 ;
                                            rdf:rest [ rdf:first 0 ;
                                                    rdf:rest [ rdf:first 0 ;
                                                            rdf:rest [ rdf:first 0 ;
                                                                    rdf:rest [ rdf:first 0 ;
                                                                            rdf:rest [ rdf:first 0 ;
                                                                                    rdf:rest [ rdf:first 0 ;
                                                                                            rdf:rest [ rdf:first 0 ;
                                                                                                    rdf:rest [ rdf:first 0 ;
                                                                                                            rdf:rest [ rdf:first 0 ;
