@prefix afo: <https://w3id.org/afo/onto/1.1#> .
@prefix dc: <http://purl.org/dc/elements/1.1/> .
@prefix essentia: <http://sovarr.c4dm.eecs.qmul.ac.uk/af/essentia/> .
@prefix event: <http://purl.org/NET/c4dm/event.owl#> .
@prefix foaf: <http://xmlns.com/foaf/0.1/> .
@prefix mo: <http://purl.org/ontology/mo/> .
@prefix rdf: <http://www.w3.org/1999/02/22-rdf-syntax-ns#> .
@prefix rdfs: <http://www.w3.org/2000/01/rdf-schema#> .
@prefix tl: <http://purl.org/NET/c4dm/timeline.owl#> .
@prefix xml: <http://www.w3.org/XML/1998/namespace> .
@prefix xsd: <http://www.w3.org/2001/XMLSchema#> .

<http://musicbrainz.org/release/e6a39f33-118e-4e71-a287-fe96fda78f27> a mo:Release ;
    dc:date "2010" ;
    dc:title "Unbound Saga" ;
    mo:publisher [ a mo:Label ] ;
    mo:publishing_location "US" ;
    mo:release_status mo:official ;
    mo:release_type mo:soundtrack ;
    mo:track <http://musicbrainz.org/recording/25e4778b-dfbc-439e-ab4f-cce834b00016> ;
    foaf:maker <http://musicbrainz.org/artist/9f9e737d-926a-49be-96bb-a7480d0861eb> .

<04+Power+Transfer.mp3> a mo:AudioFile ;
    mo:encodes [ a essentia:Signal ;
            mo:sample_rate "44100"^^xsd:interger ;
            mo:time _:936dd76b-713c-4792-8d86-8c7ff6e0aeb9 ;
            essentia:bit_rate "229056"^^xsd:float ;
            essentia:codec "mp3"^^xsd:string ;
            essentia:downmix "mix"^^xsd:string ;
            essentia:equal_loudness "0"^^xsd:float ;
            essentia:lossless false ;
            essentia:md5_encoded "a67ebe29459c4d0b2f14be827e2bb10b"^^xsd:string ;
            essentia:replay_gain "-16.7740497589"^^xsd:float ] .

<http://musicbrainz.org/artist/9f9e737d-926a-49be-96bb-a7480d0861eb> a mo:MusicArtist ;
    foaf:name "Acumen Nation" .

<http://musicbrainz.org/recording/25e4778b-dfbc-439e-ab4f-cce834b00016> a mo:Track ;
    dc:title "Power Transfer" ;
    mo:available_as <04+Power+Transfer.mp3> ;
    mo:genre [ a mo:Genre ;
            rdfs:label "Soundtrack" ] ;
    mo:track_number "4/15" .

[] a essentia:VersionInfo .

_:003f6a6f-5ed8-4753-8710-e3a2f9632427 a essentia:EqualTemperedDeviation ;
    event:time _:936dd76b-713c-4792-8d86-8c7ff6e0aeb9 ;
    afo:value 1.907473e-01 .

_:0073c303-c498-440b-8ac6-9e46e5da5a1f a essentia:DerivativeMean ;
    afo:value 3.664126e-01 .

_:00833b33-ef2a-431e-b249-e31208cdcaf0 a essentia:Maximum ;
    afo:value 63 .

_:009e9692-7d89-41ee-9f89-616095c68d82 a essentia:SecondDerivativeVariance ;
    afo:value 1.995002e-05 .

_:01b13586-968a-4fe2-ab91-0e68e022272d a essentia:Variance ;
    afo:value 3.69705e-04 .

_:02e43b2f-f741-41f3-9226-325463223854 a essentia:SecondDerivativeMean ;
    afo:value 0 .

_:03035b61-895c-43f8-aca5-1d85645697d8 rdf:first 4.185668e-01 ;
    rdf:rest ( 4.522983e-01 4.20137e-01 3.914719e-01 3.859345e-01 5.10078e-01 ) .

_:03169d50-068d-47af-ad62-cc6425defd61 a essentia:Mean ;
    afo:value 7.762238e-01 .

_:03a78733-59c6-4350-89b2-3b4cb7acd3fb a essentia:Minimum ;
    afo:value 1.44093e-02 .

_:03dd56e1-a90f-484e-a392-0fc016a5f826 a essentia:Variance ;
    afo:value 4.181556e-03 .

_:04c8c785-f848-4c4e-b19a-6eeef08803ab a essentia:FlatnessDB ;
    afo:feature [ a essentia:Maximum ;
            afo:value 6.577215e-01 ],
        [ a essentia:Variance ;
            afo:value 6.651733e-03 ],
        [ a essentia:DerivativeMean ;
            afo:value 3.989105e-02 ],
        [ a essentia:SecondDerivativeVariance ;
            afo:value 3.303577e-03 ],
        [ a essentia:DerivativeVariance ;
            afo:value 1.410642e-03 ],
        [ a essentia:Minimum ;
            afo:value 1.456215e-02 ],
        [ a essentia:SecondDerivativeMean ;
            afo:value 6.283788e-02 ],
        [ a essentia:Mean ;
            afo:value 1.901412e-01 ],
        [ a essentia:Median ;
            afo:value 1.785508e-01 ] .

_:05b1de70-2ee7-4623-b4bb-1e95cf00d3e9 a essentia:SecondDerivativeMean ;
    afo:value 0 .

_:06155088-e1d8-409a-9497-9e32b40e0d08 a essentia:Variance ;
    afo:value 6.411922e+05 .

_:0632a4cb-3504-4e96-9b4d-badb2ee1e059 a essentia:Median ;
    afo:value 1.05851e-01 .

_:06a7a7b2-5080-4d89-9f67-a2bc3c6f5bff a essentia:ERBBands ;
    event:time _:936dd76b-713c-4792-8d86-8c7ff6e0aeb9 ;
    afo:computed_by _:LowLevelExtractor ;
    afo:feature [ a essentia:SecondDerivativeVariance ;
            afo:values ( 9.750456e-01 9.592984e+00 1.369627e+02 5.151458e+02 2.189695e+03 4.818103e+03 1.209335e+03 4.897367e+02 1.777243e+03 1.303323e+03 1.574784e+03 2.558008e+03 1.242033e+03 1.161912e+03 1.943551e+03 2.254122e+03 2.754968e+03 1.043769e+03 1.307235e+03 1.281963e+03 1.004933e+03 8.572505e+02 2.541917e+03 1.945287e+03 5.31946e+02 5.48095e+02 5.376457e+02 3.988003e+02 2.320882e+02 2.287935e+02 2.541559e+02 1.93225e+02 4.843122e+01 6.539076e+01 4.658017e+01 2.515255e+01 7.627042e+00 1.841263e+00 8.022406e-02 9.936062e-05 ) ],
        [ a essentia:Mean ;
            afo:values ( 5.756386e-01 1.721932e+00 3.790717e+00 6.667743e+00 1.158237e+01 1.21518e+01 9.0021e+00 8.59846e+00 1.325492e+01 1.49414e+01 1.883899e+01 2.559111e+01 1.850771e+01 1.799602e+01 2.258833e+01 2.328714e+01 2.75252e+01 2.131793e+01 1.924006e+01 2.037359e+01 1.656132e+01 1.625129e+01 3.374591e+01 3.901044e+01 1.976193e+01 2.262925e+01 1.433883e+01 1.119722e+01 9.117916e+00 8.194016e+00 6.467475e+00 6.50266e+00 6.906105e+00 9.359317e+00 2.891701e+00 1.14385e+00 4.567306e-01 1.937476e-01 7.532603e-02 2.206008e-03 ) ],
        [ a essentia:DerivativeVariance ;
            afo:values ( 3.429241e-01 3.85886e+00 5.248584e+01 1.876594e+02 7.803346e+02 1.67706e+03 4.243184e+02 1.908209e+02 6.413227e+02 5.032468e+02 6.00639e+02 9.88269e+02 5.095655e+02 4.959517e+02 7.986618e+02 8.515882e+02 1.121344e+03 4.466125e+02 5.996425e+02 5.714468e+02 4.165643e+02 3.435442e+02 9.135975e+02 7.777748e+02 2.31674e+02 2.174579e+02 2.342984e+02 1.751424e+02 1.104941e+02 1.042348e+02 1.008593e+02 7.918701e+01 2.400472e+01 2.903089e+01 1.870023e+01 9.716578e+00 2.800835e+00 6.750424e-01 3.377765e-02 3.998499e-05 ) ],
        [ a essentia:Minimum ;
            afo:values ( 1.377295e-11 1.122319e-10 5.339003e-10 3.193919e-09 7.322161e-09 2.342115e-08 4.576807e-08 9.949542e-08 1.333982e-07 1.69879e-07 1.991852e-07 2.453897e-07 3.698771e-07 5.30923e-07 8.125964e-07 1.041289e-06 6.082209e-07 4.326644e-07 4.834131e-07 3.269641e-07 4.779788e-07 6.601833e-07 9.940699e-07 2.388213e-06 4.524482e-06 1.442307e-06 3.485666e-06 1.088284e-05 9.210057e-06 3.960882e-06 1.478208e-06 6.200326e-07 2.858829e-06 1.328038e-06 8.822812e-07 4.183875e-07 3.113256e-07 8.610792e-08 2.927474e-09 1.896986e-10 ) ],
        [ a essentia:Variance ;
            afo:values ( 4.462172e-01 5.462956e+00 4.685369e+01 1.588842e+02 5.741683e+02 9.87318e+02 2.762737e+02 1.927953e+02 5.395707e+02 5.286967e+02 8.122321e+02 1.826489e+03 8.868209e+02 7.615999e+02 1.18433e+03 1.196331e+03 2.276525e+03 7.75592e+02 9.748339e+02 1.127553e+03 5.860337e+02 4.502903e+02 1.232438e+03 1.496803e+03 4.380068e+02 4.282454e+02 3.817913e+02 2.929377e+02 2.261287e+02 1.737066e+02 1.122688e+02 1.011273e+02 5.815248e+01 1.323259e+02 1.9768e+01 7.476446e+00 1.908643e+00 4.579504e-01 3.945577e-02 3.615456e-05 ) ],
        [ a essentia:SecondDerivativeMean ;
            afo:values ( 7.429567e-01 2.156356e+00 6.314026e+00 1.170035e+01 2.2327e+01 2.924621e+01 1.732545e+01 1.241307e+01 1.935674e+01 2.114358e+01 2.004934e+01 2.70929e+01 1.999966e+01 2.131299e+01 2.579061e+01 2.420158e+01 2.607215e+01 2.042182e+01 1.974606e+01 2.090355e+01 1.766292e+01 1.908836e+01 3.814896e+01 3.45021e+01 1.774321e+01 1.669479e+01 1.442388e+01 1.192325e+01 9.844093e+00 8.802382e+00 7.705522e+00 7.46615e+00 4.786308e+00 5.232295e+00 2.274587e+00 1.641806e+00 7.575267e-01 3.597184e-01 1.046267e-01 3.332714e-03 ) ],
        [ a essentia:Maximum ;
            afo:values ( 6.417671e+00 3.330356e+01 1.205903e+02 1.55599e+02 2.469119e+02 3.311515e+02 2.159445e+02 2.789986e+02 5.732268e+02 2.686846e+02 4.372435e+02 5.235914e+02 5.109156e+02 3.114374e+02 5.098502e+02 5.757598e+02 7.546539e+02 3.556004e+02 5.55894e+02 4.200234e+02 2.979387e+02 2.848149e+02 2.708352e+02 3.386597e+02 1.52225e+02 2.035927e+02 1.997141e+02 1.691631e+02 1.40333e+02 1.92498e+02 2.646877e+02 1.191713e+02 7.155389e+01 1.043716e+02 1.113028e+02 7.576421e+01 2.739902e+01 1.29152e+01 2.954037e+00 1.091553e-01 ) ],
        [ a essentia:Median ;
            afo:values ( 3.606192e-01 8.686942e-01 1.526854e+00 2.015085e+00 2.733952e+00 3.282413e+00 4.054419e+00 3.878104e+00 6.177854e+00 6.807221e+00 9.315035e+00 1.036301e+01 9.090908e+00 9.03371e+00 1.103971e+01 1.121355e+01 1.138171e+01 1.283679e+01 1.006305e+01 6.717252e+00 6.571442e+00 7.187174e+00 2.426322e+01 2.731685e+01 1.394123e+01 1.860879e+01 7.666075e+00 4.96864e+00 3.510241e+00 3.749517e+00 2.96182e+00 3.338889e+00 4.046667e+00 3.498606e+00 1.401478e+00 5.291712e-01 1.741655e-01 5.406506e-02 1.099347e-02 4.572743e-04 ) ],
        [ a essentia:DerivativeMean ;
            afo:values ( 4.370255e-01 1.29243e+00 3.672516e+00 6.561932e+00 1.244598e+01 1.568682e+01 9.541388e+00 7.38377e+00 1.140924e+01 1.271686e+01 1.215679e+01 1.649886e+01 1.222727e+01 1.293231e+01 1.590714e+01 1.460861e+01 1.623116e+01 1.274377e+01 1.231315e+01 1.324415e+01 1.106073e+01 1.158115e+01 2.184666e+01 2.035784e+01 1.084751e+01 1.042104e+01 9.216232e+00 7.754241e+00 6.477475e+00 5.74754e+00 4.922205e+00 4.868899e+00 3.319555e+00 3.951571e+00 1.575404e+00 1.00768e+00 4.564228e-01 2.147627e-01 6.840415e-02 2.128767e-03 ) ] .

_:06ad34fa-7b22-4d38-8a0d-196029bd145e a essentia:SecondDerivativeVariance ;
    afo:value 0 .

_:0761dfd9-20a9-4baf-95ef-a3087a5d6508 a essentia:EnergyBand ;
    event:time _:936dd76b-713c-4792-8d86-8c7ff6e0aeb9 ;
    afo:computed_by _:LowLevelExtractor ;
    afo:feature _:009e9692-7d89-41ee-9f89-616095c68d82,
        [ a essentia:Maximum ;
            afo:value 4.490556e-02 ],
        [ a essentia:DerivativeMean ;
            afo:value 1.429722e-03 ],
        [ a essentia:SecondDerivativeMean ;
            afo:value 2.121448e-03 ],
        [ a essentia:DerivativeVariance ;
            afo:value 8.167343e-06 ],
        [ a essentia:Minimum ;
            afo:value 2.179365e-09 ],
        [ a essentia:Median ;
            afo:value 1.601555e-03 ],
        [ a essentia:Variance ;
            afo:value 9.399725e-06 ],
        [ a essentia:Mean ;
            afo:value 2.548875e-03 ] .

_:077c8675-03eb-4845-b0fa-791027ab8bdb a essentia:Maximum ;
    afo:value 1.631702e-02 .

_:07936746-72f8-4450-b919-7d0efe246fb9 a essentia:Mean ;
    afo:value 1.081589e-01 .

_:07aea2d7-67bc-4b2c-829b-5b34acb3b172 a essentia:SecondDerivativeVariance ;
    afo:value 1.246153e+03 .

_:084feac6-46ea-4d7a-a2a3-d6b49598aaab a essentia:Mean ;
    afo:value 1.456336e+00 .

_:085b5dd2-63d6-4f02-bbbe-8e501072e65a a essentia:Maximum ;
    afo:value 3e-01 .

_:088ddc30-8af2-4edd-ada7-d233dcb3dac0 a essentia:SecondDerivativeVariance ;
    afo:value 0 .

_:091d7fde-ac75-4831-b0f3-81731a1e1bfc a essentia:Variance ;
    afo:value 6.822932e-04 .

_:09358e9e-5f79-4ee9-853b-81d9035ed8c1 a essentia:DerivativeMean ;
    afo:value 1.877115e-02 .

_:09a4efa4-a77d-4c34-aa32-9d9d55d26ac8 a essentia:Median ;
    afo:value 8.59375e-02 .

_:0a6f7bc5-d106-47ee-918d-db9221220eaa a essentia:Variance ;
    afo:value 0 .

_:0a8d5020-b8ca-4661-98a4-7c039fc856bf a essentia:Maximum ;
    afo:value 108 .

_:0a957e29-29aa-4b63-a123-a60c8cc11858 a essentia:SecondDerivativeMean ;
    afo:value 0 .

_:0acac728-ece5-46d4-8ade-8a847288cc6a a essentia:Covariance ;
    afo:dimensions ( 13 13 ) ;
    afo:values ( 4.152594e+03 -1.449836e+03 1.780267e+02 -3.539409e+02 2.901293e+01 1.851335e+02 -1.633834e+02 -4.414307e+01 -5.360179e+01 -2.206813e+02 -6.334628e+01 -1.522794e+02 -6.35334e+01 -1.449836e+03 1.493411e+03 -1.954962e+02 9.846428e+01 -2.834193e+01 -8.775754e+01 -4.263184e+01 3.10125e+01 2.868813e+01 4.079998e+01 -9.034736e+01 2.011817e+01 1.27822e+01 1.780267e+02 -1.954962e+02 4.755981e+02 -8.606432e+00 4.536567e+01 3.015642e+01 1.996897e+01 -1.442679e+01 6.260242e+00 -1.289251e+01 -5.696537e+00 -4.978482e+00 -3.495223e+00 -3.539409e+02 9.846428e+01 -8.606432e+00 4.326274e+02 1.498163e+02 9.507409e-02 4.894483e+01 4.181202e+01 2.019001e+00 5.927859e+01 3.422185e+01 -1.544161e-01 -2.762029e+01 2.901293e+01 -2.834193e+01 4.536567e+01 1.498163e+02 2.953624e+02 1.006128e+01 1.033136e+02 -3.009211e+01 1.146616e+01 -1.510264e+01 2.554885e+01 -2.105019e+01 6.953604e+00 1.851335e+02 -8.775754e+01 3.015642e+01 9.507409e-02 1.006128e+01 2.801652e+02 -1.038912e+01 4.277793e+01 -3.664376e+01 -3.309933e+01 -4.847692e+01 2.190238e+01 -7.904029e-01 -1.633834e+02 -4.263184e+01 1.996897e+01 4.894483e+01 1.033136e+02 -1.038912e+01 2.38535e+02 3.899254e+01 8.280529e+00 2.231687e+01 7.010254e+01 1.075424e+01 2.278063e+01 -4.414307e+01 3.10125e+01 -1.442679e+01 4.181202e+01 -3.009211e+01 4.277793e+01 3.899254e+01 1.18248e+02 2.745624e+01 2.492104e+01 8.507415e-01 7.542351e+00 -2.831619e+00 -5.360179e+01 2.868813e+01 6.260242e+00 2.019001e+00 1.146616e+01 -3.664376e+01 8.280529e+00 2.745624e+01 1.018211e+02 4.389138e+01 9.642683e+00 -5.549284e-01 3.928545e+00 -2.206813e+02 4.079998e+01 -1.289251e+01 5.927859e+01 -1.510264e+01 -3.309933e+01 2.231687e+01 2.492104e+01 4.389138e+01 9.986484e+01 5.242877e+01 1.926712e+01 -6.780904e+00 -6.334628e+01 -9.034736e+01 -5.696537e+00 3.422185e+01 2.554885e+01 -4.847692e+01 7.010254e+01 8.507415e-01 9.642683e+00 5.242877e+01 1.162465e+02 2.686405e+01 1.320409e+01 -1.522794e+02 2.011817e+01 -4.978482e+00 -1.544161e-01 -2.105019e+01 2.190238e+01 1.075424e+01 7.542351e+00 -5.549284e-01 1.926712e+01 2.686405e+01 6.839022e+01 3.314892e+01 -6.35334e+01 1.27822e+01 -3.495223e+00 -2.762029e+01 6.953604e+00 -7.904029e-01 2.278063e+01 -2.831619e+00 3.928545e+00 -6.780904e+00 1.320409e+01 3.314892e+01 6.483263e+01 ) .

_:0b05227a-c458-40e4-8b82-fa2b9d459991 rdf:first 6.473574e-01 ;
    rdf:rest ( 8.194112e-02 8.953963e-02 6.699146e-02 5.370867e-02 9.709357e-02 ) .

_:0b1113bc-bda2-4857-a6bf-f5066d26d9f5 rdf:first 1.517385e-05 ;
    rdf:rest ( 8.76734e-06 6.021162e-06 7.059377e-06 8.563929e-07 9.854979e-08 1.379891e-07 4.96374e-08 4.553199e-08 3.631498e-08 1.289353e-08 8.800715e-09 1.040683e-08 5.983419e-09 6.664193e-09 4.80223e-09 1.582807e-09 2.232894e-09 1.240668e-09 1.311105e-09 5.076986e-10 4.808328e-10 2.051379e-10 2.795597e-09 4.483409e-10 1.350832e-10 1.784884e-10 9.618051e-11 1.136573e-10 7.014572e-11 7.485869e-11 4.208685e-11 4.048383e-11 3.174565e-11 3.263282e-11 3.665265e-11 3.010324e-11 1.335344e-11 2.336596e-11 2.496586e-11 ) .

_:0b3a5e6a-0739-4b95-807a-95c1e2c5fef8 rdf:first -7.155472e-01 ;
    rdf:rest ( -7.897266e-01 -8.094746e-01 -8.12894e-01 -7.784859e-01 -7.913319e-01 ) .

_:0b413dfa-17f9-4e9c-aa01-68fde3c74d67 a essentia:Maximum ;
    afo:values ( 9.589738e-01 6.007887e-01 6.340136e-01 5.334668e-01 2.99272e-01 6.921974e-01 ) .

_:0bc97213-e78b-4613-9599-6d49676f2406 a essentia:BeatsCount ;
    event:time _:936dd76b-713c-4792-8d86-8c7ff6e0aeb9 ;
    afo:value 430 .

_:0d118be6-d040-4d03-81fb-b51845365db3 a essentia:SecondDerivativeMean ;
    afo:value 1.885048e+01 .

_:0db76494-36ab-4be2-80ac-f21860cc1307 a essentia:Variance ;
    afo:value 7.02844e-03 .

_:0ddf5c16-2caf-4d15-937b-c623ea7c5e22 a essentia:Maximum ;
    afo:values ( 4.355975e-02 5.381399e-02 2.454636e-02 1.988509e-02 9.032442e-03 6.202084e-03 8.005969e-03 2.735481e-03 3.965722e-03 3.168056e-03 2.538736e-03 1.651975e-03 1.438842e-03 1.356211e-03 1.451844e-03 1.715563e-03 6.326598e-04 1.225869e-03 7.151605e-04 5.890877e-04 2.988335e-04 3.340025e-04 2.678951e-04 4.481162e-04 3.186004e-04 1.202591e-04 2.0318e-04 1.098009e-04 1.52303e-04 9.580475e-05 1.516192e-04 1.126818e-04 1.191926e-04 8.86865e-05 1.528965e-04 1.42263e-04 7.095809e-05 5.788351e-05 4.323312e-05 1.04631e-04 ) .

_:0ea4914f-0891-4f9d-bb19-1fea24cd3e37 a essentia:SecondDerivativeVariance ;
    afo:value 2.268292e-03 .

_:0fd762a0-f411-482b-ad49-7ac04116cd8a a essentia:SecondDerivativeVariance ;
    afo:value 0 .

_:0fedc643-a86a-4171-ab45-368e91649f37 a essentia:DerivativeMean ;
    afo:value 0 .

_:101a337e-1d03-4973-a2e6-b9830fdb5920 a essentia:Entropy ;
    event:time _:936dd76b-713c-4792-8d86-8c7ff6e0aeb9 ;
    afo:computed_by _:LowLevelExtractor ;
    afo:feature [ a essentia:Minimum ;
            afo:value 5.409372e+00 ],
        [ a essentia:Mean ;
            afo:value 7.92511e+00 ],
        [ a essentia:SecondDerivativeMean ;
            afo:value 2.833999e-01 ],
        [ a essentia:DerivativeVariance ;
            afo:value 4.476351e-02 ],
        [ a essentia:SecondDerivativeVariance ;
            afo:value 9.739184e-02 ],
        [ a essentia:DerivativeMean ;
            afo:value 1.861292e-01 ],
        [ a essentia:Maximum ;
            afo:value 8.918955e+00 ],
        [ a essentia:Median ;
            afo:value 8.027188e+00 ],
        [ a essentia:Variance ;
            afo:value 1.787932e-01 ] .

_:104d00a6-d295-4577-9a36-7977b1c02fba a essentia:DerivativeMean ;
    afo:value 5.428109e+00 .

_:1085b3c9-8e1c-49b0-a4f8-304217ec4698 a essentia:Mean ;
    afo:value 7.221879e-02 .

_:10d7648d-8c95-4e27-a08d-1d72b2326052 a essentia:Median ;
    afo:value 2.542678e+00 .

_:10fb0485-653e-41a2-96de-45bc36248c71 rdf:first -9.151264e-01 ;
    rdf:rest ( -9.819537e-01 -9.77609e-01 -9.470046e-01 -9.273646e-01 -8.823848e-01 ) .

_:11595a66-e58e-435d-88a9-087c13ef7169 a essentia:Minimum ;
    afo:value 1.547905e-06 .

_:1204daf0-66e8-440e-9cc5-5acc6e639ef6 a essentia:Median ;
    afo:value 4.654896e+01 .

_:130bcee9-97fd-4359-b767-f0cf12b89316 a essentia:Minimum ;
    afo:value -1.803628e+00 .

_:13516218-917c-47e6-9126-ade08dd1a49c a essentia:Kurtosis ;
    afo:feature [ a essentia:SecondDerivativeMean ;
            afo:value 6.800702e+00 ],
        [ a essentia:SecondDerivativeVariance ;
            afo:value 1.18439e+03 ],
        [ a essentia:Median ;
            afo:value 1.396679e+00 ],
        [ a essentia:Minimum ;
            afo:value -1.919899e+00 ],
        [ a essentia:Mean ;
            afo:value 4.018092e+00 ],
        [ a essentia:Maximum ;
            afo:value 1.73447e+03 ],
        [ a essentia:DerivativeMean ;
            afo:value 4.10749e+00 ],
        [ a essentia:DerivativeVariance ;
            afo:value 5.190834e+02 ],
        [ a essentia:Variance ;
            afo:value 4.788301e+02 ] .

_:136a6adf-e5e8-46e4-b534-3207851f978d a essentia:Maximum ;
    afo:value 4.316406e-01 .

_:13b2d33b-4b94-4737-950b-a8338d47df1e a essentia:InverseCovariance ;
    afo:dimensions ( 13 13 ) ;
    afo:values ( 5.606855e-04 3.30997e-04 -7.989762e-05 1.41474e-04 -9.049714e-05 -3.405923e-04 7.796835e-04 -2.439734e-04 -3.026914e-05 5.101509e-04 6.897821e-04 -6.581031e-04 4.56224e-04 3.30997e-04 1.099202e-03 2.945773e-04 -1.449734e-04 -2.470731e-04 4.572828e-04 -3.158162e-04 5.963236e-04 -4.650276e-04 9.359065e-04 -8.695159e-05 7.515855e-04 -6.040091e-04 -7.989762e-05 2.945773e-04 1.701454e-03 1.997307e-04 -6.843706e-04 -8.474121e-05 8.058576e-05 -2.106042e-04 2.806784e-04 7.195653e-05 3.669572e-04 1.439832e-04 3.896965e-04 1.41474e-04 -1.449734e-04 1.997307e-04 2.182308e-03 -7.441453e-04 -8.535361e-04 9.70791e-04 -6.814089e-04 -4.069942e-04 4.634029e-04 -2.940827e-04 1.61572e-04 9.366099e-04 -9.049714e-05 -2.470731e-04 -6.843706e-04 -7.441453e-04 3.864319e-03 4.899558e-04 -1.287605e-03 5.229787e-04 6.723756e-04 5.946463e-04 -1.520561e-03 1.277529e-03 -1.014566e-03 -3.405923e-04 4.572828e-04 -8.474121e-05 -8.535361e-04 4.899558e-04 5.004524e-03 -1.993816e-03 1.666204e-04 2.621268e-03 -1.968763e-03 3.629086e-04 -4.6967e-04 1.244379e-03 7.796835e-04 -3.158162e-04 8.058576e-05 9.70791e-04 -1.287605e-03 -1.993816e-03 8.707572e-03 -1.650521e-03 -5.007152e-03 4.311971e-03 -1.830791e-03 -1.777387e-03 1.456586e-03 -2.439734e-04 5.963236e-04 -2.106042e-04 -6.814089e-04 5.229787e-04 1.666204e-04 -1.650521e-03 6.33582e-03 -5.535594e-04 -1.354952e-03 -2.906116e-03 3.934019e-03 -2.92151e-03 -3.026914e-05 -4.650276e-04 2.806784e-04 -4.069942e-04 6.723756e-04 2.621268e-03 -5.007152e-03 -5.535594e-04 1.466179e-02 -8.309421e-03 5.677401e-03 -2.266218e-03 4.441943e-04 5.101509e-04 9.359065e-04 7.195653e-05 4.634029e-04 5.946463e-04 -1.968763e-03 4.311971e-03 -1.354952e-03 -8.309421e-03 2.089025e-02 -9.352313e-03 1.504095e-03 2.275928e-05 6.897821e-04 -8.695159e-05 3.669572e-04 -2.940827e-04 -1.520561e-03 3.629086e-04 -1.830791e-03 -2.906116e-03 5.677401e-03 -9.352313e-03 1.730466e-02 -5.826072e-03 3.29138e-04 -6.581031e-04 7.515855e-04 1.439832e-04 1.61572e-04 1.277529e-03 -4.6967e-04 -1.777387e-03 3.934019e-03 -2.266218e-03 1.504095e-03 -5.826072e-03 1.818219e-02 -4.528972e-03 4.56224e-04 -6.040091e-04 3.896965e-04 9.366099e-04 -1.014566e-03 1.244379e-03 1.456586e-03 -2.92151e-03 4.441943e-04 2.275928e-05 3.29138e-04 -4.528972e-03 1.814707e-02 ) .

_:13c82148-2b0e-42f7-8d1c-69d0a7a176f2 a essentia:HFC ;
    event:time _:936dd76b-713c-4792-8d86-8c7ff6e0aeb9 ;
    afo:computed_by _:LowLevelExtractor ;
    afo:feature [ a essentia:Variance ;
            afo:value 1.508633e+03 ],
        [ a essentia:SecondDerivativeMean ;
            afo:value 2.880306e+01 ],
        [ a essentia:Mean ;
            afo:value 3.847109e+01 ],
        [ a essentia:Maximum ;
            afo:value 5.809955e+02 ],
        [ a essentia:SecondDerivativeVariance ;
            afo:value 3.630195e+03 ],
        [ a essentia:Median ;
            afo:value 2.955178e+01 ],
        [ a essentia:DerivativeMean ;
            afo:value 1.922603e+01 ],
        [ a essentia:DerivativeVariance ;
            afo:value 1.442397e+03 ],
        [ a essentia:Minimum ;
            afo:value 2.709229e-05 ] .

_:13cd7639-7d33-4f92-b5d6-a37227748e9c rdf:first 7.076642e-05 ;
    rdf:rest ( 3.076326e-04 1.624996e-04 7.540805e-05 3.569984e-04 6.835754e-06 8.456193e-06 2.519525e-06 4.302754e-06 1.170253e-06 1.2684e-06 1.405701e-06 1.20006e-06 5.562679e-07 4.036204e-07 5.078246e-07 2.864905e-07 1.717694e-06 2.389053e-07 2.72558e-07 2.616221e-07 2.21919e-07 2.560746e-07 2.536551e-07 5.585974e-07 2.373725e-06 1.748987e-06 ) .

_:14d8fdb5-4233-445f-9f43-6eec783cc937 a essentia:DerivativeVariance ;
    afo:value 8.271372e+00 .

_:14e4717a-dbb5-4535-9e2f-dbdaf00c17e7 a essentia:DerivativeMean ;
    afo:values ( 6.460034e-02 4.843546e-02 3.837629e-02 2.949983e-02 2.762558e-02 2.108235e-02 ) .

_:14ffe2b0-b2dd-4083-8294-967fed05afa3 a essentia:Maximum ;
    afo:value 1.270525e+02 .

_:1530b338-ae44-4b53-a961-c8acc38d387d a essentia:SecondDerivativeVariance ;
    afo:value 3.13885e-03 .

_:154b479d-02f8-4822-b7ba-f014eb329271 a essentia:ChordsHistogram ;
    event:time _:936dd76b-713c-4792-8d86-8c7ff6e0aeb9 ;
    afo:value ( 4.858471e-01 4.858471e-01 1.035066e+00 1.901141e+00 3.591044e-01 1.901141e+00 8.449514e-02 1.22518e+00 0 1.189269e+01 4.731728e+00 3.379806e+00 6.991973e+00 4.647233e-01 1.645543e+01 3.168568e-01 7.456696e+00 8.449514e-02 1.041403e+01 1.987748e+01 5.280946e-01 1.689903e-01 6.52725e+00 3.231939e+00 ) .

_:15625134-bdad-439d-8fa0-dba65664ab34 a essentia:SecondDerivativeVariance ;
    afo:value 1.86116e-05 .

_:16661c09-e34b-4628-9681-aee41dbaf6ba a essentia:DerivativeMean ;
    afo:value 2.130197e-01 .

_:168440b2-4f12-431e-8f1a-89506db90274 a essentia:Variance ;
    afo:value 4.723319e+02 .

_:16ab1d6b-ace0-4458-99c8-c0ee094b9c24 a essentia:DerivativeVariance ;
    afo:value 4.096657e+00 .

_:16cc2bfd-c323-4cc0-90c8-a832f8e8e2f5 a essentia:Median ;
    afo:value 6321392 .

_:16db4338-0a90-44f0-8402-a77112782478 a essentia:DerivativeMean ;
    afo:values ( 3.023571e-03 1.690031e-03 1.209563e-03 1.083034e-03 3.949985e-04 1.68052e-04 1.726313e-04 1.298781e-04 1.06389e-04 1.011453e-04 6.166746e-05 5.362152e-05 5.443893e-05 4.368148e-05 4.116603e-05 3.400931e-05 2.408128e-05 2.181425e-05 1.883753e-05 1.918237e-05 1.220083e-05 1.323344e-05 9.101119e-06 3.554351e-05 1.548943e-05 8.56005e-06 9.521143e-06 6.610186e-06 6.414011e-06 4.824345e-06 4.820258e-06 3.877768e-06 3.529558e-06 3.193656e-06 2.887799e-06 2.828527e-06 3.055518e-06 2.318713e-06 3.522179e-06 3.245628e-06 ) .

_:174521d0-8fcb-4d07-be0f-bad2a27ab7fe a essentia:Mean ;
    afo:value 1.94833e+03 .

_:174c7ac4-7db4-4ecd-ad45-c7cecdaa9573 rdf:first 5.351066e-01 ;
    rdf:rest ( 4.260409e-01 5.2684e-01 5.305613e-01 5.633226e-01 1.963241e+00 ) .

_:1766caf1-74da-40a8-940e-089757b6cd73 a essentia:Median ;
    afo:value 1.41256e+00 .

_:178c0749-7a6c-441b-bd00-dce06aeb03d4 a essentia:Variance ;
    afo:value 2.164131e-02 .

_:17c0ab4e-8cd8-49ac-a37f-acdbd3cfad19 a essentia:DerivativeMean ;
    afo:values ( 2.708822e-01 7.519932e-02 8.260158e-02 6.09459e-02 5.231858e-02 1.089972e-01 ) .

_:185f38d9-9bf7-43a3-ab63-6bbbd9e7a36f a essentia:MelBands ;
    event:time _:936dd76b-713c-4792-8d86-8c7ff6e0aeb9 ;
    afo:computed_by _:LowLevelExtractor ;
    afo:feature [ a essentia:Skewness ;
            afo:feature [ a essentia:Mean ;
                    afo:value 3.4401e+00 ],
                [ a essentia:SecondDerivativeVariance ;
                    afo:value 4.111827e+00 ],
                [ a essentia:Variance ;
                    afo:value 3.708279e+00 ],
                [ a essentia:DerivativeVariance ;
                    afo:value 1.642297e+00 ],
                [ a essentia:Maximum ;
                    afo:value 2.044603e+01 ],
                [ a essentia:Minimum ;
                    afo:value -1.751642e+00 ],
                [ a essentia:DerivativeMean ;
                    afo:value 1.221315e+00 ],
                [ a essentia:SecondDerivativeMean ;
                    afo:value 1.975532e+00 ],
                [ a essentia:Median ;
                    afo:value 3.140723e+00 ] ] .

_:189d0bc4-67e7-4999-81a0-c952b2a8e384 a essentia:Maximum ;
    afo:values ( 1 1 1 1 1 1 1 1 1 1 1 1 1 1 1 1 1 1 1 1 1 1 1 1 1 1 1 1 1 1 1 1 1 1 1 1 ) .

_:1a1d7723-015d-4df1-bb64-e3482cb603d2 a essentia:Maximum ;
    afo:value 1.64798e-01 .

_:1a2d5d20-a3a0-4573-bcc3-02ab576ab5fc a essentia:DerivativeVariance ;
    afo:value 5.760418e-04 .

_:1b731c0c-d18f-4ee5-85b8-9bdc6f36d679 a essentia:DerivativeVariance ;
    afo:values ( 1.473316e-01 1.834218e-01 1.828012e-01 1.720534e-01 1.638435e-01 3.233479e-01 ) .

_:1cec5ffc-53a4-4cf4-9046-54367e9e8860 a essentia:BarkBands ;
    event:time _:936dd76b-713c-4792-8d86-8c7ff6e0aeb9 ;
    afo:computed_by _:LowLevelExtractor ;
    afo:feature [ a essentia:Minimum ;
            afo:values ( 2.882931e-13 4.746573e-13 5.612756e-13 1.573329e-12 6.031755e-12 9.821001e-12 1.023237e-11 8.575952e-12 1.059455e-11 1.443961e-11 1.64267e-11 2.587579e-11 1.142411e-11 8.789831e-12 8.304047e-12 6.249934e-12 1.152806e-11 2.571069e-11 7.438693e-11 3.729737e-11 1.977753e-10 2.244989e-10 5.419971e-11 4.792333e-11 1.992982e-11 7.908343e-12 5.065919e-12 ) ],
        [ a essentia:DerivativeVariance ;
            afo:values ( 2.699539e-05 1.155884e-04 6.02222e-05 2.708787e-05 1.2496e-04 2.590395e-06 3.065785e-06 9.58591e-07 1.642208e-06 5.292247e-07 5.173576e-07 5.299023e-07 4.81551e-07 2.511898e-07 1.658378e-07 2.127127e-07 1.146215e-07 6.031577e-07 1.103011e-07 1.087012e-07 1.154365e-07 1.041682e-07 1.058609e-07 1.101494e-07 2.397635e-07 8.870763e-07 7.00909e-07 ) ],
        [ a essentia:Variance ;
            afo:values ( 5.218402e-05 1.708507e-04 4.643156e-05 2.410839e-05 7.73044e-05 2.459827e-06 2.852626e-06 1.09581e-06 3.118749e-06 1.199281e-06 6.597004e-07 7.292581e-07 9.291936e-07 4.193363e-07 2.897143e-07 3.047891e-07 1.47351e-07 8.185195e-07 2.194258e-07 2.023443e-07 1.899067e-07 2.131268e-07 1.321536e-07 1.706007e-07 6.090227e-07 6.278198e-07 6.740739e-07 ) ],
        [ a essentia:SecondDerivativeMean ;
            afo:values ( 5.503119e-03 1.398146e-02 6.562984e-03 4.457195e-03 8.286212e-03 1.556775e-03 1.466893e-03 8.599015e-04 1.150433e-03 6.49509e-04 6.370068e-04 6.412216e-04 5.571824e-04 4.52343e-04 3.606637e-04 3.86184e-04 3.497027e-04 9.515674e-04 3.77262e-04 3.649998e-04 3.244361e-04 2.864464e-04 2.641724e-04 2.9876e-04 3.788486e-04 4.359898e-04 4.548297e-04 ) ],
        [ a essentia:Mean ;
            afo:values ( 5.231908e-03 1.163486e-02 3.463542e-03 2.464385e-03 3.765341e-03 1.03857e-03 1.014026e-03 7.032853e-04 1.091284e-03 5.71813e-04 5.049068e-04 5.830235e-04 5.859896e-04 4.056091e-04 3.322849e-04 3.50253e-04 2.839591e-04 8.503079e-04 4.168544e-04 4.721749e-04 3.13503e-04 2.645976e-04 2.316969e-04 3.46777e-04 6.364251e-04 2.669166e-04 3.069645e-04 ) ],
        [ a essentia:SecondDerivativeVariance ;
            afo:values _:13cd7639-7d33-4f92-b5d6-a37227748e9c ],
        [ a essentia:Median ;
            afo:values ( 2.301364e-03 7.425634e-03 1.259673e-03 5.982487e-04 1.076104e-03 4.996742e-04 4.558437e-04 3.48426e-04 4.469497e-04 2.579205e-04 2.397339e-04 2.68954e-04 2.699589e-04 2.315585e-04 1.244156e-04 1.328105e-04 1.242795e-04 5.966888e-04 2.838149e-04 3.800376e-04 1.650694e-04 9.811849e-05 1.18003e-04 2.045061e-04 2.629334e-04 1.045896e-04 5.645313e-05 ) ],
        [ a essentia:DerivativeMean ;
            afo:values ( 3.379485e-03 8.28792e-03 3.712818e-03 2.475485e-03 4.508252e-03 9.127227e-04 8.753236e-04 5.214091e-04 6.961675e-04 3.993813e-04 3.876802e-04 3.861004e-04 3.480447e-04 2.762083e-04 2.252134e-04 2.40577e-04 2.108818e-04 5.403522e-04 2.357229e-04 2.259797e-04 2.066061e-04 1.886241e-04 1.703288e-04 2.053343e-04 2.809731e-04 2.650176e-04 2.927597e-04 ) ],
        [ a essentia:Maximum ;
            afo:values ( 6.599203e-02 1.363111e-01 9.839168e-02 6.567941e-02 8.330715e-02 2.401308e-02 3.064451e-02 1.45721e-02 2.011307e-02 1.69789e-02 9.586724e-03 1.324286e-02 1.574733e-02 1.117847e-02 8.514973e-03 7.569743e-03 4.901599e-03 6.298467e-03 4.930052e-03 4.264711e-03 4.57555e-03 5.487773e-03 7.617182e-03 3.842757e-03 1.228797e-02 1.501817e-02 1.317594e-02 ) ] .

_:1d703331-606f-4d9d-83e8-ab0f524eb8a7 a essentia:DerivativeVariance ;
    afo:value 7.340966e-01 .

_:1eeb604d-8c33-4595-aaac-bf30d4e652bc a essentia:DerivativeVariance ;
    afo:value 2.38633e-17 .

_:1f207115-df3a-4bcc-ae58-631c326cfa97 a essentia:ChordsStrength ;
    event:time _:936dd76b-713c-4792-8d86-8c7ff6e0aeb9 ;
    afo:computed_by _:LowLevelExtractor ;
    afo:feature [ a essentia:Mean ;
            afo:value 3.543597e-01 ],
        [ a essentia:Maximum ;
            afo:value 7.001363e-01 ],
        [ a essentia:SecondDerivativeMean ;
            afo:value 1.256872e-02 ],
        [ a essentia:Variance ;
            afo:value 9.400357e-03 ],
        [ a essentia:Minimum ;
            afo:value 2.14613e-01 ],
        [ a essentia:Median ;
            afo:value 3.264514e-01 ],
        [ a essentia:DerivativeVariance ;
            afo:value 6.678445e-05 ],
        [ a essentia:SecondDerivativeVariance ;
            afo:value 1.275581e-04 ],
        [ a essentia:DerivativeMean ;
            afo:value 9.369303e-03 ] .

_:1f58b8e6-1961-46b3-8acc-2821ff903619 a essentia:BarkBands ;
    event:time _:936dd76b-713c-4792-8d86-8c7ff6e0aeb9 ;
    afo:computed_by _:LowLevelExtractor ;
    afo:feature _:13516218-917c-47e6-9126-ade08dd1a49c .

_:1f64b0ec-4171-49ff-b90f-0b8f11598f5e a essentia:Variance ;
    afo:value 0 .

_:1f9c9898-fa3a-4679-ac28-abad6fdc7763 a essentia:SecondDerivativeVariance ;
    afo:values ( 8.017126e-03 4.141907e-03 2.518127e-03 1.536705e-03 1.219839e-03 1.021844e-03 ) .

_:1fb48f7e-2024-4392-b6eb-16c375bbd06d a essentia:Maximum ;
    afo:value 9.594226e-01 .

_:201e27ee-081d-4dd1-bae8-d288a46a0ad6 a essentia:Entropy ;
    afo:feature _:10d7648d-8c95-4e27-a08d-1d72b2326052,
        [ a essentia:DerivativeVariance ;
            afo:value 3.190129e-01 ],
        [ a essentia:SecondDerivativeVariance ;
            afo:value 8.420733e-01 ],
        [ a essentia:Mean ;
            afo:value 2.545227e+00 ],
        [ a essentia:Maximum ;
            afo:value 4.679602e+00 ],
        [ a essentia:SecondDerivativeMean ;
            afo:value 1.181654e+00 ],
        [ a essentia:Variance ;
            afo:value 5.692523e-01 ],
        [ a essentia:DerivativeMean ;
            afo:value 7.140174e-01 ],
        [ a essentia:Minimum ;
            afo:value 0 ] .

_:20a909bc-631f-49a2-b034-fbea62a86b3f a essentia:TuningFrequency ;
    event:time _:936dd76b-713c-4792-8d86-8c7ff6e0aeb9 ;
    afo:value 4.341931e+02 .

_:20f63014-3b65-4a6d-88cd-9287e3b7ae42 a essentia:OnsetRate ;
    event:time _:936dd76b-713c-4792-8d86-8c7ff6e0aeb9 ;
    afo:value 5.214104e+00 .

_:215d6b8f-37c1-4cba-ad99-77c2ae5c1005 a essentia:SecondDerivativeMean ;
    afo:value 1.380304e-02 .

_:21a42634-f618-4daf-993a-79ba3f75c66f rdf:first 5.103021e-03 ;
    rdf:rest ( 2.823271e-03 2.109966e-03 1.989869e-03 7.246869e-04 2.822544e-04 2.92639e-04 2.150061e-04 1.767272e-04 1.663228e-04 1.007662e-04 8.848482e-05 8.950397e-05 7.246095e-05 6.761887e-05 5.472938e-05 3.901439e-05 3.541901e-05 2.986539e-05 3.075719e-05 1.966969e-05 2.210579e-05 1.486587e-05 6.355028e-05 2.599488e-05 1.39932e-05 1.601084e-05 1.070578e-05 1.016828e-05 7.617763e-06 7.499621e-06 5.98241e-06 5.523697e-06 4.929025e-06 4.557376e-06 4.475134e-06 4.706187e-06 3.456909e-06 5.399923e-06 4.479409e-06 ) .

_:22a79252-6928-4b65-9c60-dbfb238fe9d6 a essentia:Median ;
    afo:value 1 .

_:232d5e3b-6e2f-458f-abb2-8f98e3c3d7df a essentia:Mean ;
    afo:value 1.975904e-01 .

_:23803212-1bab-4216-a088-a6eabd26b4bd rdf:first 7.286084e-02 ;
    rdf:rest ( 5.778114e-02 5.410184e-02 5.075925e-02 5.034321e-02 4.748337e-02 4.340705e-02 4.287475e-02 3.788499e-02 3.312976e-02 2.820541e-02 2.107299e-02 2.595221e-02 3.361642e-02 3.04626e-02 3.031439e-02 2.557828e-02 2.734054e-02 3.192318e-02 3.435664e-02 3.901223e-02 3.829922e-02 3.364857e-02 4.666993e-02 1.278192e-01 3.781024e-02 1.952727e-02 3.211725e-02 4.956181e-02 3.820961e-02 4.885285e-02 6.032231e-02 6.280528e-02 7.047786e-02 7.681367e-02 7.746594e-02 ) .

_:2406c7b4-6fc8-4ae0-8a93-3d246a227565 a essentia:SecondDerivativeMean ;
    afo:value 3.147796e-02 .

_:24619ee9-e161-4768-9082-5c1f36ccacbf a essentia:Maximum ;
    afo:value 1.333197e-02 .

_:252a7dbf-63b3-4c2b-ade8-3a366283d205 a essentia:DerivativeMean ;
    afo:value 1.209083e+01 .

_:26657d9f-8d58-4719-a399-3854c025288a rdf:first 6.48718e-02 ;
    rdf:rest ( 5.290521e-02 4.79101e-02 4.702746e-02 4.410103e-02 4.427256e-02 4.211345e-02 4.048662e-02 3.337144e-02 2.915228e-02 2.708182e-02 1.869475e-02 2.509856e-02 3.574494e-02 3.234261e-02 2.937678e-02 2.388595e-02 2.294783e-02 3.158751e-02 3.866165e-02 4.051178e-02 4.340881e-02 3.628006e-02 7.047104e-02 1.788983e-01 5.451512e-02 1.543651e-02 3.627033e-02 6.992109e-02 4.921845e-02 6.673434e-02 6.318706e-02 5.736643e-02 7.270481e-02 7.620696e-02 7.013094e-02 ) .

_:269799c8-6c8b-4117-9af1-f0079237d764 rdf:first 13 ;
    rdf:rest ( 13 ) .

_:26c4fb1b-d66e-4629-97b8-cb44e46e9297 a essentia:Minimum ;
    afo:value 2.15088e+00 .

_:27a2bf69-215d-4853-88e2-d0150cbdb614 a essentia:Minimum ;
    afo:value 0 .

_:27f2ad1b-cc00-4761-bd5a-04794d50d334 a essentia:SecondDerivativeMean ;
    afo:value 2.14347e-03 .

_:2913d0c1-a8d5-4a73-9843-01759b5de331 rdf:first 2.900091e-03 ;
    rdf:rest ( 9.788726e-04 4.048424e-04 2.293383e-04 1.483331e-04 9.254678e-05 9.508961e-05 7.484434e-05 7.7131e-05 6.266509e-05 4.217782e-05 3.472878e-05 3.53691e-05 3.122518e-05 2.500875e-05 2.607149e-05 2.279349e-05 1.753232e-05 9.260947e-06 1.024077e-05 6.643284e-06 6.301818e-06 9.109142e-06 3.37989e-05 2.036545e-05 9.212279e-06 1.370196e-05 1.03705e-05 4.586243e-06 4.21248e-06 2.336308e-06 2.028676e-06 1.62263e-06 2.332792e-06 1.695076e-06 1.575427e-06 1.952683e-06 2.396307e-06 2.923745e-06 2.821394e-06 ) .

_:299e4663-6425-450c-be81-a51ab546d1c7 a essentia:Median ;
    afo:values ( 4.666622e-02 4.496628e-02 5.237768e-02 5.774315e-02 6.279057e-02 6.596071e-02 7.37198e-02 7.171696e-02 5.38342e-02 4.845126e-02 4.374624e-02 4.138952e-02 4.350176e-02 5.543309e-02 5.31476e-02 4.48572e-02 4.237915e-02 4.766484e-02 5.506694e-02 5.482324e-02 4.448599e-02 3.718971e-02 5.040327e-02 3.367222e-01 4.371147e-01 2.54021e-01 3.63052e-02 6.873587e-02 9.887476e-02 8.693589e-02 7.020898e-02 6.686317e-02 5.757289e-02 7.879221e-02 8.711466e-02 6.178147e-02 ) .

_:29eeafa7-b849-4c81-a271-dbb48eacc18a a essentia:DerivativeMean ;
    afo:value 1.342443e-03 .

_:2b8626ef-1d34-42fd-9028-ccefd5b5364a a essentia:Mean ;
    afo:value 4.278426e-01 .

_:2c304f21-ab51-4efa-8ebb-12860f7de4f5 a essentia:DerivativeMean ;
    afo:value 2.267882e+00 .

_:2c549001-d749-4c70-91fc-44d630bb2a74 a essentia:DerivativeMean ;
    afo:value 1.734468e-02 .

_:2d12a9fa-6e18-4052-8e86-d42b6aa956aa a essentia:EnergyBand ;
    event:time _:936dd76b-713c-4792-8d86-8c7ff6e0aeb9 ;
    afo:computed_by _:LowLevelExtractor ;
    afo:feature _:01b13586-968a-4fe2-ab91-0e68e022272d,
        [ a essentia:DerivativeVariance ;
            afo:value 2.391272e-04 ],
        [ a essentia:Minimum ;
            afo:value 1.867927e-12 ],
        [ a essentia:Median ;
            afo:value 1.483914e-02 ],
        [ a essentia:Mean ;
            afo:value 2.044115e-02 ],
        [ a essentia:Maximum ;
            afo:value 1.746366e-01 ],
        [ a essentia:DerivativeMean ;
            afo:value 1.25668e-02 ],
        [ a essentia:SecondDerivativeMean ;
            afo:value 2.11955e-02 ],
        [ a essentia:SecondDerivativeVariance ;
            afo:value 6.669518e-04 ] .

_:2e392e54-a3bc-4bda-8710-752ce2acc012 a essentia:Minimum ;
    afo:value 2.943833e-02 .

_:2f49406b-6067-49bb-bb7d-8050d4d1b721 a essentia:Median ;
    afo:value 1.631702e-02 .

_:2fa5873a-e9c4-4427-936f-eea25735d98f a essentia:MelBands ;
    event:time _:936dd76b-713c-4792-8d86-8c7ff6e0aeb9 ;
    afo:computed_by _:LowLevelExtractor ;
    afo:feature [ a essentia:Kurtosis ;
            afo:feature _:07aea2d7-67bc-4b2c-829b-5b34acb3b172,
                [ a essentia:DerivativeMean ;
                    afo:value 1.320515e+01 ],
                [ a essentia:Maximum ;
                    afo:value 5.126987e+02 ],
                [ a essentia:Minimum ;
                    afo:value -1.73032e+00 ],
                [ a essentia:Variance ;
                    afo:value 6.180263e+02 ],
                [ a essentia:Median ;
                    afo:value 1.154523e+01 ],
                [ a essentia:Mean ;
                    afo:value 1.884098e+01 ],
                [ a essentia:SecondDerivativeMean ;
                    afo:value 2.186452e+01 ],
                [ a essentia:DerivativeVariance ;
                    afo:value 4.8384e+02 ] ] .

_:2ff2c199-7711-41da-a36f-ecd90d0c0ff0 a essentia:Maximum ;
    afo:value 1 .

_:30c30e18-1bca-4dde-aa7c-b0742455fefc a essentia:SecondDerivativeMean ;
    afo:value 1.94421e-02 .

_:3100946e-8ff8-4aeb-8cf1-9e1abf643159 a essentia:Maximum ;
    afo:value 4.01882e-01 .

_:3176ff54-3726-458d-92db-a93d6d1a6e9e a essentia:SecondDerivativeMean ;
    afo:value 1.873201e+01 .

_:31f567e7-f7dc-4e9e-91e1-7eb1f8f8f260 a essentia:Minimum ;
    afo:value 1.965956e-01 .

_:323f26db-1b8e-4813-8c18-cbd3bf187819 a essentia:Maximum ;
    afo:value 8.725862e+00 .

_:326671b7-f266-405f-ba19-d91aade051fd a essentia:Minimum ;
    afo:value 2.259995e-10 .

_:3276484d-4297-403e-a6b3-276d15678878 a essentia:Skewness ;
    event:time _:936dd76b-713c-4792-8d86-8c7ff6e0aeb9 ;
    afo:computed_by _:LowLevelExtractor ;
    afo:feature _:084feac6-46ea-4d7a-a2a3-d6b49598aaab,
        _:16661c09-e34b-4628-9681-aee41dbaf6ba,
        _:1766caf1-74da-40a8-940e-089757b6cd73,
        [ a essentia:Maximum ;
            afo:value 5.996185e+00 ],
        [ a essentia:SecondDerivativeMean ;
            afo:value 3.404923e-01 ],
        [ a essentia:Variance ;
            afo:value 1.878853e-01 ],
        [ a essentia:SecondDerivativeVariance ;
            afo:value 1.625948e-01 ],
        [ a essentia:Minimum ;
            afo:value 4.936327e-01 ],
        [ a essentia:DerivativeVariance ;
            afo:value 6.531229e-02 ] .

_:32e5a648-1dc7-4fb9-80c4-7d8194a9e44d a essentia:DerivativeVariance ;
    afo:value 0 .

_:331e4a7e-a507-4524-ae34-241a59148a0f a essentia:Minimum ;
    afo:value 117 .

