@prefix afo: <https://w3id.org/afo/onto/1.1#> .
@prefix dc: <http://purl.org/dc/elements/1.1/> .
@prefix essentia: <http://sovarr.c4dm.eecs.qmul.ac.uk/af/essentia/> .
@prefix event: <http://purl.org/NET/c4dm/event.owl#> .
@prefix foaf: <http://xmlns.com/foaf/0.1/> .
@prefix mo: <http://purl.org/ontology/mo/> .
@prefix rdf: <http://www.w3.org/1999/02/22-rdf-syntax-ns#> .
@prefix rdfs: <http://www.w3.org/2000/01/rdf-schema#> .
@prefix tl: <http://purl.org/NET/c4dm/timeline.owl#> .
@prefix xml: <http://www.w3.org/XML/1998/namespace> .
@prefix xsd: <http://www.w3.org/2001/XMLSchema#> .

<http://musicbrainz.org/release/54f77ba4-6afc-4dad-8fe3-b389cd9ee035> a mo:Release ;
    dc:date "2000" ;
    dc:title "Genuine Rhythm and the Blues" ;
    mo:publisher [ a mo:Label ] ;
    mo:publishing_location "United States" ;
    mo:release_type mo:album ;
    mo:track <http://musicbrainz.org/recording/294bb003-fe1f-4f51-ae21-fe2b478fe09e> ;
    foaf:maker [ a mo:MusicArtist ;
            foaf:name "Delbert McClinton" ] .

<Delbert+McClinton+-+I'm+Talking+About+You.mp3> a mo:AudioFile ;
    mo:encodes [ a essentia:Signal ;
            mo:sample_rate "44100"^^xsd:interger ;
            mo:time _:92070992-bd63-498c-b9bd-0fca3a96286b ;
            essentia:bit_rate "192000"^^xsd:float ;
            essentia:codec "mp3"^^xsd:string ;
            essentia:downmix "mix"^^xsd:string ;
            essentia:equal_loudness "0"^^xsd:float ;
            essentia:lossless false ;
            essentia:md5_encoded "fefc3ef74659be490de1f37935a41c4b"^^xsd:string ;
            essentia:replay_gain "-5.55167007446"^^xsd:float ] .

<http://musicbrainz.org/recording/294bb003-fe1f-4f51-ae21-fe2b478fe09e> a mo:Track ;
    dc:title "I'm Talking About You" ;
    mo:available_as <Delbert+McClinton+-+I'm+Talking+About+You.mp3> ;
    mo:genre [ a mo:Genre ;
            rdfs:label "Blues" ] ;
    mo:track_number "12" .

[] a mo:MusicArtist .

[] a essentia:VersionInfo .

_:002d8ebf-1b57-46a8-946d-d1db537249b0 a essentia:Mean ;
    afo:value 157 .

_:0071633d-fe35-41da-95de-78aef054961d a essentia:Variance ;
    afo:value 2.248009e+00 .

_:0167cb72-e1d5-47a8-bce1-86acf2b9af85 a essentia:DerivativeVariance ;
    afo:value 0 .

_:01f9122b-c894-46d3-ace7-7e52dd721533 a essentia:GFCC ;
    event:time _:92070992-bd63-498c-b9bd-0fca3a96286b ;
    afo:computed_by _:LowLevelExtractor ;
    afo:feature [ a essentia:Covariance ;
            afo:dimensions ( 13 13 ) ;
            afo:values ( 1.179729e+04 -9.067415e+02 -9.416082e+02 -2.051939e+02 3.074652e+01 2.381854e+01 -2.419623e+02 -1.648621e+01 -1.164489e+02 2.272462e+02 -2.040112e+02 5.262219e+01 -1.561532e+02 -9.067415e+02 9.588354e+02 -3.37431e+01 -5.637885e+01 1.239135e+02 -1.334496e+02 1.223577e+02 -8.827472e+01 3.216191e+01 -9.566914e+01 1.01012e+02 -1.064472e+02 1.029819e+02 -9.416082e+02 -3.37431e+01 8.100366e+02 5.831391e+01 -1.041961e+02 2.24384e+00 -3.195248e+01 2.453602e+01 -1.759508e+01 -3.105453e+01 -1.00036e+01 6.455185e+01 -3.839347e+01 -2.051939e+02 -5.637885e+01 5.831391e+01 2.537378e+02 2.935856e+01 -1.87123e+00 7.572864e+00 9.539314e+00 1.660659e+01 -3.278261e+01 5.912651e+00 -6.946278e-01 7.845643e+00 3.074652e+01 1.239135e+02 -1.041961e+02 2.935856e+01 1.993924e+02 3.636387e+01 2.480557e+01 -1.70616e+01 4.056401e+00 -6.600616e+00 -5.961619e+00 -3.205787e+01 2.547033e+01 2.381854e+01 -1.334496e+02 2.24384e+00 -1.87123e+00 3.636387e+01 1.454599e+02 3.595739e+01 1.084877e+01 -1.708265e+01 5.661976e+00 -1.305641e+01 6.352243e+00 -1.199119e+01 -2.419623e+02 1.223577e+02 -3.195248e+01 7.572864e+00 2.480557e+01 3.595739e+01 1.299843e+02 2.615318e+01 -4.643321e+00 -2.645562e+01 1.657641e+01 -2.064698e+01 1.000764e+01 -1.648621e+01 -8.827472e+01 2.453602e+01 9.539314e+00 -1.70616e+01 1.084877e+01 2.615318e+01 1.08272e+02 2.824043e+01 5.384701e-01 -2.105411e+01 3.98994e+00 -2.186821e+01 -1.164489e+02 3.216191e+01 -1.759508e+01 1.660659e+01 4.056401e+00 -1.708265e+01 -4.643321e+00 2.824043e+01 8.162083e+01 1.814813e+01 -5.144393e+00 -1.654969e+01 1.758808e+00 2.272462e+02 -9.566914e+01 -3.105453e+01 -3.278261e+01 -6.600616e+00 5.661976e+00 -2.645562e+01 5.384701e-01 1.814813e+01 8.11916e+01 4.629657e+00 7.615879e+00 -1.52177e+01 -2.040112e+02 1.01012e+02 -1.00036e+01 5.912651e+00 -5.961619e+00 -1.305641e+01 1.657641e+01 -2.105411e+01 -5.144393e+00 4.629657e+00 7.700767e+01 7.493134e+00 9.654821e+00 5.262219e+01 -1.064472e+02 6.455185e+01 -6.946278e-01 -3.205787e+01 6.352243e+00 -2.064698e+01 3.98994e+00 -1.654969e+01 7.615879e+00 7.493134e+00 7.413032e+01 -3.324194e-01 -1.561532e+02 1.029819e+02 -3.839347e+01 7.845643e+00 2.547033e+01 -1.199119e+01 1.000764e+01 -2.186821e+01 1.758808e+00 -1.52177e+01 9.654821e+00 -3.324194e-01 6.956288e+01 ) ],
        [ a essentia:InverseCovariance ;
            afo:dimensions ( 13 13 ) ;
            afo:values ( 1.171158e-04 -1.238511e-05 1.658923e-04 -1.678058e-05 -6.917754e-06 3.694302e-05 1.333353e-04 -1.346755e-05 2.743667e-04 -2.648961e-04 3.414131e-04 -1.587649e-04 2.471414e-04 -1.238511e-05 4.852036e-03 -1.082563e-03 2.730533e-03 -2.914973e-03 4.523498e-03 -3.960648e-03 3.131667e-03 -3.361114e-03 4.672962e-03 -5.058959e-03 4.292402e-03 -2.88502e-03 1.658923e-04 -1.082563e-03 1.967439e-03 -9.633547e-04 1.223819e-03 -1.092762e-03 1.299138e-03 -7.436033e-04 1.07239e-03 -5.804974e-04 1.725661e-03 -2.237489e-03 1.708125e-03 -1.678058e-05 2.730533e-03 -9.633547e-04 6.050736e-03 -2.533553e-03 2.466189e-03 -1.915767e-03 1.477229e-03 -3.375772e-03 4.813572e-03 -3.696618e-03 2.026899e-03 -1.540215e-03 -6.917754e-06 -2.914973e-03 1.223819e-03 -2.533553e-03 8.313847e-03 -4.583713e-03 2.015805e-03 -9.521772e-04 1.824288e-03 -2.969924e-03 3.710933e-03 -3.338321e-04 -3.75007e-04 3.694302e-05 4.523498e-03 -1.092762e-03 2.466189e-03 -4.583713e-03 1.309408e-02 -6.827366e-03 2.937394e-03 -1.142599e-03 2.327917e-03 -2.3439e-03 2.019174e-03 -7.80781e-04 1.333353e-04 -3.960648e-03 1.299138e-03 -1.915767e-03 2.015805e-03 -6.827366e-03 1.501512e-02 -6.967684e-03 4.295678e-03 -5.942949e-04 -3.708538e-05 1.091999e-04 5.973245e-04 -1.346755e-05 3.131667e-03 -7.436033e-04 1.477229e-03 -9.521772e-04 2.937394e-03 -6.967684e-03 1.575494e-02 -7.784273e-03 3.569485e-03 8.856053e-04 -4.67522e-04 2.419319e-03 2.743667e-04 -3.361114e-03 1.07239e-03 -3.375772e-03 1.824288e-03 -1.142599e-03 4.295678e-03 -7.784273e-03 2.005666e-02 -8.94058e-03 4.212642e-03 1.484209e-03 -4.06236e-04 -2.648961e-04 4.672962e-03 -5.804974e-04 4.813572e-03 -2.969924e-03 2.327917e-03 -5.942949e-04 3.569485e-03 -8.94058e-03 2.202264e-02 -8.205557e-03 2.180485e-03 5.135532e-04 3.414131e-04 -5.058959e-03 1.725661e-03 -3.696618e-03 3.710933e-03 -2.3439e-03 -3.708538e-05 8.856053e-04 4.212642e-03 -8.205557e-03 2.231339e-02 -7.754433e-03 3.110491e-03 -1.587649e-04 4.292402e-03 -2.237489e-03 2.026899e-03 -3.338321e-04 2.019174e-03 1.091999e-04 -4.67522e-04 1.484209e-03 2.180485e-03 -7.754433e-03 2.233484e-02 -6.244371e-03 2.471414e-04 -2.88502e-03 1.708125e-03 -1.540215e-03 -3.75007e-04 -7.80781e-04 5.973245e-04 2.419319e-03 -4.06236e-04 5.135532e-04 3.110491e-03 -6.244371e-03 2.065615e-02 ) ],
        [ a essentia:Mean ;
            afo:values ( -1.053572e+01 8.296574e+01 -1.170711e+02 3.783215e+01 -5.308508e+01 1.595225e+01 -3.862202e+01 1.149736e+01 -3.255222e+01 2.358989e+00 -2.289976e+01 -1.509115e+00 -1.489062e+01 ) ] .

_:01ff84b0-1c4a-4663-8e8c-268286853cfc a essentia:Median ;
    afo:value 9.917706e-02 .

_:0249f5a7-f8f0-46f1-8aa4-fa524621733a a essentia:DerivativeMean ;
    afo:value 1.755319e-02 .

_:025d4b90-1506-47c3-a2ce-cd295be8318d a essentia:Mean ;
    afo:value 9.560122e-03 .

_:03d79cac-4d47-4d62-9d87-c2d861b9bf59 a essentia:SecondDerivativeVariance ;
    afo:value 0 .

_:04197f75-a1fd-4274-93e4-a931b423ac9d a essentia:SpectralContrast ;
    event:time _:92070992-bd63-498c-b9bd-0fca3a96286b ;
    afo:computed_by _:LowLevelExtractor ;
    afo:feature [ a essentia:SecondDerivativeMean ;
            afo:values ( 9.452248e-02 8.132055e-02 6.377004e-02 5.700971e-02 3.961889e-02 2.781953e-02 ) ],
        [ a essentia:DerivativeMean ;
            afo:values ( 5.675797e-02 4.91713e-02 4.086177e-02 3.803732e-02 2.526691e-02 1.79457e-02 ) ],
        [ a essentia:Maximum ;
            afo:values ( -3.168555e-01 -4.349605e-01 -4.638498e-01 -4.661603e-01 -5.268993e-01 -6.058996e-01 ) ],
        [ a essentia:DerivativeVariance ;
            afo:values ( 2.541061e-03 1.64169e-03 1.154833e-03 1.106184e-03 4.799973e-04 2.700255e-04 ) ],
        [ a essentia:SecondDerivativeVariance ;
            afo:values ( 6.885228e-03 4.330868e-03 2.615307e-03 2.246992e-03 1.060866e-03 6.01915e-04 ) ],
        [ a essentia:Mean ;
            afo:values ( -6.459265e-01 -7.462241e-01 -7.643997e-01 -7.593022e-01 -7.807506e-01 -7.615938e-01 ) ],
        [ a essentia:Minimum ;
            afo:values ( -9.63951e-01 -9.844522e-01 -9.630014e-01 -9.591612e-01 -9.604433e-01 -9.603434e-01 ) ],
        [ a essentia:Median ;
            afo:values ( -6.475161e-01 -7.503691e-01 -7.718848e-01 -7.687638e-01 -7.837107e-01 -7.607447e-01 ) ],
        [ a essentia:Variance ;
            afo:values ( 5.201693e-03 4.622436e-03 4.748126e-03 5.512665e-03 2.354888e-03 1.517118e-03 ) ] .

_:042efa3e-de96-4dbb-99c8-76b84369fad5 a essentia:BarkBands ;
    event:time _:92070992-bd63-498c-b9bd-0fca3a96286b ;
    afo:computed_by _:LowLevelExtractor ;
    afo:feature [ a essentia:Crest ;
            afo:feature [ a essentia:Median ;
                    afo:value 7.16669e+00 ],
                [ a essentia:DerivativeVariance ;
                    afo:value 3.755771e+00 ],
                [ a essentia:SecondDerivativeVariance ;
                    afo:value 9.988201e+00 ],
                [ a essentia:SecondDerivativeMean ;
                    afo:value 3.549704e+00 ],
                [ a essentia:Minimum ;
                    afo:value 2.346901e+00 ],
                [ a essentia:Mean ;
                    afo:value 7.667596e+00 ],
                [ a essentia:DerivativeMean ;
                    afo:value 2.139973e+00 ],
                [ a essentia:Maximum ;
                    afo:value 2.526079e+01 ],
                [ a essentia:Variance ;
                    afo:value 8.04966e+00 ] ] .

_:0463945c-6690-4ce7-bb94-094706f830ad a essentia:Covariance ;
    afo:dimensions ( 13 13 ) ;
    afo:values ( 1.084316e+04 -3.443132e+02 -1.218146e+03 -1.156798e+02 -1.203717e+02 3.106978e+01 -1.717982e+02 -1.772805e+02 -3.23247e+01 5.113171e+01 -3.686133e+01 -2.782364e+01 -1.575869e+01 -3.443132e+02 8.561251e+02 -7.165646e+01 2.08098e+01 -1.6502e+01 -2.545171e+01 5.806503e+01 -3.076079e+01 -7.951712e+00 -2.19928e+01 -9.870169e+00 -1.597079e+00 -1.341524e+01 -1.218146e+03 -7.165646e+01 7.573762e+02 5.401754e+01 1.101078e+01 -3.18582e+01 -1.976221e+01 5.816093e+01 -4.390671e+01 -3.746984e+01 1.207119e+01 -5.428707e+00 -9.497436e-01 -1.156798e+02 2.08098e+01 5.401754e+01 2.191525e+02 3.669581e+01 -1.17127e+01 -2.899181e+00 2.364965e+01 3.854296e+00 9.018081e-01 -1.785659e+01 7.973595e-01 1.974685e+00 -1.203717e+02 -1.6502e+01 1.101078e+01 3.669581e+01 1.433807e+02 3.863408e+01 -3.708542e+00 4.098929e-01 1.578704e+01 1.048596e+01 -9.383014e+00 -1.27498e+01 -2.01739e+00 3.106978e+01 -2.545171e+01 -3.18582e+01 -1.17127e+01 3.863408e+01 1.209789e+02 4.272919e+01 -4.320621e+00 5.309251e+00 -4.65821e+00 -3.928506e+00 -2.318017e+00 -5.015812e+00 -1.717982e+02 5.806503e+01 -1.976221e+01 -2.899181e+00 -3.708542e+00 4.272919e+01 1.333941e+02 3.985091e+01 4.39337e+00 -3.494159e+00 7.560204e-01 6.192315e+00 -8.417121e+00 -1.772805e+02 -3.076079e+01 5.816093e+01 2.364965e+01 4.098929e-01 -4.320621e+00 3.985091e+01 1.081281e+02 2.479257e+01 1.180506e+00 7.416183e+00 6.754293e-01 -8.600562e+00 -3.23247e+01 -7.951712e+00 -4.390671e+01 3.854296e+00 1.578704e+01 5.309251e+00 4.39337e+00 2.479257e+01 9.114951e+01 3.344247e+01 -6.748247e-01 2.100983e-01 -8.249894e+00 5.113171e+01 -2.19928e+01 -3.746984e+01 9.018081e-01 1.048596e+01 -4.65821e+00 -3.494159e+00 1.180506e+00 3.344247e+01 7.657879e+01 1.885198e+01 -4.228817e+00 -3.066094e+00 -3.686133e+01 -9.870169e+00 1.207119e+01 -1.785659e+01 -9.383014e+00 -3.928506e+00 7.560204e-01 7.416183e+00 -6.748247e-01 1.885198e+01 6.399667e+01 2.137352e+01 -4.528553e+00 -2.782364e+01 -1.597079e+00 -5.428707e+00 7.973595e-01 -1.27498e+01 -2.318017e+00 6.192315e+00 6.754293e-01 2.100983e-01 -4.228817e+00 2.137352e+01 6.482803e+01 2.288349e+01 -1.575869e+01 -1.341524e+01 -9.497436e-01 1.974685e+00 -2.01739e+00 -5.015812e+00 -8.417121e+00 -8.600562e+00 -8.249894e+00 -3.066094e+00 -4.528553e+00 2.288349e+01 6.650874e+01 ) .

_:04ded028-17cb-42ab-a210-6d8f0452807f a essentia:DerivativeMean ;
    afo:value 3.470785e-04 .

_:058955ec-5f73-47b1-b6f8-d03ee30737cb a essentia:Variance ;
    afo:value 2.419965e+02 .

_:05976dac-c0c9-4b6c-a122-3725283ad4a8 a essentia:Maximum ;
    afo:value 59 .

_:05c0481f-d1a6-4f88-a1a9-c2bcd8fbe355 rdf:first 2.657922e-01 ;
    rdf:rest ( 2.557558e-01 2.456038e-01 2.372412e-01 2.243728e-01 2.354816e-01 2.675563e-01 3.072201e-01 3.614246e-01 3.534485e-01 2.89549e-01 2.145997e-01 1.710967e-01 1.411717e-01 1.640372e-01 2.160811e-01 2.056296e-01 1.668951e-01 1.771045e-01 1.938639e-01 2.575149e-01 3.166265e-01 3.315753e-01 3.161353e-01 2.752974e-01 2.407303e-01 2.084791e-01 2.094076e-01 2.334235e-01 2.93547e-01 3.234178e-01 2.474768e-01 1.806139e-01 1.79499e-01 2.076996e-01 2.43275e-01 ) .

_:066f3cbd-0cd0-4372-b744-c07f4b1a6be1 a essentia:MelBands ;
    event:time _:92070992-bd63-498c-b9bd-0fca3a96286b ;
    afo:computed_by _:LowLevelExtractor ;
    afo:feature [ a essentia:Kurtosis ;
            afo:feature _:058955ec-5f73-47b1-b6f8-d03ee30737cb,
                [ a essentia:SecondDerivativeMean ;
                    afo:value 1.127752e+01 ],
                [ a essentia:Minimum ;
                    afo:value -1.610555e+00 ],
                [ a essentia:SecondDerivativeVariance ;
                    afo:value 3.873931e+02 ],
                [ a essentia:Maximum ;
                    afo:value 3.371463e+02 ],
                [ a essentia:DerivativeMean ;
                    afo:value 6.851412e+00 ],
                [ a essentia:Median ;
                    afo:value 5.314204e+00 ],
                [ a essentia:Mean ;
                    afo:value 9.743106e+00 ],
                [ a essentia:DerivativeVariance ;
                    afo:value 1.618614e+02 ] ] .

_:0702fa2c-7eed-419a-afbf-4b7638b72dcc a essentia:Crest ;
    afo:feature [ a essentia:Variance ;
            afo:value 1.608961e+01 ],
        [ a essentia:DerivativeMean ;
            afo:value 2.434692e+00 ],
        [ a essentia:SecondDerivativeVariance ;
            afo:value 1.337527e+01 ],
        [ a essentia:Mean ;
            afo:value 7.928655e+00 ],
        [ a essentia:Median ;
            afo:value 6.807269e+00 ],
        [ a essentia:Maximum ;
            afo:value 2.974199e+01 ],
        [ a essentia:SecondDerivativeMean ;
            afo:value 3.89545e+00 ],
        [ a essentia:Minimum ;
            afo:value 2.304543e+00 ],
        [ a essentia:DerivativeVariance ;
            afo:value 5.748543e+00 ] .

_:076f0096-24d7-4c92-96d0-cbbe58199e51 a essentia:SecondDerivativeMean ;
    afo:value 1.059105e+00 .

_:078562bb-f94f-4817-9446-773f0408b8e2 a essentia:Minimum ;
    afo:value 5.404336e-02 .

_:07a40181-07e4-4a2a-b396-305c16e0cddd a essentia:DerivativeMean ;
    afo:value 1.484066e-01 .

_:08019020-df7e-4f54-ae11-42f37dc988eb a essentia:MFCC ;
    event:time _:92070992-bd63-498c-b9bd-0fca3a96286b ;
    afo:computed_by _:LowLevelExtractor ;
    afo:feature _:0463945c-6690-4ce7-bb94-094706f830ad,
        [ a essentia:InverseCovariance ;
            afo:dimensions ( 13 13 ) ;
            afo:values ( 1.230044e-04 5.692648e-05 2.094273e-04 -1.121185e-05 1.147887e-04 -7.084998e-05 1.865592e-04 3.579822e-06 1.50654e-04 -5.13978e-05 6.18899e-05 2.186251e-05 7.917253e-05 5.692648e-05 1.343442e-03 1.940951e-04 -2.267906e-04 2.324411e-05 6.887682e-04 -9.308679e-04 8.513434e-04 -1.651996e-04 5.438357e-04 -9.464659e-05 1.525929e-04 2.8454e-04 2.094273e-04 1.940951e-04 1.900148e-03 -2.998863e-04 -5.269349e-05 1.718707e-04 6.79398e-04 -1.011623e-03 1.049142e-03 5.895632e-04 -4.514354e-04 3.48156e-04 9.812801e-05 -1.121185e-05 -2.267906e-04 -2.998863e-04 5.266462e-03 -1.504069e-03 7.046997e-04 3.253558e-04 -1.3891e-03 5.240045e-04 -7.93656e-04 2.135051e-03 -1.236384e-03 2.592041e-04 1.147887e-04 2.324411e-05 -5.269349e-05 -1.504069e-03 8.757335e-03 -3.420269e-03 1.332988e-03 4.791913e-05 -9.533445e-04 -1.071429e-03 5.152843e-04 1.428516e-03 -3.656917e-04 -7.084998e-05 6.887682e-04 1.718707e-04 7.046997e-04 -3.420269e-03 1.151233e-02 -4.729425e-03 2.321318e-03 -1.023781e-03 1.809429e-03 -3.800256e-04 2.604911e-04 4.107011e-04 1.865592e-04 -9.308679e-04 6.79398e-04 3.253558e-04 1.332988e-03 -4.729425e-03 1.140579e-02 -5.155031e-03 1.695723e-03 -1.039145e-03 1.281865e-03 -1.739991e-03 1.165492e-03 3.579822e-06 8.513434e-04 -1.011623e-03 -1.3891e-03 4.791913e-05 2.321318e-03 -5.155031e-03 1.359919e-02 -4.753999e-03 2.237075e-03 -2.529551e-03 1.255186e-03 3.913867e-04 1.50654e-04 -1.651996e-04 1.049142e-03 5.240045e-04 -9.533445e-04 -1.023781e-03 1.695723e-03 -4.753999e-03 1.586849e-02 -7.339353e-03 3.765954e-03 -2.793424e-03 2.343077e-03 -5.13978e-05 5.438357e-04 5.895632e-04 -7.93656e-04 -1.071429e-03 1.809429e-03 -1.039145e-03 2.237075e-03 -7.339353e-03 1.903872e-02 -7.86028e-03 4.439101e-03 -1.70401e-03 6.18899e-05 -9.464659e-05 -4.514354e-04 2.135051e-03 5.152843e-04 -3.800256e-04 1.281865e-03 -2.529551e-03 3.765954e-03 -7.86028e-03 2.2582e-02 -9.685315e-03 4.7226e-03 2.186251e-05 1.525929e-04 3.48156e-04 -1.236384e-03 1.428516e-03 2.604911e-04 -1.739991e-03 1.255186e-03 -2.793424e-03 4.439101e-03 -9.685315e-03 2.239126e-02 -8.422705e-03 7.917253e-05 2.8454e-04 9.812801e-05 2.592041e-04 -3.656917e-04 4.107011e-04 1.165492e-03 3.913867e-04 2.343077e-03 -1.70401e-03 4.7226e-03 -8.422705e-03 1.875509e-02 ) ],
        [ a essentia:Mean ;
            afo:values ( -6.527047e+02 1.120364e+02 -3.598752e+00 2.732201e+01 6.219718e+00 6.45623e+00 4.685354e+00 4.093408e+00 1.636248e-01 9.51278e-01 -3.189365e+00 -2.716198e+00 -4.545017e+00 ) ] .

_:08714e02-9fa4-4b9c-b671-d761339a6685 rdf:first -7.160917e+00 ;
    rdf:rest ( -6.913998e+00 -7.309135e+00 -7.743946e+00 -7.367534e+00 -1.00444e+01 ) .

_:089a3b68-c5a4-4757-b923-817cfe7fda81 a essentia:DerivativeMean ;
    afo:value 1.084374e-02 .

_:08f8b9cc-a22a-4687-9f90-0cdd63e23366 a essentia:SecondDerivativeMean ;
    afo:value 6.510174e+00 .

_:0917796f-a654-4133-921b-d0ae7fe694a4 a essentia:Minimum ;
    afo:value 6.461523e-03 .

_:093ba0f0-8ca3-4fa6-874d-ca7a4a922cb6 a essentia:Minimum ;
    afo:values ( 7.956148e-24 6.178269e-24 3.724255e-24 5.71904e-24 2.785916e-24 2.177801e-24 4.724924e-24 6.567759e-24 4.475574e-24 9.796184e-24 5.195039e-24 4.589283e-24 4.917481e-24 6.626737e-24 7.244735e-24 5.205581e-24 4.643027e-24 1.154244e-23 7.691832e-24 9.194839e-24 4.727507e-24 3.920812e-24 3.946549e-24 5.128498e-24 4.732814e-24 5.727557e-24 8.046417e-24 5.773567e-24 9.634548e-24 9.140527e-24 7.496508e-24 6.147671e-24 1.01928e-23 9.714473e-24 8.84315e-24 6.931169e-24 7.583877e-24 8.939033e-24 1.103797e-23 7.308945e-24 ) .

_:098cf0d8-bcd1-4cea-937e-6c80879e71a0 rdf:first 1.022596e+00 ;
    rdf:rest ( 1.167162e+00 1.212157e+00 1.39287e+00 1.296417e+00 1.331628e+00 ) .

_:099e9433-77fb-412a-a1f4-7c36a3ebb694 a essentia:DerivativeVariance ;
    afo:value 7.926509e-05 .

_:09aaf13b-6ced-4656-b2da-69c2baa749bc a essentia:SecondDerivativeMean ;
    afo:value 2.127943e-03 .

_:0a0c3af6-5f3e-4d2b-b109-2e5c6f55901f a essentia:Mean ;
    afo:value 6.793792e-02 .

_:0a8f3b1e-02a2-4b7c-9993-aa76f871edab a essentia:Mean ;
    afo:value 1.038426e-01 .

_:0aa0d822-33cc-47b2-947d-9b52aeda4c29 rdf:first -2.730763e+01 ;
    rdf:rest ( -2.741076e+01 -2.74747e+01 -2.764497e+01 -2.730035e+01 -2.724774e+01 ) .

_:0b088627-05d0-4f5f-bda0-c84e80e4489c a essentia:Mean ;
    afo:value 2.983401e+01 .

_:0bca9361-bdd2-4784-8514-cb9186b06c36 a essentia:Maximum ;
    afo:value 1.107143e+02 .

_:0bf10c4a-5202-4bd6-bdb7-cb198a58fb1c a essentia:SecondDerivativeMean ;
    afo:value 1.196664e+00 .

_:0c892c65-039c-4d23-a98a-8fe620d23937 a essentia:DerivativeVariance ;
    afo:value 652196642816 .

_:0d39cb6b-9f8a-4b7b-a5b8-57d34341d4ea a essentia:Variance ;
    afo:value 9.192799e-03 .

_:0d5da016-7d6d-4653-a231-08c755a113ac a essentia:Mean ;
    afo:value 2.104032e+00 .

_:0dadc0fc-61bb-4eaf-a410-2ebb3680e0f4 a essentia:SecondDerivativeMean ;
    afo:value 2.902667e-01 .

_:0dd77077-491d-40d1-82b6-56e2635ddfea a essentia:SecondPeakSpread ;
    event:time _:92070992-bd63-498c-b9bd-0fca3a96286b ;
    afo:computed_by _:LowLevelExtractor ;
    afo:feature [ a essentia:DerivativeVariance ;
            afo:value 0 ],
        [ a essentia:Maximum ;
            afo:value 4.999981e-03 ],
        [ a essentia:Median ;
            afo:value 4.999981e-03 ],
        [ a essentia:Variance ;
            afo:value 0 ],
        [ a essentia:Minimum ;
            afo:value 4.999981e-03 ],
        [ a essentia:SecondDerivativeMean ;
            afo:value 0 ],
        [ a essentia:DerivativeMean ;
            afo:value 0 ],
        [ a essentia:Mean ;
            afo:value 4.999981e-03 ],
        [ a essentia:SecondDerivativeVariance ;
            afo:value 0 ] .

_:0def7699-4538-48e1-a1fb-f55084c8a217 a essentia:MelBands ;
    event:time _:92070992-bd63-498c-b9bd-0fca3a96286b ;
    afo:computed_by _:LowLevelExtractor ;
    afo:feature [ a essentia:FlatnessDB ;
            afo:feature _:0917796f-a654-4133-921b-d0ae7fe694a4,
                [ a essentia:Maximum ;
                    afo:value 6.985031e-01 ],
                [ a essentia:SecondDerivativeMean ;
                    afo:value 4.317601e-02 ],
                [ a essentia:Mean ;
                    afo:value 1.697546e-01 ],
                [ a essentia:DerivativeMean ;
                    afo:value 2.761037e-02 ],
                [ a essentia:Variance ;
                    afo:value 4.281902e-03 ],
                [ a essentia:Median ;
                    afo:value 1.578047e-01 ],
                [ a essentia:DerivativeVariance ;
                    afo:value 8.344839e-04 ],
                [ a essentia:SecondDerivativeVariance ;
                    afo:value 2.022753e-03 ] ] .

_:0ee27bc3-3f7e-477a-b51e-ce7bd79f760f a essentia:DerivativeMean ;
    afo:value 1.050863e-03 .

_:0f2a4d95-17db-4d57-bd45-34e36cdf4aaf a essentia:Variance ;
    afo:values ( 6.32362e-02 4.417948e-02 3.810413e-02 4.843089e-02 3.854369e-02 3.627115e-02 5.601732e-02 5.236892e-02 8.76117e-02 1.365414e-01 5.825705e-02 3.172659e-02 2.448655e-02 1.829617e-02 2.511183e-02 5.594229e-02 4.268992e-02 2.373625e-02 3.079373e-02 2.966184e-02 4.571858e-02 1.058049e-01 9.017971e-02 6.306014e-02 7.538696e-02 5.096794e-02 3.705728e-02 3.863243e-02 4.15245e-02 6.702676e-02 1.086566e-01 4.859867e-02 2.411819e-02 2.539285e-02 3.281978e-02 4.839436e-02 ) .

_:0f42c178-71e1-418e-b796-772fd4865c7a rdf:first 2.027138e-01 ;
    rdf:rest ( 1.167801e-01 9.617953e-02 9.885523e-02 8.126082e-02 3.35606e-02 ) .

_:1104f3d1-9f56-4ec4-b1cd-7d6facd7feea a essentia:Minimum ;
    afo:value 2.409423e-22 .

_:117d6768-7fbf-4d1a-a4c6-24f92aa6cd1a a essentia:Median ;
    afo:value 1.325725e-01 .

_:11a81bb1-2701-42a2-bb37-c1f251084870 a essentia:SecondDerivativeVariance ;
    afo:value 3.622517e+01 .

_:12254b9c-f90d-4755-9218-bffc60c63946 a essentia:Maximum ;
    afo:value 1.107487e+01 .

_:130984f9-88e2-4d2e-8f6a-b671fb626d92 a essentia:DerivativeVariance ;
    afo:value 9.362592e-01 .

_:131b1615-ca7a-455d-943e-b3a290eb33d7 a essentia:Maximum ;
    afo:value 152 .

_:1457b456-974c-45e4-b6b6-93691fd7a6fe a essentia:Mean ;
    afo:value 5.832537e-01 .

_:157e4a83-b925-44f9-80f7-7727991ce0b2 a essentia:Mean ;
    afo:value 3.613779e-02 .

_:1712f8b3-6b42-4dc7-98a8-401eb5619614 a essentia:Median ;
    afo:value 2.109166e+00 .

_:1827c929-4de5-4497-8b32-a848044fccfd a essentia:SecondDerivativeVariance ;
    afo:value 2.123814e+02 .

_:18810b6a-684c-4528-9b3d-221ce8b6fa28 a essentia:DerivativeVariance ;
    afo:value 9.672755e+01 .

_:19a95399-9260-4450-b54a-32846772a175 a essentia:MelBands ;
    event:time _:92070992-bd63-498c-b9bd-0fca3a96286b ;
    afo:computed_by _:LowLevelExtractor ;
    afo:feature [ a essentia:Spread ;
            afo:feature _:0b088627-05d0-4f5f-bda0-c84e80e4489c,
                _:1827c929-4de5-4497-8b32-a848044fccfd,
                [ a essentia:DerivativeVariance ;
                    afo:value 8.717516e+01 ],
                [ a essentia:Median ;
                    afo:value 2.746606e+01 ],
                [ a essentia:Minimum ;
                    afo:value 7.518806e-01 ],
                [ a essentia:Maximum ;
                    afo:value 1.577897e+02 ],
                [ a essentia:SecondDerivativeMean ;
                    afo:value 1.386519e+01 ],
                [ a essentia:DerivativeMean ;
                    afo:value 8.882117e+00 ],
                [ a essentia:Variance ;
                    afo:value 2.743071e+02 ] ] .

_:19acc2a6-8293-41d1-a4df-66928a8d2770 a essentia:SecondDerivativeMean ;
    afo:value 0 .

_:1a62fa34-263e-440c-bd1f-af4a45f3ef12 a essentia:SecondDerivativeVariance ;
    afo:value 7.832182e-04 .

_:1a6d0dca-efc7-4079-8160-d955046d5ddb a essentia:Maximum ;
    afo:value 5e-01 .

_:1aed9fe2-76fb-46d9-8d93-aa1033adb313 a essentia:FirstPeakSpread ;
    event:time _:92070992-bd63-498c-b9bd-0fca3a96286b ;
    afo:computed_by _:LowLevelExtractor ;
    afo:feature [ a essentia:Median ;
            afo:value 1.033058e-01 ],
        [ a essentia:DerivativeVariance ;
            afo:value 0 ],
        [ a essentia:Mean ;
            afo:value 1.033058e-01 ],
        [ a essentia:Variance ;
            afo:value 0 ],
        [ a essentia:SecondDerivativeMean ;
            afo:value 0 ],
        [ a essentia:Minimum ;
            afo:value 1.033058e-01 ],
        [ a essentia:SecondDerivativeVariance ;
            afo:value 0 ],
        [ a essentia:DerivativeMean ;
            afo:value 0 ],
        [ a essentia:Maximum ;
            afo:value 1.033058e-01 ] .

_:1aee1d25-bfed-4005-b840-2718c9dcbcfc a essentia:BeatsLoudnessBandRatio ;
    event:time _:92070992-bd63-498c-b9bd-0fca3a96286b ;
    afo:computed_by _:LowLevelExtractor ;
    afo:feature [ a essentia:Mean ;
            afo:values ( 4.412829e-01 1.598027e-01 1.3687e-01 1.234064e-01 1.166638e-01 7.453131e-02 ) ],
        [ a essentia:DerivativeMean ;
            afo:values _:0f42c178-71e1-418e-b796-772fd4865c7a ],
        [ a essentia:Minimum ;
            afo:values ( 3.264294e-02 1.509279e-02 2.444265e-04 1.42258e-04 1.038584e-04 1.121577e-03 ) ],
        [ a essentia:DerivativeVariance ;
            afo:values ( 2.082491e-02 1.129816e-02 8.129518e-03 1.251286e-02 5.816426e-03 7.895103e-04 ) ],
        [ a essentia:Median ;
            afo:values ( 4.29553e-01 1.401786e-01 1.089322e-01 9.144341e-02 9.848396e-02 7.174358e-02 ) ],
        [ a essentia:SecondDerivativeVariance ;
            afo:values ( 5.778581e-02 3.42924e-02 2.366966e-02 3.319885e-02 1.701382e-02 2.164465e-03 ) ],
        [ a essentia:Maximum ;
            afo:values ( 9.511493e-01 6.903662e-01 6.352897e-01 6.749488e-01 5.040659e-01 1.982287e-01 ) ],
        [ a essentia:SecondDerivativeMean ;
            afo:values ( 3.299596e-01 2.197434e-01 1.668904e-01 1.730301e-01 1.351654e-01 5.829129e-02 ) ],
        [ a essentia:Variance ;
            afo:values ( 3.369723e-02 1.055706e-02 9.435338e-03 1.165066e-02 7.632345e-03 1.243236e-03 ) ] .

_:1b1025d7-69d0-41a9-865f-1077d3f1e445 a essentia:MelBands ;
    event:time _:92070992-bd63-498c-b9bd-0fca3a96286b ;
    afo:computed_by _:LowLevelExtractor ;
    afo:feature _:093ba0f0-8ca3-4fa6-874d-ca7a4a922cb6,
        [ a essentia:SecondDerivativeVariance ;
            afo:values ( 1.780675e-06 2.444252e-05 1.830469e-05 3.501029e-06 1.836977e-06 1.597301e-06 2.322807e-06 6.341313e-07 2.14129e-07 1.384952e-07 1.480377e-07 3.597006e-08 2.004698e-08 1.623677e-08 1.461987e-08 2.455721e-08 2.926267e-08 1.272419e-08 8.74681e-09 7.800273e-09 2.486415e-09 2.712196e-09 1.527829e-09 5.086496e-10 2.657928e-10 3.556166e-10 3.630422e-10 1.20385e-10 5.787667e-11 6.86934e-11 4.07558e-11 3.495096e-11 1.157306e-11 1.321631e-11 1.841545e-11 3.36487e-12 2.469134e-12 2.398072e-12 1.483862e-12 1.094907e-12 ) ],
        [ a essentia:DerivativeVariance ;
            afo:values ( 6.907738e-07 8.553179e-06 6.61375e-06 1.302539e-06 6.803199e-07 5.609107e-07 8.202992e-07 2.375857e-07 8.993145e-08 5.955074e-08 6.591036e-08 1.603291e-08 1.007482e-08 1.008924e-08 7.101082e-09 1.207912e-08 1.588576e-08 5.444733e-09 4.386032e-09 3.354306e-09 1.110619e-09 1.189642e-09 6.469912e-10 1.949024e-10 1.071316e-10 1.54587e-10 1.627609e-10 5.05335e-11 2.598465e-11 3.096302e-11 1.73821e-11 1.453672e-11 5.1754e-12 5.747191e-12 8.052002e-12 1.542067e-12 1.134308e-12 1.081806e-12 7.020898e-13 5.206211e-13 ) ],
        [ a essentia:Variance ;
            afo:values ( 5.804603e-07 5.563172e-06 4.530543e-06 9.963305e-07 5.175183e-07 3.932124e-07 5.16642e-07 2.436947e-07 1.285825e-07 1.316781e-07 1.683302e-07 3.402324e-08 2.532004e-08 4.919827e-08 1.574501e-08 2.791207e-08 5.206245e-08 9.250369e-09 9.281215e-09 8.614146e-09 2.720655e-09 2.102469e-09 1.18756e-09 3.326358e-10 2.253067e-10 3.726923e-10 4.210835e-10 1.090455e-10 5.862384e-11 6.615983e-11 3.191674e-11 2.10684e-11 9.791397e-12 1.109351e-11 1.225238e-11 3.492362e-12 2.621952e-12 2.364867e-12 1.372513e-12 1.031583e-12 ) ],
        [ a essentia:DerivativeMean ;
            afo:values ( 3.799072e-04 1.182825e-03 1.165002e-03 5.572517e-04 2.734349e-04 2.482513e-04 2.429725e-04 1.770436e-04 8.778965e-05 9.07743e-05 1.02352e-04 4.906859e-05 4.583593e-05 4.392737e-05 3.75645e-05 4.058414e-05 5.748419e-05 3.206348e-05 2.92341e-05 2.794157e-05 1.896856e-05 1.836502e-05 1.491747e-05 8.839616e-06 7.334985e-06 7.89255e-06 7.131027e-06 4.318137e-06 2.960044e-06 2.660489e-06 2.342365e-06 1.878692e-06 1.058348e-06 1.076423e-06 1.282021e-06 6.103872e-07 5.200392e-07 5.118545e-07 3.970187e-07 3.392616e-07 ) ],
        [ a essentia:Median ;
            afo:values ( 2.491051e-04 7.019892e-04 6.168661e-04 3.244551e-04 1.69977e-04 9.565294e-05 4.598752e-05 5.138474e-05 4.550218e-05 4.625634e-05 4.426214e-05 2.884434e-05 3.184803e-05 2.385661e-05 2.005736e-05 1.609092e-05 2.163245e-05 1.503286e-05 1.304548e-05 1.564341e-05 1.39216e-05 1.122596e-05 1.086018e-05 8.418151e-06 8.810142e-06 8.108432e-06 6.324764e-06 3.971734e-06 3.147875e-06 2.148167e-06 2.206426e-06 1.422421e-06 7.19822e-07 6.494071e-07 6.875476e-07 4.677055e-07 3.806112e-07 3.51341e-07 2.340406e-07 1.837778e-07 ) ],
        [ a essentia:SecondDerivativeMean ;
            afo:values ( 6.395999e-04 2.139168e-03 2.10685e-03 9.791625e-04 4.640725e-04 4.446663e-04 4.368162e-04 2.8776e-04 1.359657e-04 1.424372e-04 1.561709e-04 7.558509e-05 6.795958e-05 6.240743e-05 5.57795e-05 5.900643e-05 8.271595e-05 4.844166e-05 4.296816e-05 4.286495e-05 2.843774e-05 2.820172e-05 2.353635e-05 1.437499e-05 1.181965e-05 1.239539e-05 1.097914e-05 6.796397e-06 4.645331e-06 4.126452e-06 3.605443e-06 2.929417e-06 1.618901e-06 1.667544e-06 1.95007e-06 9.211604e-07 7.84831e-07 7.675709e-07 5.782865e-07 4.918901e-07 ) ],
        [ a essentia:Maximum ;
            afo:values ( 8.669357e-03 2.540892e-02 2.332071e-02 9.805275e-03 1.550088e-02 8.636999e-03 9.79095e-03 8.202041e-03 1.382614e-02 7.128598e-03 7.229742e-03 3.21858e-03 2.721025e-03 4.27807e-03 2.479827e-03 3.472645e-03 3.909684e-03 2.120757e-03 1.845261e-03 1.381804e-03 6.394824e-04 6.677284e-04 3.548387e-04 2.800906e-04 1.712704e-04 2.418687e-04 3.271509e-04 1.070654e-04 1.07768e-04 1.372406e-04 5.435135e-05 5.390371e-05 3.09306e-05 4.123252e-05 3.881197e-05 2.079556e-05 1.735145e-05 2.588706e-05 1.404967e-05 1.334627e-05 ) ],
        [ a essentia:Mean ;
            afo:values ( 4.48778e-04 1.304132e-03 1.183939e-03 5.964707e-04 3.314103e-04 2.574061e-04 2.068273e-04 2.193053e-04 1.327804e-04 1.38159e-04 1.561324e-04 7.695933e-05 8.030481e-05 8.332705e-05 6.102152e-05 6.489274e-05 9.978778e-05 4.839543e-05 4.492707e-05 4.687051e-05 3.221403e-05 2.785746e-05 2.313634e-05 1.419534e-05 1.322541e-05 1.443562e-05 1.325662e-05 7.785809e-06 5.568599e-06 4.763507e-06 4.255223e-06 3.103318e-06 1.881708e-06 1.832585e-06 1.966498e-06 1.150847e-06 9.711316e-07 9.21513e-07 6.828181e-07 5.705575e-07 ) ] .

_:1b41b9c5-ac32-4730-b352-a7f46a40efe7 a essentia:SecondDerivativeVariance ;
    afo:value 2.825552e+00 .

_:1b46fc03-8737-4d08-9cb8-844ad9c092e1 a essentia:Maximum ;
    afo:value 1 .

_:1c688a93-fcc3-4cb1-837e-a883f0c72349 a essentia:SecondDerivativeVariance ;
    afo:value 5.126321e-02 .

_:1cac84c0-24be-4968-b48b-cc24b11a9964 a essentia:Spread ;
    afo:feature _:0bca9361-bdd2-4784-8514-cb9186b06c36,
        [ a essentia:Variance ;
            afo:value 1.497258e+02 ],
        [ a essentia:DerivativeVariance ;
            afo:value 5.397525e+01 ],
        [ a essentia:Minimum ;
            afo:value 9.309839e-01 ],
        [ a essentia:Median ;
            afo:value 2.726439e+01 ],
        [ a essentia:SecondDerivativeVariance ;
            afo:value 1.376974e+02 ],
        [ a essentia:Mean ;
            afo:value 2.78035e+01 ],
        [ a essentia:DerivativeMean ;
            afo:value 6.71756e+00 ],
        [ a essentia:SecondDerivativeMean ;
            afo:value 1.070727e+01 ] .

_:1cebef08-b2af-48ee-90a7-5e9ea06be4d8 a essentia:DerivativeMean ;
    afo:value 9.169147e+00 .

_:1cfbb877-c6f6-4af9-8b27-ccaa0a2a0e3a a essentia:Mean ;
    afo:value 4.603008e+00 .

_:1d1d79d5-2ad7-4b1a-b13a-ceff92d50b51 a essentia:SecondDerivativeMean ;
    afo:value 0 .

_:1d65ca33-cc9f-4a49-b6a6-cf23984113b9 a essentia:SecondDerivativeMean ;
    afo:value 3.227391e-02 .

_:1f8962b3-bcb2-4402-871b-da52e4528e74 a essentia:Mean ;
    afo:value 1.697362e+03 .

_:1fb106fc-7083-400e-9318-e297ac620654 a essentia:Minimum ;
    afo:value 4.699858e-23 .

_:2074057e-0555-498b-ab68-97b047887383 a essentia:Minimum ;
    afo:value 0 .

_:20bc1311-691a-440d-a3cc-227427ad3a25 a essentia:DerivativeVariance ;
    afo:value 0 .

_:20ed42a6-0ec9-4476-9953-f12fd9a1bffe a essentia:Variance ;
    afo:value 7.987142e-04 .

_:212fc804-f74e-4e45-b96e-c41ea7dfeca8 a essentia:Minimum ;
    afo:value 1.624363e+00 .

_:2138e8be-0475-4fb5-8fb5-2cfc661f7f5c a essentia:DerivativeMean ;
    afo:value 2.06127e-02 .

_:21bcc76b-d8d5-4ace-8837-fcbe87edc2ff a essentia:Maximum ;
    afo:value 1.100854e+04 .

_:22113570-85bf-4f54-a682-8cfc2c4a700c a essentia:Median ;
    afo:value 1.571924e+03 .

_:221a3776-af6b-4d2d-9c42-1e57c5f08619 a essentia:SecondDerivativeVariance ;
    afo:value 2.921249e-03 .

_:22dc9cea-e78b-4f06-9347-b3b40e35a618 a essentia:Minimum ;
    afo:value 0 .

_:23cb812c-01df-4da1-b7ab-595a91e55c65 a essentia:SecondDerivativeVariance ;
    afo:value 0 .

_:2402da35-8888-413b-803b-11dc3587595e a essentia:DerivativeMean ;
    afo:value 7.29965e-01 .

_:24c18cc1-06f8-4c33-b7ba-527d7d1db03c a essentia:Variance ;
    afo:value 3.416838e+05 .

_:24e25257-9f4d-4db5-8c44-7a8af74beef1 a essentia:DerivativeMean ;
    afo:value 8.383278e-01 .

_:25ebe096-cbdb-4965-ad17-c3bde161b6de a essentia:SecondDerivativeVariance ;
    afo:value 5.608246e-04 .

_:26b8e489-90d3-405c-a41d-272c89eee19e a essentia:Median ;
    afo:value 5.920534e-01 .

_:2770be4e-ae7f-47fe-afdd-563ed7ce4c21 a essentia:Maximum ;
    afo:value 1.117671e+01 .

_:2852fc5e-ee8d-4da3-8bf9-1d016be40b06 a essentia:EqualTemperedDeviation ;
    event:time _:92070992-bd63-498c-b9bd-0fca3a96286b ;
    afo:value 4.717967e-03 .

_:285bc217-3625-4bde-a210-5af6bf9d46be a essentia:Minimum ;
    afo:value 4.882812e-03 .

_:28fd3afd-e8fe-4700-898a-aed56e81b168 a essentia:DerivativeVariance ;
    afo:value 2.722239e+01 .

_:291a66fe-9d44-4025-b25e-e03d028b3883 a essentia:Variance ;
    afo:value 1.019452e-04 .

_:29cdcc57-e497-4585-a50b-c9a7c95cf259 a essentia:Minimum ;
    afo:value 1.22041e-16 .

_:29e7a787-b943-4529-b4e9-1c09e8dfa5b9 a essentia:KeyStrength ;
    event:time _:92070992-bd63-498c-b9bd-0fca3a96286b ;
    afo:value 8.605482e-01 .

_:2b070545-aa5d-4155-8e3f-078452a7b5c2 a essentia:Median ;
    afo:value 6.982422e-02 .

_:2ba5be24-eb94-4994-bc4f-fc3d17bd467c a essentia:DerivativeMean ;
    afo:value 6.246592e-01 .

_:2ba9b3cc-cc1f-4b81-b062-ff37d4fe067e a essentia:Maximum ;
    afo:value 157 .

_:2bd3b96c-d0d5-4769-8155-4522c4946815 a essentia:Mean ;
    afo:value 1.390512e-01 .

_:2c3811fa-dbeb-4cda-a6da-41d77a44254c a essentia:Variance ;
    afo:value 1.15096e+01 .

_:2c94f207-1e72-456c-9b83-d4921c8c9c0c a essentia:SecondDerivativeMean ;
    afo:value 4.714108e+02 .

_:2d029877-fe4e-43db-87e1-0731b19a17c9 a essentia:DerivativeVariance ;
    afo:value 2.352681e-06 .

_:2dbf4502-4637-446d-b0db-98e48258f98a a essentia:DerivativeMean ;
    afo:value 3.330066e+00 .

_:2dfbeb0d-2bb2-4390-b89b-5dd94485f922 a essentia:Minimum ;
    afo:value 2.102853e+00 .

_:2e225d84-d102-43ac-b3c6-10414fc4e272 a essentia:SecondDerivativeVariance ;
    afo:value 5.007537e+01 .

_:2e8ed769-29ad-438c-aaef-991e6bfe49d5 a essentia:DerivativeMean ;
    afo:value 1.446008e+00 .

_:2f0b0f1f-d790-4057-bb22-1bac46c9cdc4 a essentia:DerivativeVariance ;
    afo:value 4.063618e-01 .

_:2f12e6e7-fece-4288-94e4-a181b76f04d7 a essentia:Mean ;
    afo:value 4.84375e-01 .

_:2f817555-a02d-46b2-8911-25ea734a8a63 a essentia:Mean ;
    afo:value 2.323251e+00 .

_:30697707-b8e6-4b91-8a34-a82b611c92f3 a essentia:Variance ;
    afo:value 0 .

_:3088488d-0bfe-45e0-b608-76a20039e23f a essentia:Median ;
    afo:value 1.571886e+03 .

_:30d8579f-e7f2-49ff-9e1b-bf1b4814328d a essentia:SecondDerivativeVariance ;
    afo:value 9.256479e-05 .

_:3107696c-25b6-4160-99d2-9bc759434644 a essentia:SecondDerivativeVariance ;
    afo:value 7.926765e-17 .

_:314e9ac1-e7c2-4970-b466-c795479af80b rdf:first 4.967157e-04 ;
    rdf:rest ( 4.370634e-02 6.060085e-02 6.403466e-02 6.371722e-02 3.818951e-02 5.464514e-02 4.318047e-02 4.53808e-02 3.151303e-02 2.498024e-02 2.805257e-02 2.713106e-02 3.611688e-02 1.989454e-02 1.33436e-02 9.27258e-03 4.3011e-03 5.492429e-03 5.98558e-03 3.464886e-03 2.169491e-03 1.51233e-03 1.581312e-03 1.875391e-03 1.129801e-03 8.721646e-05 ) .

_:3277f4dc-d755-48f2-9cb8-bffdf3e2fad1 a essentia:DerivativeVariance ;
    afo:value 4.59447e-04 .

_:32cebaaa-d63a-41ae-b214-c52f75bd8f85 a essentia:ERBBands ;
    event:time _:92070992-bd63-498c-b9bd-0fca3a96286b ;
    afo:computed_by _:LowLevelExtractor ;
    afo:feature [ a essentia:DerivativeVariance ;
            afo:values ( 4.002792e-03 1.484461e+00 4.663784e+01 1.79159e+02 3.693114e+02 2.217613e+02 5.804203e+02 1.321774e+03 3.073919e+03 2.558461e+03 1.234775e+03 1.287352e+03 2.623993e+03 9.064566e+02 1.089438e+03 1.018211e+03 1.656407e+03 3.757315e+03 1.924902e+03 1.220431e+03 7.760913e+02 8.322226e+02 2.977233e+02 1.357852e+02 3.045537e+02 1.136534e+02 5.749711e+01 4.42797e+01 3.262832e+01 1.561536e+01 1.483638e+01 3.223001e+00 1.798201e+00 7.54481e-01 2.266481e+00 1.302756e-01 1.866064e-02 3.926455e-04 2.153353e-07 1.024796e-09 ) ],
        [ a essentia:DerivativeMean ;
            afo:values ( 3.004391e-02 5.116212e-01 2.788459e+00 6.135182e+00 8.503799e+00 7.616456e+00 7.311931e+00 1.163888e+01 1.530216e+01 1.699934e+01 1.093506e+01 1.386765e+01 2.042241e+01 1.203169e+01 1.422054e+01 1.5068e+01 1.665465e+01 2.764884e+01 1.886685e+01 1.86887e+01 1.629216e+01 1.606237e+01 1.099571e+01 8.587166e+00 1.054132e+01 6.642015e+00 4.162446e+00 3.680337e+00 2.783303e+00 1.832914e+00 1.813228e+00 8.836911e-01 6.532269e-01 4.161901e-01 6.189837e-01 1.591482e-01 5.751363e-02 8.156435e-03 1.902195e-04 1.807928e-05 ) ],
        [ a essentia:Maximum ;
