@prefix afo: <https://w3id.org/afo/onto/1.1#> .
@prefix dc: <http://purl.org/dc/elements/1.1/> .
@prefix essentia: <http://sovarr.c4dm.eecs.qmul.ac.uk/af/essentia/> .
@prefix event: <http://purl.org/NET/c4dm/event.owl#> .
@prefix foaf: <http://xmlns.com/foaf/0.1/> .
@prefix mo: <http://purl.org/ontology/mo/> .
@prefix rdf: <http://www.w3.org/1999/02/22-rdf-syntax-ns#> .
@prefix rdfs: <http://www.w3.org/2000/01/rdf-schema#> .
@prefix tl: <http://purl.org/NET/c4dm/timeline.owl#> .
@prefix xml: <http://www.w3.org/XML/1998/namespace> .
@prefix xsd: <http://www.w3.org/2001/XMLSchema#> .

<http://musicbrainz.org/artist/8c90ad8c-9150-4c51-a1eb-342232e99d06> a mo:MusicArtist .

<http://musicbrainz.org/release/598ff64f-ad1c-451e-be71-e7ee899f3c80> a mo:Release ;
    dc:date "1994" ;
    dc:title "The War" ;
    mo:catalogue_number "MCAD-11160" ;
    mo:publisher [ a mo:Label ;
            foaf:name "MCA Records" ] ;
    mo:track <http://musicbrainz.org/recording/2c7966fc-5f7f-4ade-b551-0d20eae32af7> ;
    essentia:asin "B000008NON" ;
    essentia:barcode "008811116026" ;
    foaf:maker <http://musicbrainz.org/artist/348f3a5f-5112-4d72-b33b-11c60b4f9af2> .

<08+Up+on+Cripple+Creek.flac> a mo:AudioFile ;
    mo:encodes [ a essentia:Signal ;
            mo:time _:3ea14d5c-6d94-4656-84f5-26ec20bbf61c ;
            essentia:bit_rate "0"^^xsd:float ;
            essentia:codec "flac"^^xsd:string ;
            essentia:downmix "mix"^^xsd:string ;
            essentia:equal_loudness "0"^^xsd:float ;
            essentia:lossless true ;
            essentia:md5_encoded "94172439e73077ed23ba549f6af920ca"^^xsd:string ;
            essentia:replay_gain "-7.69889450073"^^xsd:float ] .

<http://musicbrainz.org/artist/348f3a5f-5112-4d72-b33b-11c60b4f9af2> a mo:MusicArtist ;
    foaf:name "The Band",
        "Thomas Newman" .

<http://musicbrainz.org/recording/2c7966fc-5f7f-4ade-b551-0d20eae32af7> a mo:Track ;
    dc:title "Up on Cripple Creek" ;
    mo:available_as <08+Up+on+Cripple+Creek.flac> ;
    mo:genre [ a mo:Genre ] ;
    mo:track_number "8" .

[] a essentia:VersionInfo .

_:013004a1-94f9-40b4-881a-9874b4a89efe a essentia:DerivativeMean ;
    afo:value 3.26669e-02 .

_:0132035f-cf82-4558-aaf8-00ef78da926c a essentia:Mean ;
    afo:values ( 3.094676e-01 2.146046e+00 3.439322e+00 5.058104e+00 5.566601e+00 6.527094e+00 6.859302e+00 1.327053e+01 3.301894e+01 4.486405e+01 2.890177e+01 2.172177e+01 2.011169e+01 1.951241e+01 2.432309e+01 2.132151e+01 2.623795e+01 3.467232e+01 2.686508e+01 2.639182e+01 3.330819e+01 1.796169e+01 1.322413e+01 1.327319e+01 1.104674e+01 5.38214e+00 3.160244e+00 2.425822e+00 1.991684e+00 1.238044e+00 7.648081e-01 4.312639e-01 1.941848e-01 1.181027e-01 8.161923e-02 2.803347e-02 3.994502e-03 6.633658e-04 8.0294e-05 3.529579e-05 ) .

_:01844982-3170-4113-b754-b34554209891 a essentia:Variance ;
    afo:values ( 2.032785e-05 7.864163e-06 2.366594e-06 4.102835e-07 1.998471e-07 2.809658e-07 1.517146e-06 1.689006e-06 3.239387e-07 1.151793e-07 6.890752e-08 4.95648e-08 4.758648e-08 3.606182e-08 2.412282e-08 1.025495e-08 1.490697e-08 7.975355e-09 4.363381e-09 7.582685e-09 6.82498e-09 9.516431e-10 5.52013e-10 4.566651e-10 5.987948e-10 3.998845e-10 1.693318e-10 5.670383e-11 2.20126e-11 1.351705e-11 1.276882e-11 1.871121e-11 7.216307e-12 3.169461e-12 1.430172e-12 5.573072e-13 3.203766e-13 1.306193e-13 6.811743e-14 8.559762e-14 ) .

_:01a627ae-d830-470b-b92f-09f7e581baed a essentia:Maximum ;
    afo:value 1.37961e-01 .

_:01bf9282-7cb3-4243-9044-f7d37d3bd04a a essentia:SecondDerivativeVariance ;
    afo:value 1.678394e-05 .

_:02a083b6-8cf3-449f-a542-4d01047c657d a essentia:Mean ;
    afo:value 1.059608e-01 .

_:02a12961-44ab-4a7d-855f-b0b10063ce33 a essentia:SecondDerivativeMean ;
    afo:value 3.28828e-02 .

_:02b24c06-017f-4c48-bb03-23deda7d83ec a essentia:DerivativeMean ;
    afo:value 2.951971e-09 .

_:02d89e8c-aa82-405d-a9e9-3d8c692344ff a essentia:DerivativeVariance ;
    afo:value 5.241429e-03 .

_:0304b371-6d25-49ca-ba40-aaa18da609ee a essentia:DerivativeMean ;
    afo:value 5.67538e-03 .

_:0327ed49-b9b3-4c5f-a254-48c7ad7049d8 a essentia:SecondDerivativeVariance ;
    afo:value 9.520384e-04 .

_:0333333d-72ad-4b8e-9676-9eb43797156d a essentia:Mean ;
    afo:value 1.507161e+01 .

_:036f3f49-3983-446d-b2af-e56434b04c07 a essentia:SecondDerivativeMean ;
    afo:value 5.567359e+00 .

_:038dc7ad-00a5-490c-9c06-7087b893c51b a essentia:Minimum ;
    afo:values [ rdf:first 0 ;
            rdf:rest [ rdf:first 0 ;
                    rdf:rest [ rdf:first 0 ;
                            rdf:rest [ rdf:first 0 ;
                                    rdf:rest [ rdf:first 0 ;
                                            rdf:rest [ rdf:first 0 ;
                                                    rdf:rest [ rdf:first 0 ;
                                                            rdf:rest [ rdf:first 0 ;
                                                                    rdf:rest [ rdf:first 0 ;
                                                                            rdf:rest [ rdf:first 0 ;
                                                                                    rdf:rest [ rdf:first 0 ;
                                                                                            rdf:rest [ rdf:first 0 ;
                                                                                                    rdf:rest [ rdf:first 0 ;
                                                                                                            rdf:rest [ rdf:first 0 ;
                                                                                                                    rdf:rest [ rdf:first 0 ;
                                                                                                                            rdf:rest [ rdf:first 0 ;
                                                                                                                                    rdf:rest [ rdf:first 0 ;
                                                                                                                                            rdf:rest [ rdf:first 0 ;
                                                                                                                                                    rdf:rest [ rdf:first 0 ;
                                                                                                                                                            rdf:rest [ rdf:first 0 ;
                                                                                                                                                                    rdf:rest [ rdf:first 0 ;
                                                                                                                                                                            rdf:rest [ rdf:first 0 ;
                                                                                                                                                                                    rdf:rest [ rdf:first 0 ;
                                                                                                                                                                                            rdf:rest [ rdf:first 0 ;
                                                                                                                                                                                                    rdf:rest [ rdf:first 0 ;
                                                                                                                                                                                                            rdf:rest [ rdf:first 0 ;
                                                                                                                                                                                                                    rdf:rest [ rdf:first 0 ;
                                                                                                                                                                                                                            rdf:rest [ rdf:first 0 ;
                                                                                                                                                                                                                                    rdf:rest [ rdf:first 0 ;
                                                                                                                                                                                                                                            rdf:rest [ rdf:first 0 ;
                                                                                                                                                                                                                                                    rdf:rest [ rdf:first 0 ;
                                                                                                                                                                                                                                                            rdf:rest [ rdf:first 0 ;
                                                                                                                                                                                                                                                                    rdf:rest [ rdf:first 0 ;
                                                                                                                                                                                                                                                                            rdf:rest [ rdf:first 0 ;
                                                                                                                                                                                                                                                                                    rdf:rest [ rdf:first 0 ;
                                                                                                                                                                                                                                                                                            rdf:rest [ rdf:first 0 ;
                                                                                                                                                                                                                                                                                                    rdf:rest () ] ] ] ] ] ] ] ] ] ] ] ] ] ] ] ] ] ] ] ] ] ] ] ] ] ] ] ] ] ] ] ] ] ] ] ] .

_:039ebcb9-23be-4fb7-92c9-ce8d51ebb6fa a essentia:Spread ;
    event:time _:3ea14d5c-6d94-4656-84f5-26ec20bbf61c ;
    afo:computed_by _:LowLevelExtractor ;
    afo:feature [ a essentia:DerivativeVariance ;
            afo:value 469720268800 ],
        [ a essentia:Maximum ;
            afo:value 42787920 ],
        [ a essentia:SecondDerivativeVariance ;
            afo:value 871731298304 ],
        [ a essentia:DerivativeMean ;
            afo:value 4.666844e+05 ],
        [ a essentia:Minimum ;
            afo:value 8.265424e+05 ],
        [ a essentia:Median ;
            afo:value 2.688273e+06 ],
        [ a essentia:SecondDerivativeMean ;
            afo:value 6.380108e+05 ],
        [ a essentia:Variance ;
            afo:value 1.33931e+13 ],
        [ a essentia:Mean ;
            afo:value 3.286434e+06 ] .

_:041f9097-28f5-4cf5-92db-4697ed9c8617 a essentia:SecondDerivativeVariance ;
    afo:values ( 4.075118e-01 5.576479e-01 3.633696e-01 3.023569e-01 3.584279e-01 5.051216e-01 ) .

_:0476fa4f-b231-4cdd-8e54-c9cd3a0550e3 rdf:first -6.788558e-01 ;
    rdf:rest ( -7.20863e-01 -7.834546e-01 -7.677025e-01 -7.738516e-01 -7.512782e-01 ) .

_:0569c6fb-cd56-4186-8095-f93b69b4ba53 rdf:first 1.08148e-03 ;
    rdf:rest ( 1.249776e-03 3.486634e-04 2.157709e-04 1.091846e-04 1.001509e-04 1.115814e-04 6.075828e-05 3.368285e-05 2.596822e-05 2.153862e-05 1.92908e-05 2.153406e-05 2.009851e-05 1.512051e-05 1.600069e-05 1.8893e-05 1.514664e-05 1.047069e-05 1.162837e-05 1.185476e-05 6.75636e-06 4.451336e-06 3.294458e-06 2.478299e-06 2.168713e-06 1.107241e-06 5.223342e-07 3.841751e-07 3.021807e-07 2.332834e-07 1.947088e-07 1.32989e-07 7.951578e-08 5.161277e-08 3.290048e-08 2.009747e-08 1.022383e-08 5.668636e-09 4.124881e-09 ) .

_:0686d818-770e-43bc-b18c-d7119de7f0a0 a essentia:Minimum ;
    afo:value 136 .

_:070bb9f4-55d6-4490-b80e-d5dc40411558 a essentia:DerivativeMean ;
    afo:value 7.70726e-03 .

_:07eecc1e-708e-4635-908c-35e22541d507 a essentia:DerivativeVariance ;
    afo:value 4.309651e-04 .

_:07fd409d-1b9c-46d2-a21b-285a92d61239 a essentia:SecondDerivativeVariance ;
    afo:value 5.43595e-01 .

_:0820bdb2-a1eb-4671-b89c-10074f72ae79 a essentia:Variance ;
    afo:value 7.029141e-04 .

_:08857725-9dbc-4b39-be81-15e12ad10a70 a essentia:Energy ;
    event:time _:3ea14d5c-6d94-4656-84f5-26ec20bbf61c ;
    afo:computed_by _:LowLevelExtractor ;
    afo:feature _:0820bdb2-a1eb-4671-b89c-10074f72ae79,
        [ a essentia:Median ;
            afo:value 2.209036e-02 ],
        [ a essentia:Minimum ;
            afo:value 1.007952e-20 ],
        [ a essentia:Maximum ;
            afo:value 2.206939e-01 ],
        [ a essentia:DerivativeVariance ;
            afo:value 3.016329e-04 ],
        [ a essentia:SecondDerivativeVariance ;
            afo:value 6.928272e-04 ],
        [ a essentia:SecondDerivativeMean ;
            afo:value 1.749081e-02 ],
        [ a essentia:DerivativeMean ;
            afo:value 1.154985e-02 ],
        [ a essentia:Mean ;
            afo:value 2.85748e-02 ] .

_:08a940b8-fa4a-4b7e-bb1f-35c312f2eea7 a essentia:RollOff ;
    event:time _:3ea14d5c-6d94-4656-84f5-26ec20bbf61c ;
    afo:computed_by _:LowLevelExtractor ;
    afo:feature [ a essentia:Maximum ;
            afo:value 1.963828e+04 ],
        [ a essentia:Median ;
            afo:value 9.474609e+02 ],
        [ a essentia:SecondDerivativeVariance ;
            afo:value 659345 ],
        [ a essentia:Variance ;
            afo:value 3.739066e+06 ],
        [ a essentia:Mean ;
            afo:value 1.280551e+03 ],
        [ a essentia:DerivativeVariance ;
            afo:value 3.121025e+05 ],
        [ a essentia:SecondDerivativeMean ;
            afo:value 5.806992e+02 ],
        [ a essentia:DerivativeMean ;
            afo:value 3.555215e+02 ],
        [ a essentia:Minimum ;
            afo:value 4.306641e+01 ] .

_:09c460bb-7990-45f6-a014-c63fff7c5fdd rdf:first 5.081053e-02 ;
    rdf:rest ( 5.165485e-02 3.950658e-02 3.309262e-02 2.629387e-02 2.307191e-02 ) .

_:0a226146-1305-4cee-a8e2-b9ddde500815 a essentia:Median ;
    afo:value 1.706662e+01 .

_:0a2c75b2-1698-47b6-a551-bef2f0baaa2c a essentia:Median ;
    afo:values ( 8.444294e-02 1.015259e+00 1.900617e+00 1.875992e+00 2.271461e+00 3.007009e+00 2.966958e+00 4.492467e+00 7.115378e+00 6.513305e+00 4.827623e+00 4.583063e+00 4.835685e+00 5.460347e+00 7.50494e+00 7.183595e+00 8.312273e+00 1.087791e+01 1.026526e+01 8.924702e+00 1.102483e+01 7.121379e+00 4.671627e+00 3.521029e+00 2.647221e+00 1.03688e+00 6.393948e-01 4.543158e-01 3.398891e-01 1.801323e-01 8.986997e-02 4.140892e-02 1.455238e-02 5.748036e-03 2.238527e-03 5.536724e-04 1.29155e-04 3.468058e-05 1.969452e-05 2.676142e-05 ) .

_:0a4c1f56-5797-4b33-8819-92ef733b613b a essentia:Minimum ;
    afo:values [ rdf:first 0 ;
            rdf:rest [ rdf:first 0 ;
                    rdf:rest [ rdf:first 0 ;
                            rdf:rest [ rdf:first 0 ;
                                    rdf:rest [ rdf:first 0 ;
                                            rdf:rest [ rdf:first 0 ;
                                                    rdf:rest () ] ] ] ] ] ] .

_:0ab3b9d3-4747-4383-bf9d-a71b1452c871 a essentia:Median ;
    afo:values _:0476fa4f-b231-4cdd-8e54-c9cd3a0550e3 .

_:0b49e0bf-8313-4044-a6b0-eaf1406e0c19 a essentia:Variance ;
    afo:value 1.044843e+00 .

_:0bb55414-9089-4613-9519-6226c52adf11 a essentia:BarkBands ;
    event:time _:3ea14d5c-6d94-4656-84f5-26ec20bbf61c ;
    afo:computed_by _:LowLevelExtractor ;
    afo:feature [ a essentia:Spread ;
            afo:feature [ a essentia:Minimum ;
                    afo:value 9.787949e-02 ],
                [ a essentia:SecondDerivativeMean ;
                    afo:value 7.545996e+00 ],
                [ a essentia:DerivativeVariance ;
                    afo:value 3.079833e+01 ],
                [ a essentia:Variance ;
                    afo:value 1.332811e+02 ],
                [ a essentia:Mean ;
                    afo:value 1.81584e+01 ],
                [ a essentia:Median ;
                    afo:value 1.65368e+01 ],
                [ a essentia:Maximum ;
                    afo:value 1.250524e+02 ],
                [ a essentia:DerivativeMean ;
                    afo:value 5.014985e+00 ],
                [ a essentia:SecondDerivativeVariance ;
                    afo:value 6.795042e+01 ] ] .

_:0c2a24d1-8ec6-4cba-9146-742070caccea a essentia:DerivativeMean ;
    afo:value 4.112898e+00 .

_:0c418c94-de89-4f10-a9b3-af5ba90587f1 a essentia:SecondDerivativeVariance ;
    afo:value 9.278521e+02 .

_:0dff0a04-de9b-4d37-8682-789c29d9a8d8 a essentia:Median ;
    afo:value 6.487159e+00 .

_:0e0d3000-36fd-4778-bad0-6348aab3a467 a essentia:Median ;
    afo:value 2.531348e-01 .

_:0e0dc0bb-0607-4ba4-a8ed-2450c0c0f0db a essentia:Maximum ;
    afo:value 1.918436e-28 .

_:0e198da3-a7f7-4c8d-85e2-13ae546f619a a essentia:SecondDerivativeVariance ;
    afo:value 2.757711e-03 .

_:0e3110b2-1ecd-4b78-9e46-1323f4ada161 a essentia:FlatnessDB ;
    afo:feature _:0e0d3000-36fd-4778-bad0-6348aab3a467,
        [ a essentia:Mean ;
            afo:value 2.598447e-01 ],
        [ a essentia:DerivativeVariance ;
            afo:value 1.216447e-03 ],
        [ a essentia:SecondDerivativeVariance ;
            afo:value 2.29195e-03 ],
        [ a essentia:Variance ;
            afo:value 8.561993e-03 ],
        [ a essentia:SecondDerivativeMean ;
            afo:value 4.870859e-02 ],
        [ a essentia:DerivativeMean ;
            afo:value 3.5625e-02 ],
        [ a essentia:Minimum ;
            afo:value 3.266101e-03 ],
        [ a essentia:Maximum ;
            afo:value 6.57936e-01 ] .

_:0e884f79-191a-461a-9493-4f1582744214 a essentia:DerivativeVariance ;
    afo:value 0 .

_:0f40108e-bac3-4778-865c-5f5a17781503 a essentia:Variance ;
    afo:value 2.203544e+02 .

_:0ffdf34d-370e-4158-bac5-4b64e6bc441f a essentia:Median ;
    afo:value 6.964654e-02 .

_:0ffe2ef3-6a05-4680-9bf6-0acade1d60e8 a essentia:Mean ;
    afo:value 4.773692e-03 .

_:10795f32-30c7-44e4-8595-4fa6a85b0596 a essentia:SecondDerivativeVariance ;
    afo:value 3.753654e+01 .

_:10c504a5-a4d0-47bc-bcd4-95bbcf3a53d8 rdf:first 6.479449e-02 ;
    rdf:rest ( 3.055546e-02 2.378882e-02 9.502058e-03 7.775542e-03 6.584982e-03 2.190283e-02 1.975201e-02 8.334799e-03 7.470936e-03 5.363963e-03 4.965597e-03 6.458031e-03 4.771041e-03 2.876601e-03 1.837605e-03 2.317337e-03 1.980776e-03 1.091059e-03 1.202395e-03 1.616637e-03 3.42763e-04 3.05486e-04 3.261591e-04 5.918835e-04 4.249543e-04 2.465414e-04 1.753536e-04 9.338516e-05 5.812849e-05 1.168364e-04 1.97722e-04 7.645459e-05 5.072085e-05 3.913957e-05 1.691797e-05 7.442943e-06 5.636333e-06 4.850451e-06 4.690863e-06 ) .

_:116953a6-4b49-4afc-90c1-1935dc8a77f3 a essentia:Minimum ;
    afo:value 0 .

_:120bc82b-6e66-4d0d-818d-04588aba7dee a essentia:Variance ;
    afo:value 2.625871e-03 .

_:125df454-c6af-495c-ba4b-a21b4b465c4a a essentia:DerivativeVariance ;
    afo:value 7.574094e+01 .

_:13a6381a-0eaa-49f1-88db-008f7d7f9759 a essentia:Maximum ;
    afo:value 1 .

_:13c65b7d-86a2-493d-bc4c-fb64b89aefa9 a essentia:Minimum ;
    afo:values ( 1.692309e-22 4.812186e-22 1.429197e-21 2.467872e-21 1.293081e-20 3.210261e-20 5.099839e-20 3.355495e-20 1.118682e-19 1.379175e-19 2.509616e-19 3.120412e-19 7.966738e-19 5.547318e-19 9.744837e-19 1.284423e-18 1.711498e-18 1.768918e-18 2.456273e-18 2.800216e-18 4.25066e-18 4.658197e-18 5.119812e-18 4.816785e-18 6.452169e-18 7.395449e-18 9.692998e-18 1.123164e-17 1.173408e-17 1.268094e-17 1.087565e-17 1.027105e-17 8.860316e-18 8.326077e-18 6.493317e-18 3.970347e-18 2.138659e-18 1.025912e-18 2.626316e-19 2.246682e-20 ) .

_:14af34d0-fa05-4580-9c62-991285ac2129 a essentia:Minimum ;
    afo:value -2.962439e+00 .

_:14cb79e0-072f-40b1-b3f6-3e4528ce5b61 a essentia:DerivativeMean ;
    afo:value 9.956955e-04 .

_:14f91465-43c3-4441-9f72-19b7c23face8 a essentia:Mean ;
    afo:value 2.027672e-01 .

_:15a93796-7806-4d8d-8c08-f0c0b42163e6 a essentia:SecondDerivativeMean ;
    afo:value 0 .

_:15c711f2-3097-4ba3-b077-009202c6ba5b a essentia:SecondDerivativeVariance ;
    afo:value 1.281996e-02 .

_:162df8e1-c19e-4bb2-9c14-06ba22e7961b a essentia:DerivativeVariance ;
    afo:value 6.897006e-01 .

_:16c3389f-c9f5-4344-aa54-7aa0dab3d100 a essentia:DerivativeVariance ;
    afo:value 1.544382e-06 .

_:16e88dfd-95a0-4014-923e-abc2ad89173d a essentia:Variance ;
    afo:value 3.594679e+00 .

_:17bea1d3-942b-495c-994a-006ecb311e29 a essentia:HPCP ;
    event:time _:3ea14d5c-6d94-4656-84f5-26ec20bbf61c ;
    afo:computed_by _:LowLevelExtractor ;
    afo:feature [ a essentia:Entropy ;
            afo:feature [ a essentia:Variance ;
                    afo:value 6.228867e-01 ],
                [ a essentia:DerivativeVariance ;
                    afo:value 3.064619e-01 ],
                [ a essentia:Mean ;
                    afo:value 2.163959e+00 ],
                [ a essentia:SecondDerivativeMean ;
                    afo:value 1.131435e+00 ],
                [ a essentia:Minimum ;
                    afo:value 0 ],
                [ a essentia:Median ;
                    afo:value 2.192065e+00 ],
                [ a essentia:DerivativeMean ;
                    afo:value 6.790411e-01 ],
                [ a essentia:Maximum ;
                    afo:value 4.454963e+00 ],
                [ a essentia:SecondDerivativeVariance ;
                    afo:value 8.108694e-01 ] ] .

_:17e4fb78-2294-4eda-bef8-aefdbb1e7b46 a essentia:DerivativeMean ;
    afo:value 4.648168e+00 .

_:17f80311-24fd-4bc6-9a98-f6e8fced0f2f a essentia:DerivativeMean ;
    afo:values ( 1.580269e-03 1.233601e-03 7.129431e-04 2.91599e-04 1.834671e-04 2.035027e-04 3.356764e-04 3.357192e-04 1.337162e-04 8.348942e-05 6.869687e-05 5.220122e-05 5.074892e-05 4.271883e-05 3.676832e-05 3.432878e-05 4.053285e-05 2.772955e-05 1.966473e-05 2.252649e-05 2.027993e-05 1.09219e-05 8.406511e-06 6.826444e-06 6.529809e-06 6.085011e-06 3.689719e-06 2.110457e-06 1.457576e-06 1.211077e-06 9.950907e-07 8.521462e-07 6.423719e-07 4.60901e-07 3.681185e-07 2.440826e-07 1.875863e-07 1.148374e-07 7.873503e-08 8.184448e-08 ) .

_:1897fc8d-4c77-4939-9406-f1251a4a1322 a essentia:DerivativeMean ;
    afo:value 6.653726e-01 .

_:18d787ca-635f-4d27-be0f-539f05347c28 a essentia:Mean ;
    afo:values ( -7.004396e+02 1.631781e+02 -2.4196e+01 3.096562e+01 1.156756e+01 1.078419e+01 -2.663059e+00 5.201103e+00 -5.139648e-01 3.739112e+00 3.230012e+00 2.833633e+00 3.292025e+00 ) .

_:18f888ca-258a-465c-9736-e850e8c4caea a essentia:Median ;
    afo:value 1.736262e-01 .

_:19064043-ebbf-47ce-8a78-3ed9e2061fb8 a essentia:Maximum ;
    afo:value 1.834558e+02 .

_:1998ccef-a3c2-4c15-b7cb-626f7cc318d5 a essentia:Median ;
    afo:value -8.364285e-02 .

_:19b9ef08-b58a-47f7-9c8d-53eff157c16f a essentia:SecondDerivativeMean ;
    afo:value 3.659294e+02 .

_:1a3cae21-61db-4e8b-974f-a7d32e7c4296 a essentia:MelBands ;
    event:time _:3ea14d5c-6d94-4656-84f5-26ec20bbf61c ;
    afo:computed_by _:LowLevelExtractor ;
    afo:feature [ a essentia:Kurtosis ;
            afo:feature _:0c418c94-de89-4f10-a9b3-af5ba90587f1,
                [ a essentia:Maximum ;
                    afo:value 9.709105e+02 ],
                [ a essentia:Mean ;
                    afo:value 1.478736e+01 ],
                [ a essentia:Median ;
                    afo:value 5.687042e+00 ],
                [ a essentia:Variance ;
                    afo:value 1.468674e+03 ],
                [ a essentia:SecondDerivativeMean ;
                    afo:value 1.278349e+01 ],
                [ a essentia:DerivativeMean ;
                    afo:value 8.412227e+00 ],
                [ a essentia:Minimum ;
                    afo:value -1.834538e+00 ],
                [ a essentia:DerivativeVariance ;
                    afo:value 4.590751e+02 ] ] .

_:1a4152d2-97b8-442a-9425-b37de99d3943 a essentia:DerivativeVariance ;
    afo:value 0 .

_:1aaacf38-3c95-40e8-89d5-7962af9a44d8 rdf:first 13 ;
    rdf:rest ( 13 ) .

_:1ab5fa15-98e1-46d5-8268-056d6d3107a1 a essentia:Variance ;
    afo:value 2.45342e+03 .

_:1b276af1-d67c-40d0-8179-2c7f15899c6b a essentia:SecondDerivativeMean ;
    afo:value 7.832458e+00 .

_:1b3e2b2a-fd8f-404a-8812-8bc7415b1ba0 a essentia:Maximum ;
    afo:value 1.186493e+02 .

_:1b609321-a974-45c1-a71f-997f4ca60d49 a essentia:Maximum ;
    afo:value 2.442053e+01 .

_:1c28a05c-cdb8-4a50-a78e-75628590bc20 a essentia:DerivativeMean ;
    afo:values ( 1.84559e-01 1.246412e+00 2.246207e+00 4.135502e+00 4.283282e+00 4.214155e+00 5.362855e+00 9.103202e+00 2.157282e+01 3.121336e+01 1.812799e+01 1.345225e+01 1.362696e+01 1.272345e+01 1.430167e+01 1.314894e+01 1.572047e+01 2.052528e+01 1.566529e+01 1.426992e+01 1.741525e+01 9.730639e+00 7.610189e+00 7.640231e+00 6.872903e+00 3.449491e+00 2.165787e+00 1.750925e+00 1.394144e+00 8.971714e-01 5.762582e-01 3.308236e-01 1.528825e-01 9.483086e-02 6.630229e-02 2.335262e-02 3.270818e-03 5.431068e-04 5.838498e-05 1.441706e-05 ) .

_:1cae6301-e3b6-4283-9d3e-3ecf7619aa36 a essentia:Dissonance ;
    event:time _:3ea14d5c-6d94-4656-84f5-26ec20bbf61c ;
    afo:computed_by _:LowLevelExtractor ;
    afo:feature _:02a12961-44ab-4a7d-855f-b0b10063ce33,
        [ a essentia:DerivativeVariance ;
            afo:value 4.75237e-04 ],
        [ a essentia:DerivativeMean ;
            afo:value 1.988905e-02 ],
        [ a essentia:Median ;
            afo:value 4.721243e-01 ],
        [ a essentia:Minimum ;
            afo:value 0 ],
        [ a essentia:Variance ;
            afo:value 1.055615e-03 ],
        [ a essentia:Maximum ;
            afo:value 5.000001e-01 ],
        [ a essentia:SecondDerivativeVariance ;
            afo:value 1.2427e-03 ],
        [ a essentia:Mean ;
            afo:value 4.628166e-01 ] .

_:1d3dea9f-c5ed-4d82-be2e-f325706024ae a essentia:Maximum ;
    afo:value 3.612586e+01 .

_:1d5d2b4a-3fb4-4108-9e41-80aa068243a5 a essentia:Minimum ;
    afo:value 1.619137e+00 .

_:1d873e9a-4ca3-47e2-9aed-9d4138fbd9fd a essentia:Mean ;
    afo:value 1.051955e-02 .

_:1d8a88e7-bea5-4865-9a39-bbd720687222 a essentia:Minimum ;
    afo:value -6.367996e+00 .

_:1d8ae6b0-68ee-4d1d-993f-b87ac1ccb833 a essentia:Mean ;
    afo:value 4.688753e-03 .

_:1d8e8908-0c3a-4c5e-a080-34a11be80290 rdf:first 9.943353e-01 ;
    rdf:rest ( 8.441325e-01 9.382772e-01 7.88546e-01 7.748577e-01 3.177702e-01 ) .

_:1dfbb2aa-4c0b-41b1-9a47-5755220e7074 a essentia:Median ;
    afo:value 9.002541e+00 .

_:1e1cbe28-8784-4ab3-9697-8bdca6157a28 a essentia:Median ;
    afo:value 1 .

_:1e201e4e-8b8f-4995-acbc-8463b2adefaf a essentia:Mean ;
    afo:value 144 .

_:1e7af2c8-990b-4433-8833-d4b237754039 a essentia:Minimum ;
    afo:value 2.003082e-02 .

_:1e84506a-c5ad-4225-9d09-bf35d1469e34 a essentia:Minimum ;
    afo:values ( -2.920846e+01 -2.794002e+01 -2.776233e+01 -2.762001e+01 -2.751951e+01 -2.738605e+01 ) .

_:1eac9c22-1985-482e-8fb7-2adda30f0ca0 a essentia:SecondDerivativeMean ;
    afo:value 4.718394e+00 .

_:1eddee3e-4063-4fc4-b350-809f0418afc7 a essentia:Decrease ;
    event:time _:3ea14d5c-6d94-4656-84f5-26ec20bbf61c ;
    afo:computed_by _:LowLevelExtractor ;
    afo:feature _:02b24c06-017f-4c48-bb03-23deda7d83ec,
        _:0e0dc0bb-0607-4ba4-a8ed-2450c0c0f0db,
        [ a essentia:SecondDerivativeVariance ;
            afo:value 4.607692e-17 ],
        [ a essentia:Mean ;
            afo:value -7.221528e-09 ],
        [ a essentia:SecondDerivativeMean ;
            afo:value 4.49571e-09 ],
        [ a essentia:Minimum ;
            afo:value -5.811056e-08 ],
        [ a essentia:DerivativeVariance ;
            afo:value 1.995136e-17 ],
        [ a essentia:Median ;
            afo:value -5.560119e-09 ],
        [ a essentia:Variance ;
            afo:value 4.600026e-17 ] .

_:1f3cc340-1fd8-4b4a-903b-daa71da0cd71 a essentia:Minimum ;
    afo:value -1.959178e+00 .

_:20947642-72ca-4519-8ed8-ad22423d61f3 a essentia:Mean ;
    afo:value 9.118371e+00 .

_:20949a54-8f46-4f77-897b-d336fe96f20b rdf:first -7.048576e+00 ;
    rdf:rest ( -6.982484e+00 -7.492641e+00 -7.700529e+00 -8.087845e+00 -1.170651e+01 ) .

_:21013b2e-b0ad-4776-b037-009f67227e10 a essentia:Maximum ;
    afo:value 1.297899e+02 .

_:22ca34dc-b493-4aba-b8b4-83f58b9048e1 a essentia:Crest ;
    afo:feature [ a essentia:Mean ;
            afo:value 1.143152e+01 ],
        [ a essentia:DerivativeVariance ;
            afo:value 7.527106e+00 ],
        [ a essentia:Maximum ;
            afo:value 2.623122e+01 ],
        [ a essentia:SecondDerivativeVariance ;
            afo:value 1.880054e+01 ],
        [ a essentia:Minimum ;
            afo:value 2.468067e+00 ],
        [ a essentia:Variance ;
            afo:value 2.534238e+01 ],
        [ a essentia:Median ;
            afo:value 1.044121e+01 ],
        [ a essentia:DerivativeMean ;
            afo:value 2.973654e+00 ],
        [ a essentia:SecondDerivativeMean ;
            afo:value 4.743052e+00 ] .

_:22d6722e-e709-41d6-b442-4befffbe0e53 a essentia:Crest ;
    afo:feature _:0333333d-72ad-4b8e-9676-9eb43797156d,
        _:1d5d2b4a-3fb4-4108-9e41-80aa068243a5,
        [ a essentia:DerivativeVariance ;
            afo:value 9.828204e+00 ],
        [ a essentia:SecondDerivativeVariance ;
            afo:value 2.413565e+01 ],
        [ a essentia:DerivativeMean ;
            afo:value 3.411757e+00 ],
        [ a essentia:Variance ;
            afo:value 3.41818e+01 ],
        [ a essentia:Median ;
            afo:value 1.446778e+01 ],
        [ a essentia:Maximum ;
            afo:value 3.515044e+01 ],
        [ a essentia:SecondDerivativeMean ;
            afo:value 5.415109e+00 ] .

_:22e86152-ea8f-4895-b9ea-2f120591bc85 a essentia:Minimum ;
    afo:value 0 .

_:23bdc653-1a74-4fb6-b7ce-0386447e39d2 rdf:first 2.404984e-05 ;
    rdf:rest ( 1.370369e-05 7.106948e-06 8.168405e-07 5.282998e-07 4.495175e-07 1.561398e-06 1.931248e-06 2.413258e-07 1.062992e-07 7.857604e-08 5.405865e-08 4.650298e-08 3.116498e-08 1.80542e-08 1.148113e-08 1.653733e-08 8.648568e-09 4.974656e-09 5.494215e-09 4.559254e-09 9.364676e-10 5.804586e-10 4.360208e-10 4.693812e-10 3.440435e-10 1.466723e-10 5.528808e-11 2.432755e-11 1.5655e-11 1.734479e-11 2.049005e-11 6.951457e-12 3.966113e-12 1.800569e-12 6.68015e-13 4.001655e-13 1.597378e-13 7.871935e-14 1.044789e-13 ) .

_:23caeaae-faca-4fcd-9f40-6f1fb723c3ec a essentia:MFCC ;
    event:time _:3ea14d5c-6d94-4656-84f5-26ec20bbf61c ;
    afo:computed_by _:LowLevelExtractor ;
    afo:feature _:18d787ca-635f-4d27-be0f-539f05347c28,
        [ a essentia:InverseCovariance ;
            afo:dimensions ( 13 13 ) ;
            afo:values ( 1.240756e-04 -6.962753e-06 6.667772e-05 -1.506952e-04 2.089485e-04 -9.052723e-05 1.590692e-04 -1.203403e-04 1.932142e-04 -2.784704e-04 1.256646e-04 -1.614623e-04 3.751703e-05 -6.962753e-06 6.091063e-04 2.999645e-04 -6.358245e-05 -3.674847e-04 1.833168e-04 -3.081954e-04 -1.101045e-04 -3.886746e-04 5.532888e-04 -6.104474e-04 -7.970871e-05 -2.098158e-04 6.667772e-05 2.999645e-04 1.549391e-03 -3.18478e-04 -1.017494e-04 1.174971e-04 -3.558869e-04 -2.091112e-04 1.021752e-04 -4.506422e-04 -8.693865e-05 -4.079359e-04 -4.585864e-04 -1.506952e-04 -6.358245e-05 -3.18478e-04 3.334132e-03 -6.90661e-04 -9.675797e-04 4.293759e-04 -4.974567e-04 -2.431117e-04 -4.134578e-04 -1.309743e-04 5.911057e-04 3.052879e-04 2.089485e-04 -3.674847e-04 -1.017494e-04 -6.90661e-04 3.816101e-03 -1.213223e-03 2.809341e-04 1.017782e-03 -7.860253e-04 -2.148588e-04 9.415659e-04 -5.724864e-04 -2.070338e-04 -9.052723e-05 1.833168e-04 1.174971e-04 -9.675797e-04 -1.213223e-03 6.181493e-03 -2.393578e-03 6.479955e-05 5.35193e-04 -1.209153e-04 -1.273812e-03 5.346036e-05 -7.072033e-04 1.590692e-04 -3.081954e-04 -3.558869e-04 4.293759e-04 2.809341e-04 -2.393578e-03 5.749958e-03 -2.233107e-03 3.607766e-04 -7.529007e-04 1.08851e-03 -7.278351e-04 1.331682e-03 -1.203403e-04 -1.101045e-04 -2.091112e-04 -4.974567e-04 1.017782e-03 6.479955e-05 -2.233107e-03 9.620277e-03 -4.356563e-03 1.393166e-03 -9.09462e-04 4.59041e-04 -2.203633e-04 1.932142e-04 -3.886746e-04 1.021752e-04 -2.431117e-04 -7.860253e-04 5.35193e-04 3.607766e-04 -4.356563e-03 1.223789e-02 -4.425364e-03 2.831713e-03 -9.608607e-04 -1.27785e-03 -2.784704e-04 5.532888e-04 -4.506422e-04 -4.134578e-04 -2.148588e-04 -1.209153e-04 -7.529007e-04 1.393166e-03 -4.425364e-03 1.144977e-02 -5.690332e-03 3.163127e-03 -1.082794e-03 1.256646e-04 -6.104474e-04 -8.693865e-05 -1.309743e-04 9.415659e-04 -1.273812e-03 1.08851e-03 -9.09462e-04 2.831713e-03 -5.690332e-03 1.234238e-02 -5.913317e-03 2.932311e-03 -1.614623e-04 -7.970871e-05 -4.079359e-04 5.911057e-04 -5.724864e-04 5.346036e-05 -7.278351e-04 4.59041e-04 -9.608607e-04 3.163127e-03 -5.913317e-03 1.478e-02 -5.644487e-03 3.751703e-05 -2.098158e-04 -4.585864e-04 3.052879e-04 -2.070338e-04 -7.072033e-04 1.331682e-03 -2.203633e-04 -1.27785e-03 -1.082794e-03 2.932311e-03 -5.644487e-03 1.297366e-02 ) ],
        [ a essentia:Covariance ;
            afo:dimensions ( 13 13 ) ;
            afo:values ( 1.079828e+04 -3.577649e+02 -3.23968e+02 4.181618e+02 -5.760012e+02 5.954182e+01 -2.600321e+02 6.446011e+01 -1.196991e+02 2.478293e+02 1.146788e+02 2.11906e+01 -4.426992e+01 -3.577649e+02 2.213143e+03 -3.58183e+02 2.56511e+01 2.211917e+02 3.171226e+01 1.055446e+02 6.580954e+01 7.849754e+01 -7.967492e+01 6.291454e+01 6.99488e+01 3.639943e+01 -3.23968e+02 -3.58183e+02 7.884834e+02 6.650976e+01 2.473464e+01 3.312782e+01 5.38767e+01 2.268178e+01 1.653575e+01 5.51031e+01 1.59702e+01 2.417413e+01 3.164119e+01 4.181618e+02 2.56511e+01 6.650976e+01 3.76111e+02 6.878511e+01 8.122103e+01 7.107487e+00 2.564748e+01 2.150801e+01 4.390869e+01 1.784897e+01 -9.058451e+00 -4.254874e+00 -5.760012e+02 2.211917e+02 2.473464e+01 6.878511e+01 3.69302e+02 7.432104e+01 2.601325e+01 -1.878333e+01 3.576138e+01 -5.41125e+00 -1.567695e+01 1.540235e+01 2.476919e+01 5.954182e+01 3.171226e+01 3.312782e+01 8.122103e+01 7.432104e+01 2.311115e+02 9.377595e+01 1.878737e+01 3.855227e+00 2.453407e+01 2.877137e+01 1.328397e+01 5.781911e+00 -2.600321e+02 1.055446e+02 5.38767e+01 7.107487e+00 2.601325e+01 9.377595e+01 2.543911e+02 6.346959e+01 2.166441e+01 8.352081e+00 2.933023e+00 7.11275e+00 -1.004841e+01 6.446011e+01 6.580954e+01 2.268178e+01 2.564748e+01 -1.878333e+01 1.878737e+01 6.346959e+01 1.468184e+02 5.246749e+01 8.059256e+00 3.871744e+00 3.253525e+00 4.160307e+00 -1.196991e+02 7.849754e+01 1.653575e+01 2.150801e+01 3.576138e+01 3.855227e+00 2.166441e+01 5.246749e+01 1.236657e+02 3.382429e+01 -1.070905e+01 3.750208e+00 2.019792e+01 2.478293e+02 -7.967492e+01 5.51031e+01 4.390869e+01 -5.41125e+00 2.453407e+01 8.352081e+00 8.059256e+00 3.382429e+01 1.410058e+02 5.185678e+01 -5.095803e+00 6.022269e-01 1.146788e+02 6.291454e+01 1.59702e+01 1.784897e+01 -1.567695e+01 2.877137e+01 2.933023e+00 3.871744e+00 -1.070905e+01 5.185678e+01 1.347415e+02 3.969132e+01 -7.999244e+00 2.11906e+01 6.99488e+01 2.417413e+01 -9.058451e+00 1.540235e+01 1.328397e+01 7.11275e+00 3.253525e+00 3.750208e+00 -5.095803e+00 3.969132e+01 1.016868e+02 3.764687e+01 -4.426992e+01 3.639943e+01 3.164119e+01 -4.254874e+00 2.476919e+01 5.781911e+00 -1.004841e+01 4.160307e+00 2.019792e+01 6.022269e-01 -7.999244e+00 3.764687e+01 1.010538e+02 ) ] .

_:24b55296-382f-4bb7-95d5-de0b7d8c06db a essentia:HFC ;
    event:time _:3ea14d5c-6d94-4656-84f5-26ec20bbf61c ;
    afo:computed_by _:LowLevelExtractor ;
    afo:feature _:0f40108e-bac3-4778-865c-5f5a17781503,
        _:1b3e2b2a-fd8f-404a-8812-8bc7415b1ba0,
        [ a essentia:SecondDerivativeVariance ;
            afo:value 1.38109e+02 ],
        [ a essentia:SecondDerivativeMean ;
            afo:value 7.6343e+00 ],
        [ a essentia:DerivativeVariance ;
            afo:value 7.211405e+01 ],
        [ a essentia:Minimum ;
            afo:value 1.023073e-16 ],
        [ a essentia:Median ;
            afo:value 9.982068e+00 ],
        [ a essentia:Mean ;
            afo:value 1.454362e+01 ],
        [ a essentia:DerivativeMean ;
            afo:value 5.621065e+00 ] .

_:2520722a-8f0d-4c5f-aa9f-b23e497baab9 a essentia:ChordsNumberRate ;
    event:time _:3ea14d5c-6d94-4656-84f5-26ec20bbf61c ;
    afo:value 2.052335e-03 .

_:2520fdd1-f469-4ffe-9a24-cc0310174270 rdf:first 2.009864e-01 ;
    rdf:rest ( 2.098482e-01 1.666111e-01 1.322226e-01 1.181252e-01 1.196601e-01 1.365445e-01 1.472178e-01 1.346892e-01 1.357912e-01 1.303564e-01 1.217175e-01 1.314755e-01 1.316765e-01 1.331433e-01 1.353887e-01 1.386661e-01 1.421943e-01 1.172167e-01 1.089039e-01 1.151095e-01 1.28032e-01 1.226021e-01 1.091684e-01 9.737694e-02 7.524907e-02 6.653621e-02 8.8528e-02 1.022179e-01 9.9782e-02 9.431787e-02 9.862769e-02 1.091078e-01 1.277103e-01 1.489245e-01 1.829205e-01 ) .

_:25e2a640-766a-4f94-bac3-bd615ee303c6 a essentia:Maximum ;
    afo:value 2.121813e-01 .

_:2688877d-5526-4e4f-af31-3cbbb04f9a43 a essentia:DerivativeVariance ;
    afo:value 8.349248e+04 .

_:26922eb0-8312-4722-b8a0-0c015a6586b8 a essentia:Mean ;
    afo:value 4.541124e-02 .

_:26c12a38-cc81-4cc2-bbf4-a3f52e5f0264 a essentia:DerivativeVariance ;
    afo:value 0 .

_:26d31e88-ef09-4765-8944-04680e38f7cf a essentia:Mean ;
    afo:values ( 4.397958e-01 1.221795e-01 2.148393e-01 9.937074e-02 1.090393e-01 3.757889e-02 ) .

_:27f1b05a-fc72-4919-ab0d-e9dab27f88b9 a essentia:EqualTemperedDeviation ;
    event:time _:3ea14d5c-6d94-4656-84f5-26ec20bbf61c ;
    afo:value 2.201396e-01 .

_:27f3e513-5fe8-4320-8ba0-466da7da57eb a essentia:DerivativeVariance ;
    afo:values ( 7.187659e-07 1.111619e-04 2.072359e-05 1.450994e-05 5.740359e-06 4.283861e-06 1.844754e-05 1.142096e-05 2.722342e-06 1.4037e-06 1.110241e-06 1.073314e-06 6.400338e-07 8.186123e-07 3.542926e-07 6.03239e-07 1.162662e-07 8.177882e-08 9.800451e-08 3.207581e-08 1.228608e-08 1.618952e-08 2.826668e-09 7.561718e-10 6.221715e-10 1.061082e-10 1.436825e-12 ) .

_:282003b6-2ad1-4e5b-b68e-1d4324c420ac a essentia:Variance ;
    afo:value 2.910167e-03 .

_:2821797c-5055-4b25-9c57-d1ae81420514 a essentia:Minimum ;
    afo:value 0 .

_:283ea67c-7ad2-47d2-b55c-d4c48a83b332 a essentia:Skewness ;
    afo:feature _:0b49e0bf-8313-4044-a6b0-eaf1406e0c19,
        _:1998ccef-a3c2-4c15-b7cb-626f7cc318d5,
        _:1d8a88e7-bea5-4865-9a39-bbd720687222,
        [ a essentia:SecondDerivativeMean ;
            afo:value 6.927412e-01 ],
        [ a essentia:SecondDerivativeVariance ;
            afo:value 4.669201e-01 ],
        [ a essentia:DerivativeMean ;
            afo:value 4.655785e-01 ],
        [ a essentia:DerivativeVariance ;
            afo:value 2.159439e-01 ],
        [ a essentia:Maximum ;
            afo:value 8.184862e+00 ],
        [ a essentia:Mean ;
            afo:value 4.007957e-03 ] .

_:285f7b0c-9dc8-446c-9d7e-d5d309054bb9 a essentia:GFCC ;
    event:time _:3ea14d5c-6d94-4656-84f5-26ec20bbf61c ;
    afo:computed_by _:LowLevelExtractor ;
    afo:feature [ a essentia:Mean ;
            afo:values ( -6.990868e+01 1.396325e+02 -1.318575e+02 3.147601e+01 -3.33442e+01 4.798111e+00 -2.801506e+01 1.659464e+00 -9.328658e+00 -3.007372e-01 -6.729935e+00 -3.183635e+00 -7.887571e+00 ) ],
        [ a essentia:InverseCovariance ;
