@prefix afo: <https://w3id.org/afo/onto/1.1#> .
@prefix dc: <http://purl.org/dc/elements/1.1/> .
@prefix essentia: <http://sovarr.c4dm.eecs.qmul.ac.uk/af/essentia/> .
@prefix event: <http://purl.org/NET/c4dm/event.owl#> .
@prefix foaf: <http://xmlns.com/foaf/0.1/> .
@prefix mo: <http://purl.org/ontology/mo/> .
@prefix rdf: <http://www.w3.org/1999/02/22-rdf-syntax-ns#> .
@prefix rdfs: <http://www.w3.org/2000/01/rdf-schema#> .
@prefix tl: <http://purl.org/NET/c4dm/timeline.owl#> .
@prefix xml: <http://www.w3.org/XML/1998/namespace> .
@prefix xsd: <http://www.w3.org/2001/XMLSchema#> .

<http://musicbrainz.org/artist/8e87c4ce-ab8c-4130-9349-b655316b2506> a mo:MusicArtist .

<http://musicbrainz.org/release/6b27f76b-7d5f-4db6-b5d4-c6bba767440f> a mo:Release ;
    dc:date "2004" ;
    dc:title "Det är i uppförsbackarna som det behövs mera kol" ;
    mo:catalogue_number "OSD002" ;
    mo:publisher [ a mo:Label ;
            foaf:name "Oslipade diamanter records" ] ;
    mo:publishing_location "SE" ;
    mo:release_status mo:official ;
    mo:release_type mo:compilation ;
    mo:track <http://musicbrainz.org/recording/34e8203b-4b7a-4ce8-82e5-782c63789913> ;
    foaf:maker <http://musicbrainz.org/artist/89ad4ac3-39f7-470e-963a-56509c546377> .

<14+Total+Apati+-+Fangslad.mp3> a mo:AudioFile ;
    mo:encodes [ a essentia:Signal ;
            mo:sample_rate "44100"^^xsd:interger ;
            mo:time _:b75d5bf6-1588-48d8-b776-2e4dc8b53f53 ;
            essentia:bit_rate "128000"^^xsd:float ;
            essentia:codec "mp3"^^xsd:string ;
            essentia:downmix "mix"^^xsd:string ;
            essentia:equal_loudness "0"^^xsd:float ;
            essentia:lossless false ;
            essentia:md5_encoded "8ca4eee897a15486f744e09e2c0798b9"^^xsd:string ;
            essentia:replay_gain "-10.2297592163"^^xsd:float ] .

<http://musicbrainz.org/artist/89ad4ac3-39f7-470e-963a-56509c546377> a mo:MusicArtist ;
    foaf:name "Total Apati",
        "Various Artists" .

<http://musicbrainz.org/recording/34e8203b-4b7a-4ce8-82e5-782c63789913> a mo:Track ;
    dc:title "Fängslad" ;
    mo:available_as <14+Total+Apati+-+Fangslad.mp3> ;
    mo:genre [ a mo:Genre ;
            rdfs:label "Okänd" ] ;
    mo:track_number "14/27" .

[] a essentia:VersionInfo .

_:006812fc-1004-4b35-bd65-347ea8e68cd8 a essentia:DerivativeVariance ;
    afo:value 0 .

_:00b18947-7d52-4424-afde-f6d50fcbd2da a essentia:DerivativeMean ;
    afo:value 3.447414e+05 .

_:02112230-a439-4c94-b857-1954760f5ea5 a essentia:FlatnessDB ;
    afo:feature [ a essentia:Minimum ;
            afo:value 5.624228e-02 ],
        [ a essentia:Mean ;
            afo:value 1.392352e-01 ],
        [ a essentia:Variance ;
            afo:value 9.803984e-04 ],
        [ a essentia:SecondDerivativeVariance ;
            afo:value 2.846639e-04 ],
        [ a essentia:Median ;
            afo:value 1.341229e-01 ],
        [ a essentia:SecondDerivativeMean ;
            afo:value 1.821593e-02 ],
        [ a essentia:DerivativeVariance ;
            afo:value 1.395652e-04 ],
        [ a essentia:Maximum ;
            afo:value 3.357152e-01 ],
        [ a essentia:DerivativeMean ;
            afo:value 1.210336e-02 ] .

_:02883704-69c1-42fe-ae7d-16fdc8eb6967 a essentia:Minimum ;
    afo:value 2e-01 .

_:02b27ee6-4a86-4047-8e5f-3ac1d3e55230 a essentia:Median ;
    afo:value 2e-01 .

_:02e9943f-c809-4b98-a270-5c4dded11e36 a essentia:Variance ;
    afo:value 0 .

_:02f2d6d5-4c69-430a-99fe-1ee65ef2e3e2 rdf:first 1.485899e-04 ;
    rdf:rest ( 3.753534e-03 3.845346e-03 2.902242e-03 2.186962e-02 3.270577e-03 ) .

_:0465e40b-4f2e-4e65-ac0a-e3d01d273126 a essentia:Minimum ;
    afo:value -2.653386e+00 .

_:04683159-5e80-426b-9c09-35c82343d37b a essentia:Minimum ;
    afo:values ( 6.81984e-24 4.798079e-24 2.11604e-23 1.209389e-23 9.303243e-24 1.604701e-23 5.78643e-24 1.205076e-23 1.517838e-23 7.521012e-24 5.195117e-24 4.696427e-24 5.454447e-24 9.393781e-24 1.410654e-23 1.123946e-23 9.58983e-24 1.230334e-23 5.5701e-24 4.159986e-24 1.087845e-23 1.458794e-23 9.718471e-24 1.436567e-23 1.35784e-23 6.739e-24 4.770025e-24 6.858836e-24 1.08934e-23 1.813188e-23 1.253457e-23 1.147166e-23 1.779976e-23 7.369284e-24 7.164804e-24 1.018432e-23 7.752764e-24 1.010955e-23 9.320374e-24 1.103248e-23 ) .

_:04815bda-16db-480b-92d7-5ce25e1cdd72 a essentia:Minimum ;
    afo:value 4.155709e-06 .

_:04d3a545-1365-4b2b-a9b5-a104a9e85141 rdf:first 1 ;
    rdf:rest ( 7.724195e-01 4.683701e-01 2.779744e-01 2.347309e-01 2.999854e-01 3.688217e-01 4.140658e-01 4.716271e-01 5.210896e-01 5.00881e-01 4.708306e-01 4.468579e-01 4.100406e-01 4.417024e-01 4.760695e-01 3.793097e-01 2.64117e-01 2.280791e-01 2.286356e-01 3.183516e-01 4.798163e-01 4.99422e-01 4.24291e-01 3.625668e-01 2.653207e-01 2.167463e-01 2.422936e-01 3.425608e-01 6.218892e-01 7.310811e-01 4.642349e-01 2.559149e-01 2.299937e-01 3.192247e-01 7.231812e-01 ) .

_:05308d2d-7e86-43da-abc5-2b1c3f529045 a essentia:SecondDerivativeMean ;
    afo:value 1.549743e-03 .

_:05c45ef7-3cf3-4baf-921d-78324f053202 a essentia:SecondDerivativeMean ;
    afo:value 0 .

_:05dcc364-4a79-446d-bf96-8076ebfb1a30 a essentia:Maximum ;
    afo:value 2.738107e-01 .

_:06c652f5-dbdb-4a45-b07a-55c9f03ff774 a essentia:Variance ;
    afo:value 2.482296e-05 .

_:06ce13e4-d12a-4ac6-8a37-7ebb65542da8 a essentia:Median ;
    afo:value 8.827526e+00 .

_:06ec5229-0d61-41d9-b167-84bee12c412f a essentia:Median ;
    afo:values ( 1.627794e-03 3.082084e-03 8.850307e-04 2.991805e-04 9.612502e-05 5.05907e-05 4.061806e-05 4.939327e-05 4.312881e-05 4.231838e-05 3.793183e-05 2.605814e-05 3.800979e-05 3.518681e-05 3.521688e-05 3.056838e-05 3.736826e-05 3.791224e-05 5.192021e-05 5.974423e-05 7.325252e-05 6.732599e-05 6.71349e-05 4.839384e-05 3.387513e-05 2.735832e-05 2.138684e-05 1.632027e-05 1.210234e-05 1.206598e-05 1.575639e-05 8.481528e-06 4.982439e-06 4.506644e-06 2.880459e-06 1.752688e-06 1.117264e-06 8.971784e-07 7.573278e-07 4.775905e-07 ) .

_:06fb720c-161f-4660-ba95-bfd9af50703c a essentia:SecondDerivativeVariance ;
    afo:value 2.41854e-06 .

_:07199035-a852-45dd-b237-a14f6c6505f6 a essentia:SecondDerivativeMean ;
    afo:value 1.427777e-01 .

_:071a981f-1094-4beb-beea-bbe194ad2e0a a essentia:SecondDerivativeVariance ;
    afo:value 8.923713e-01 .

_:076eafd8-2ffa-4750-b754-c2e24eb320b1 a essentia:DerivativeMean ;
    afo:value 1.202924e-02 .

_:07890b4b-fecc-41b4-8232-a8e0bc528d38 a essentia:Median ;
    afo:value 5.549268e-03 .

_:07a29632-613f-45da-be8f-8fbd21ed901c a essentia:DerivativeMean ;
    afo:value 2.287118e+02 .

_:07e04a09-97be-4642-898b-7a421c277dca a essentia:Variance ;
    afo:value 0 .

_:089abc87-926f-4389-a0ea-3cae842a9f87 a essentia:SecondDerivativeVariance ;
    afo:value 8.382928e-02 .

_:08e60343-37ba-479e-9ebf-ed740ea6f79f a essentia:DerivativeMean ;
    afo:values ( 3.481409e-01 2.531161e+00 3.346842e+00 4.301723e+00 8.672e+00 4.758389e+00 2.59086e+00 1.817311e+00 3.153606e+00 5.095285e+00 8.465471e+00 6.416268e+00 6.622024e+00 6.587618e+00 9.641353e+00 1.449459e+01 1.390298e+01 2.180247e+01 1.933477e+01 2.250439e+01 2.785813e+01 2.886926e+01 3.063035e+01 1.813898e+01 1.673677e+01 1.606676e+01 1.038655e+01 1.193963e+01 8.103495e+00 4.964347e+00 3.233227e+00 1.45645e+00 6.90337e-01 5.311536e-01 3.029654e-01 1.363802e-01 5.753745e-02 1.242347e-02 3.293816e-04 2.04769e-05 ) .

_:0943cee7-a78e-492f-8ccd-ce14e7ba3e93 a essentia:Minimum ;
    afo:value 1.638298e-01 .

_:09881862-8d00-480c-b9d0-a70d219f4b3c a essentia:Maximum ;
    afo:value 1.703131e+02 .

_:099426d2-2ac2-4591-bd25-300a70d90826 a essentia:ERBBands ;
    event:time _:b75d5bf6-1588-48d8-b776-2e4dc8b53f53 ;
    afo:computed_by _:LowLevelExtractor ;
    afo:feature _:02112230-a439-4c94-b857-1954760f5ea5 .

_:0a7691a5-0553-4edc-8431-ae5755cda838 a essentia:SecondDerivativeMean ;
    afo:value 0 .

_:0b9fa686-c960-4332-9d11-599362b8a336 a essentia:BeatsCount ;
    event:time _:b75d5bf6-1588-48d8-b776-2e4dc8b53f53 ;
    afo:value 276 .

_:0bce1e2b-2c5c-4211-bd62-e69c297676b0 a essentia:SecondDerivativeMean ;
    afo:value 1.164035e-01 .

_:0bf036a0-e214-4f85-8997-55735f2aeaa0 a essentia:Mean ;
    afo:value 1.09879e+01 .

_:0c3bd65f-2b16-481b-8044-56504e9c9e02 a essentia:Maximum ;
    afo:value 1.112809e-02 .

_:0cc88eeb-ff10-4446-ab97-104a945f347a a essentia:Minimum ;
    afo:value 8.613281e+01 .

_:0dd8dec7-ad30-483d-b295-938bb9b2f070 a essentia:Maximum ;
    afo:value 4.040718e-01 .

_:0ea4fd92-a308-4e1b-8b98-5b903c6f7d44 a essentia:Maximum ;
    afo:value 4.638053e+00 .

_:0ee0e91e-0e92-441a-864e-9a0a72f6ea3b a essentia:SecondDerivativeVariance ;
    afo:value 2.675367e-03 .

_:0f50d06e-c4ad-48eb-9ec8-748cd7e9a817 a essentia:SecondDerivativeVariance ;
    afo:value 2.617948e+02 .

_:0f5fdbb6-e06a-4aec-8b8b-38f18e5e1bff a essentia:DerivativeMean ;
    afo:value 1.895237e-03 .

_:0fdd1645-56a9-4aeb-b235-754a38e113bb rdf:first 1.263974e-01 ;
    rdf:rest ( 2.075143e+00 5.001795e+00 4.557439e+00 4.825572e+00 3.180026e+00 2.550661e+00 2.164587e+00 2.682183e+00 4.509696e+00 5.835683e+00 6.91053e+00 8.078147e+00 7.226921e+00 1.215528e+01 1.394087e+01 1.541471e+01 2.036837e+01 2.687683e+01 4.22872e+01 6.081437e+01 6.634035e+01 6.461912e+01 4.459106e+01 3.55841e+01 2.684723e+01 1.994396e+01 2.563207e+01 1.37942e+01 8.602732e+00 4.773224e+00 2.18981e+00 1.291118e+00 6.752614e-01 2.519464e-01 1.09775e-01 3.490034e-02 4.764108e-03 1.414672e-04 5.480892e-05 ) .

_:106949b9-1d45-403e-b682-66c630a0a136 a essentia:Minimum ;
    afo:value 0 .

_:10f96c44-fd50-44f4-b199-76612cda111d a essentia:Mean ;
    afo:value 9.978479e-01 .

_:10fd1146-5aa6-42c6-b785-e58c749f1918 a essentia:Maximum ;
    afo:value 2.085979e+01 .

_:1134a550-7394-4a71-94e2-312e911c0a3c a essentia:Variance ;
    afo:value 5.172186e+00 .

_:1136b8af-f338-47ce-946b-0ba2a43c876e rdf:first 1.936775e-01 ;
    rdf:rest ( 1.037296e-01 3.856922e-02 5.090577e-02 8.244309e-02 4.951367e-02 ) .

_:11ee6d1d-df61-4597-96c8-fab1c2f7147c rdf:first 8.610637e-02 ;
    rdf:rest ( 7.049114e-02 5.521287e-02 4.829923e-02 3.301939e-02 2.881788e-02 ) .

_:12432e90-b9b3-4237-b8d9-3026f31b4272 a essentia:Maximum ;
    afo:value 9.339309e+00 .

_:1253cb13-b81f-47f7-90e4-bf8225afab9e a essentia:DerivativeVariance ;
    afo:value 3.234171e-01 .

_:12904d67-7378-40bb-99df-1c042f670d77 a essentia:FirstPeakWeight ;
    event:time _:b75d5bf6-1588-48d8-b776-2e4dc8b53f53 ;
    afo:computed_by _:LowLevelExtractor ;
    afo:feature _:02883704-69c1-42fe-ae7d-16fdc8eb6967,
        _:02b27ee6-4a86-4047-8e5f-3ac1d3e55230,
        [ a essentia:SecondDerivativeMean ;
            afo:value 0 ],
        [ a essentia:Maximum ;
            afo:value 2e-01 ],
        [ a essentia:SecondDerivativeVariance ;
            afo:value 0 ],
        [ a essentia:Mean ;
            afo:value 2e-01 ],
        [ a essentia:DerivativeMean ;
            afo:value 0 ],
        [ a essentia:DerivativeVariance ;
            afo:value 0 ],
        [ a essentia:Variance ;
            afo:value 0 ] .

_:12b1f42c-91a8-45e3-8128-995cb12bcc34 a essentia:SecondDerivativeMean ;
    afo:value 1.816106e+00 .

_:12f1e56d-072a-4146-b5b2-c8a4f329be27 rdf:first 1.109896e-01 ;
    rdf:rest ( 8.405048e-02 6.7692e-02 5.409105e-02 5.624591e-02 9.702843e-02 ) .

_:13841e7e-ba49-464f-888d-5d9411bc1c81 a essentia:ChordsHistogram ;
    event:time _:b75d5bf6-1588-48d8-b776-2e4dc8b53f53 ;
    afo:value ( 1.054141e+01 1.649337e+00 1.67085e+01 1.000359e+01 5.01972e-01 1.115095e+01 2.187164e+00 6.20294e+00 2.258874e+00 2.983148e+01 6.812478e-01 1.18322e+00 0 1.792757e-01 0 0 0 9.322338e-01 2.868412e-01 1.075654e-01 1.721047e+00 0 3.334528e+00 5.378272e-01 ) .

_:13ed8c8f-e5a1-4658-84c9-16125c199f04 a essentia:Variance ;
    afo:value 2.493049e+00 .

_:13f72492-3487-41b6-afcf-ad4963495410 a essentia:BarkBands ;
    event:time _:b75d5bf6-1588-48d8-b776-2e4dc8b53f53 ;
    afo:computed_by _:LowLevelExtractor ;
    afo:feature [ a essentia:FlatnessDB ;
            afo:feature [ a essentia:Median ;
                    afo:value 9.259066e-02 ],
                [ a essentia:DerivativeMean ;
                    afo:value 2.307634e-02 ],
                [ a essentia:SecondDerivativeMean ;
                    afo:value 3.509915e-02 ],
                [ a essentia:SecondDerivativeVariance ;
                    afo:value 1.262339e-03 ],
                [ a essentia:Mean ;
                    afo:value 1.050059e-01 ],
                [ a essentia:DerivativeVariance ;
                    afo:value 5.601637e-04 ],
                [ a essentia:Minimum ;
                    afo:value 1.482894e-02 ],
                [ a essentia:Variance ;
                    afo:value 2.193999e-03 ],
                [ a essentia:Maximum ;
                    afo:value 3.041027e-01 ] ] .

_:1404be99-4d59-4734-996a-df8fb472da73 rdf:first -5.202808e+00 ;
    rdf:rest ( -5.541725e+00 -5.881813e+00 -5.663426e+00 -5.499975e+00 -7.677297e+00 ) .

_:1410aff5-1a1b-4a64-abab-5ca2329d6a2d a essentia:THPCP ;
    event:time _:b75d5bf6-1588-48d8-b776-2e4dc8b53f53 ;
    afo:value _:04d3a545-1365-4b2b-a9b5-a104a9e85141 .

_:14285410-5eab-4b36-a87c-db1f7421d719 rdf:first 8.867494e-08 ;
    rdf:rest ( 2.839769e-04 1.734052e-05 6.11231e-06 1.342141e-05 1.772856e-07 2.485007e-07 5.606537e-07 2.890694e-07 1.324997e-07 1.642307e-07 4.486908e-07 4.469612e-07 6.592557e-07 4.726764e-07 3.862469e-07 4.425116e-07 3.691644e-07 1.176479e-07 1.334596e-07 9.639787e-08 6.237016e-08 3.057452e-08 6.423723e-09 2.324309e-08 5.284942e-09 1.111387e-10 ) .

_:14b19419-47f8-4411-9f45-a000245a553b a essentia:Mean ;
    afo:value 3.962572e-02 .

_:14f342f9-da1c-4e28-a6eb-41d9bcf1597d rdf:first 6.14935e-01 ;
    rdf:rest ( 5.296078e-01 4.439273e-01 3.684644e-01 3.26288e-01 4.021796e-01 ) .

_:15e53fb7-bc1e-495f-9012-2fea00404cce a essentia:Median ;
    afo:value 9.905323e-02 .

_:17ae5e32-c1b0-431b-a444-6a6790aa893e a essentia:Variance ;
    afo:value 2.588725e+02 .

_:19495b50-8b1b-49e5-9f3b-9fbf0cfe0986 a essentia:DerivativeMean ;
    afo:values ( 1.479371e-01 1.620776e-01 1.775309e-01 1.736532e-01 1.72658e-01 1.864361e-01 1.808526e-01 1.695685e-01 1.559618e-01 1.374547e-01 1.110834e-01 8.61249e-02 7.873231e-02 7.898462e-02 9.805072e-02 1.227297e-01 1.271278e-01 1.160001e-01 9.092464e-02 7.81186e-02 7.554495e-02 7.877173e-02 1.062426e-01 1.710757e-01 1.629813e-01 1.305858e-01 8.607866e-02 7.404908e-02 1.112237e-01 1.864915e-01 1.915846e-01 2.126448e-01 1.786912e-01 1.068276e-01 9.280135e-02 1.213251e-01 ) .

_:1a4431f2-48e2-4fed-ba70-2410d46673ab a essentia:Crest ;
    afo:feature _:1134a550-7394-4a71-94e2-312e911c0a3c,
        [ a essentia:DerivativeVariance ;
            afo:value 2.215716e+00 ],
        [ a essentia:Maximum ;
            afo:value 2.189901e+01 ],
        [ a essentia:SecondDerivativeVariance ;
            afo:value 5.582175e+00 ],
        [ a essentia:Median ;
            afo:value 5.951967e+00 ],
        [ a essentia:SecondDerivativeMean ;
            afo:value 2.598384e+00 ],
        [ a essentia:Minimum ;
            afo:value 2.834076e+00 ],
        [ a essentia:DerivativeMean ;
            afo:value 1.564896e+00 ],
        [ a essentia:Mean ;
            afo:value 6.487494e+00 ] .

_:1abcb32f-72ec-4565-9e3b-7aefe698d08e a essentia:SecondDerivativeMean ;
    afo:value 4.605344e-02 .

_:1abe386a-5145-4051-9701-763fe55d8e37 a essentia:Median ;
    afo:value 7.519531e-02 .

_:1ac29cbb-bbe5-4612-95cd-84897d980bab rdf:first 1.842309e-01 ;
    rdf:rest ( 1.943799e-01 2.191028e-01 2.025644e-01 1.993342e-01 2.398456e-01 2.289509e-01 2.149464e-01 1.73015e-01 1.349422e-01 1.013109e-01 7.414793e-02 7.003114e-02 6.445887e-02 7.653676e-02 9.442369e-02 9.156784e-02 8.676267e-02 7.672387e-02 6.717207e-02 6.665538e-02 6.470887e-02 7.869855e-02 1.462878e-01 1.367399e-01 1.156122e-01 7.292451e-02 5.857382e-02 8.830501e-02 1.670249e-01 1.629439e-01 1.664249e-01 1.712752e-01 8.890048e-02 9.815831e-02 1.416469e-01 ) .

_:1ad164bc-acd5-459c-9328-deaa242eae66 a essentia:DerivativeVariance ;
    afo:value 8.086938e-07 .

_:1b7836e9-0267-4b34-8348-98267410fd05 a essentia:SpectralComplexity ;
    event:time _:b75d5bf6-1588-48d8-b776-2e4dc8b53f53 ;
    afo:computed_by _:LowLevelExtractor ;
    afo:feature [ a essentia:SecondDerivativeVariance ;
            afo:value 3.633096e+01 ],
        [ a essentia:SecondDerivativeMean ;
            afo:value 7.424112e+00 ],
        [ a essentia:Mean ;
            afo:value 3.841195e+01 ],
        [ a essentia:Median ;
            afo:value 40 ],
        [ a essentia:DerivativeVariance ;
            afo:value 1.421304e+01 ],
        [ a essentia:Minimum ;
            afo:value 0 ],
        [ a essentia:Variance ;
            afo:value 1.120444e+02 ],
        [ a essentia:Maximum ;
            afo:value 58 ],
        [ a essentia:DerivativeMean ;
            afo:value 4.530224e+00 ] .

_:1dccdd6b-d803-40f5-8f3c-ee233a151409 a essentia:EnergyBand ;
    event:time _:b75d5bf6-1588-48d8-b776-2e4dc8b53f53 ;
    afo:computed_by _:LowLevelExtractor ;
    afo:feature _:06c652f5-dbdb-4a45-b07a-55c9f03ff774,
        _:0f5fdbb6-e06a-4aec-8b8b-38f18e5e1bff,
        [ a essentia:Minimum ;
            afo:value 1.388292e-21 ],
        [ a essentia:Mean ;
            afo:value 8.963635e-03 ],
        [ a essentia:SecondDerivativeVariance ;
            afo:value 8.149039e-06 ],
        [ a essentia:DerivativeVariance ;
            afo:value 3.663e-06 ],
        [ a essentia:SecondDerivativeMean ;
            afo:value 2.967013e-03 ],
        [ a essentia:Maximum ;
            afo:value 3.383018e-02 ],
        [ a essentia:Median ;
            afo:value 7.719649e-03 ] .

_:1e1d07f0-25e0-4e1b-aef6-b5a8f22dd18b a essentia:ERBBands ;
    event:time _:b75d5bf6-1588-48d8-b776-2e4dc8b53f53 ;
    afo:computed_by _:LowLevelExtractor ;
    afo:feature [ a essentia:Spread ;
            afo:feature [ a essentia:Minimum ;
                    afo:value 3.619351e+00 ],
                [ a essentia:SecondDerivativeMean ;
                    afo:value 1.104384e+01 ],
                [ a essentia:SecondDerivativeVariance ;
                    afo:value 1.156351e+02 ],
                [ a essentia:Maximum ;
                    afo:value 9.068602e+01 ],
                [ a essentia:DerivativeMean ;
                    afo:value 6.863106e+00 ],
                [ a essentia:Variance ;
                    afo:value 1.21433e+02 ],
                [ a essentia:DerivativeVariance ;
                    afo:value 4.420058e+01 ],
                [ a essentia:Mean ;
                    afo:value 3.584882e+01 ],
                [ a essentia:Median ;
                    afo:value 3.463194e+01 ] ] .

_:1e2cb06c-90a1-4366-8b26-03c4443e9179 a essentia:SecondDerivativeVariance ;
    afo:value 2.009802e+00 .

_:1e381cd6-bc64-4b52-b678-9670a7f23506 a essentia:Mean ;
    afo:value 1.892849e-03 .

_:1e5d1e23-26d3-4cdb-9d83-ee8f92c2c259 rdf:first 2.357392e-05 ;
    rdf:rest ( 7.125162e-06 1.325714e-06 9.056365e-07 1.71082e-08 4.84341e-09 9.520203e-09 1.385493e-08 1.793056e-08 5.498045e-09 3.442356e-09 2.556376e-09 2.607896e-09 4.218899e-09 5.585763e-09 3.907347e-09 6.57687e-09 3.634709e-09 3.233253e-09 2.319144e-09 1.591491e-09 1.425057e-09 1.864945e-09 7.017565e-10 2.429828e-10 2.310601e-10 1.684622e-10 1.856669e-10 7.723302e-11 5.343132e-11 7.610199e-11 4.110917e-11 1.729348e-11 1.585489e-11 1.02863e-11 3.818191e-12 1.537943e-12 7.426378e-13 1.498375e-12 3.585081e-12 ) .

_:1e7bd529-65db-4268-8550-a790b5d0ae3d a essentia:Skewness ;
    afo:feature _:0465e40b-4f2e-4e65-ac0a-e3d01d273126,
        _:089abc87-926f-4389-a0ea-3cae842a9f87,
        [ a essentia:Variance ;
            afo:value 2.210204e-01 ],
        [ a essentia:Median ;
            afo:value -9.161134e-01 ],
        [ a essentia:Maximum ;
            afo:value 1.797782e+00 ],
        [ a essentia:DerivativeVariance ;
            afo:value 3.505445e-02 ],
        [ a essentia:DerivativeMean ;
            afo:value 2.176734e-01 ],
        [ a essentia:Mean ;
            afo:value -8.498051e-01 ],
        [ a essentia:SecondDerivativeMean ;
            afo:value 3.464087e-01 ] .

_:1e85ed94-3368-4c4b-9986-4e3d24436b7a a essentia:Mean ;
    afo:value 4.892092e-01 .

_:1eb47e07-1465-4dee-ad21-0b251945277a a essentia:SecondDerivativeVariance ;
    afo:value 1.803012e-02 .

_:1ebeac6e-b3e5-4991-b0b1-ef37eed2dec2 a essentia:SecondDerivativeVariance ;
    afo:values ( 4.732457e-03 3.092479e-03 1.927498e-03 1.421133e-03 6.567296e-04 5.771695e-04 ) .

_:1ec7049e-636a-49f8-821b-49f77295facc a essentia:DerivativeMean ;
    afo:values ( 3.214989e-03 2.164454e-03 8.201719e-04 5.335535e-04 9.295303e-05 4.381879e-05 4.923442e-05 6.070149e-05 6.96319e-05 4.031614e-05 3.333472e-05 2.647022e-05 3.301039e-05 3.463526e-05 3.807817e-05 3.283484e-05 4.544624e-05 3.330624e-05 3.645933e-05 3.550329e-05 3.709988e-05 3.399392e-05 3.822172e-05 2.457955e-05 1.576995e-05 1.459259e-05 1.192882e-05 1.139408e-05 7.084984e-06 6.428325e-06 7.874459e-06 5.300933e-06 3.352255e-06 2.889096e-06 2.21297e-06 1.311409e-06 7.738232e-07 5.104809e-07 5.059414e-07 4.73003e-07 ) .

_:1f0e12d8-08eb-4e1c-93f5-a90603f1bfe1 a essentia:Maximum ;
    afo:value 7.027894e+01 .

_:1f162963-3f20-4cf1-b541-8dcf60005906 a essentia:Minimum ;
    afo:value 1.818182e-01 .

_:209fb20b-9391-4e9f-bd14-8354fdd57d99 a essentia:DerivativeMean ;
    afo:value 1.291645e-02 .

_:22e5c4a2-5cfa-4b7e-9953-8bff2fb73d13 rdf:first 1.169495e-01 ;
    rdf:rest ( 1.312959e-01 1.49548e-01 1.65232e-01 1.588241e-01 1.492954e-01 1.41694e-01 1.300196e-01 1.400592e-01 1.509566e-01 1.202751e-01 8.374873e-02 7.23215e-02 7.249795e-02 1.00946e-01 1.521447e-01 1.583615e-01 1.345382e-01 1.149661e-01 8.413041e-02 6.872799e-02 7.682877e-02 1.086224e-01 1.971945e-01 2.318182e-01 1.47204e-01 8.114792e-02 7.292858e-02 1.012228e-01 2.293132e-01 3.170895e-01 2.449261e-01 1.485153e-01 8.814278e-02 7.443073e-02 9.512223e-02 ) .

_:2331e7fa-76f9-4b9a-99bd-25e09e33a98a rdf:first -6.646358e+00 ;
    rdf:rest ( -6.807204e+00 -6.946488e+00 -6.767883e+00 -6.291367e+00 -9.476337e+00 ) .

_:23646d34-7666-4e1f-b784-0d2276e59174 a essentia:Median ;
    afo:value 1 .

_:241a786a-bc94-4c07-a32b-05d272f88552 a essentia:SecondDerivativeMean ;
    afo:value 5.101961e+00 .

_:2469283c-70ea-451e-a945-2fabfe484371 rdf:first 3.816521e-05 ;
    rdf:rest ( 1.114172e-05 1.359873e-06 8.751861e-07 3.035983e-08 1.166373e-08 3.111595e-08 4.672813e-08 8.237718e-08 1.319933e-08 7.939216e-09 8.060577e-09 7.773868e-09 1.358351e-08 1.842738e-08 8.857253e-09 1.78955e-08 1.005996e-08 7.654488e-09 4.823623e-09 4.094058e-09 3.663484e-09 4.690176e-09 1.722668e-09 4.264527e-10 3.475092e-10 2.94416e-10 2.342032e-10 1.020889e-10 8.733479e-11 1.152623e-10 5.323762e-11 3.140077e-11 3.15417e-11 1.972584e-11 8.722195e-12 3.508248e-12 1.951749e-12 2.968618e-12 5.485745e-12 ) .

_:24920c84-3e51-4664-94da-f64204c52cb8 a essentia:Mean ;
    afo:values ( -6.809842e+00 -6.955217e+00 -7.098372e+00 -6.913388e+00 -6.446119e+00 -9.775957e+00 ) .

_:259f1e82-15b4-4260-9555-dd58d025ba3e a essentia:DerivativeMean ;
    afo:value 6.979785e+02 .

_:266555c8-6fca-45a7-b4e9-a3d7e1bc6fde a essentia:Minimum ;
    afo:value 3.71673e-01 .

_:26787de9-c10d-4e11-a03b-24067d961c7e a essentia:Maximum ;
    afo:value 8.504999e-01 .

_:26cf0a3f-1ac0-4644-9cb5-eba0eaffff8c rdf:first 2.941881e-04 ;
    rdf:rest ( 1.692037e-02 4.735991e-03 2.074329e-03 2.412251e-03 4.733125e-04 4.690532e-04 7.670234e-04 5.632135e-04 3.963763e-04 4.381764e-04 6.74265e-04 6.002786e-04 8.858814e-04 9.353737e-04 1.145845e-03 1.432721e-03 1.348685e-03 8.166571e-04 6.711581e-04 6.432952e-04 4.366119e-04 2.489105e-04 1.147428e-04 7.771681e-05 4.433929e-05 4.927392e-06 ) .

_:26eb308e-30dd-4a1d-a025-66a28d793bfd a essentia:SecondDerivativeVariance ;
    afo:value 1.482717e+06 .

_:274a20e3-8d05-444b-9eb8-55b0655c888e a essentia:Variance ;
    afo:value 3.773148e-02 .

_:284739f8-322a-4512-bf12-aaff194e6454 a essentia:Variance ;
    afo:value 5.990615e-02 .

_:2847775d-8a88-4634-ab1c-397686a51857 a essentia:Variance ;
    afo:value 3.342478e-03 .

_:285c2237-1861-4629-930d-26bb4c23392e a essentia:DerivativeVariance ;
    afo:value 1.164879e-04 .

_:2862275b-9332-4056-bca0-37791d0a39e0 a essentia:Median ;
    afo:values ( 1.428496e-04 7.966249e-03 3.466913e-03 1.380134e-03 1.236108e-03 2.886157e-04 1.988997e-04 2.559429e-04 2.774697e-04 2.182737e-04 2.648141e-04 2.963222e-04 3.037115e-04 4.149158e-04 6.525128e-04 9.589965e-04 1.201115e-03 1.127226e-03 7.513847e-04 5.638453e-04 5.855723e-04 3.703783e-04 1.868386e-04 8.687089e-05 4.702565e-05 2.119374e-05 8.225667e-07 ) .

_:288be552-2ac4-43c1-8ad4-16b46be834a0 a essentia:Minimum ;
    afo:value 2.172597e-01 .

_:2894b283-2774-4574-837b-912cefccb136 a essentia:Minimum ;
    afo:value -1.708027e+00 .

_:28cef288-d343-4149-9b8c-ea1b76b56454 rdf:first 2.408372e-02 ;
    rdf:rest ( 1.072359e-02 2.413314e-03 3.508135e-03 6.584814e-03 2.563892e-03 ) .

_:291bd0fe-d9af-491a-b8a6-fb5807dab46d a essentia:SecondDerivativeVariance ;
    afo:values _:1ac29cbb-bbe5-4612-95cd-84897d980bab .

_:2997ecab-59d5-4fde-bd47-9c3535943f34 a essentia:Mean ;
    afo:value 3.356812e+00 .

_:2a156e7f-1bf0-419b-9ff9-b1cb8597ff7b a essentia:Variance ;
    afo:value 8.241434e-05 .

_:2a6be51e-d7bd-47c9-820a-02cd1d77991b a essentia:Maximum ;
    afo:value 99 .

_:2a9bb99f-8786-4304-8c96-638eb9abb02f a essentia:Mean ;
    afo:value 2.647059e-01 .

_:2abb5ba2-61c0-4787-9e09-24907a32f7cf a essentia:BarkBands ;
    event:time _:b75d5bf6-1588-48d8-b776-2e4dc8b53f53 ;
    afo:computed_by _:LowLevelExtractor ;
    afo:feature [ a essentia:Crest ;
            afo:feature _:06ce13e4-d12a-4ac6-8a37-7ebb65542da8,
                _:241a786a-bc94-4c07-a32b-05d272f88552,
                [ a essentia:SecondDerivativeVariance ;
                    afo:value 2.441411e+01 ],
                [ a essentia:DerivativeVariance ;
                    afo:value 1.175252e+01 ],
                [ a essentia:Minimum ;
                    afo:value 2.195578e+00 ],
                [ a essentia:Variance ;
                    afo:value 2.682232e+01 ],
                [ a essentia:Maximum ;
                    afo:value 2.561852e+01 ],
                [ a essentia:Mean ;
                    afo:value 1.037188e+01 ],
                [ a essentia:DerivativeMean ;
                    afo:value 3.295489e+00 ] ] .

_:2b5716fb-8025-4ed3-a0a1-caa233dae75a a essentia:DerivativeVariance ;
    afo:value 2.672448e-04 .

_:2c04341c-9710-4967-a157-68471fbbe4d6 a essentia:Minimum ;
    afo:value 2.075924e+00 .

_:2c7818d4-fc4e-4b59-bc45-c7dac3ed1faa a essentia:Minimum ;
    afo:values ( -2.450421e+01 -2.584616e+01 -2.673456e+01 -2.696997e+01 -2.731758e+01 -2.713809e+01 ) .

_:2c83e34e-123a-4592-ac66-3308e359996b a essentia:EnergyBand ;
    event:time _:b75d5bf6-1588-48d8-b776-2e4dc8b53f53 ;
    afo:computed_by _:LowLevelExtractor ;
    afo:feature _:0c3bd65f-2b16-481b-8044-56504e9c9e02,
        _:1ad164bc-acd5-459c-9328-deaa242eae66,
        _:1e381cd6-bc64-4b52-b678-9670a7f23506,
        [ a essentia:SecondDerivativeVariance ;
            afo:value 2.01592e-06 ],
        [ a essentia:Variance ;
            afo:value 1.576024e-06 ],
        [ a essentia:Minimum ;
            afo:value 7.93069e-21 ],
        [ a essentia:Median ;
            afo:value 1.657285e-03 ],
        [ a essentia:SecondDerivativeMean ;
            afo:value 1.229464e-03 ],
        [ a essentia:DerivativeMean ;
            afo:value 7.303221e-04 ] .

_:2c863b4d-ccd2-4327-9264-bc30a1fdbc5b a essentia:FirstPeakBPM ;
    event:time _:b75d5bf6-1588-48d8-b776-2e4dc8b53f53 ;
    afo:computed_by _:LowLevelExtractor ;
    afo:feature _:006812fc-1004-4b35-bd65-347ea8e68cd8,
        [ a essentia:Maximum ;
            afo:value 133 ],
        [ a essentia:Mean ;
            afo:value 133 ],
        [ a essentia:Minimum ;
            afo:value 133 ],
        [ a essentia:SecondDerivativeVariance ;
            afo:value 0 ],
        [ a essentia:DerivativeMean ;
            afo:value 0 ],
        [ a essentia:SecondDerivativeMean ;
            afo:value 0 ],
        [ a essentia:Variance ;
            afo:value 0 ],
        [ a essentia:Median ;
            afo:value 133 ] .

_:2ce52b69-5fa9-4894-a0e8-0f34d92220d5 a essentia:SilenceRate ;
    event:time _:b75d5bf6-1588-48d8-b776-2e4dc8b53f53 ;
    afo:computed_by _:LowLevelExtractor ;
    afo:feature _:05c45ef7-3cf3-4baf-921d-78324f053202,
        _:23646d34-7666-4e1f-b784-0d2276e59174,
        [ a essentia:Mean ;
            afo:value 1 ],
        [ a essentia:Minimum ;
            afo:value 1 ],
        [ a essentia:DerivativeVariance ;
            afo:value 0 ],
        [ a essentia:DerivativeMean ;
            afo:value 0 ],
        [ a essentia:Variance ;
            afo:value 0 ],
        [ a essentia:Maximum ;
            afo:value 1 ],
        [ a essentia:SecondDerivativeVariance ;
            afo:value 0 ] .

_:2f217a80-a7ef-4ef8-a543-155878ffb4a9 a essentia:SecondDerivativeMean ;
    afo:value 0 .

_:2fa671b4-946c-4366-9508-81702f1d7213 a essentia:Maximum ;
    afo:value 5.000001e-01 .

_:300dd63a-1111-4c8e-a3f1-8f76855bc5fa a essentia:Mean ;
    afo:value 2.675325e+00 .

_:3033aa2c-1398-4267-a664-d357361fca0f a essentia:Variance ;
    afo:value 3.923376e-17 .

_:31875194-aee2-44be-976a-d9e6363fc0b6 a essentia:Variance ;
    afo:value 1.999864e+00 .

_:31ca8573-0423-4792-8f66-630b05c009ef a essentia:Minimum ;
    afo:value 5.371094e-03 .

_:33c8f728-5cb3-48a7-baf7-009fa189946a a essentia:DerivativeVariance ;
    afo:value 7.045195e+05 .

_:341e0d2f-d64d-481b-8dc0-b6a3f97ac25e a essentia:GFCC ;
    event:time _:b75d5bf6-1588-48d8-b776-2e4dc8b53f53 ;
    afo:computed_by _:LowLevelExtractor ;
    afo:feature [ a essentia:Covariance ;
            afo:dimensions ( 13 13 ) ;
            afo:values ( 8.024133e+03 -1.512297e+03 4.001423e+02 -4.507503e+01 -3.960398e+02 8.185533e+02 -8.820638e+01 4.109556e+02 -1.75089e+02 2.51951e+02 -2.139752e+02 1.227254e+02 -2.958106e+02 -1.512297e+03 8.419872e+02 -2.235785e+02 1.593078e+02 1.55329e+02 -1.907831e+02 1.382824e+02 -1.304595e+02 1.301077e+02 -7.559831e+01 1.328075e+02 -7.740582e+01 1.408574e+02 4.001423e+02 -2.235785e+02 3.480542e+02 4.418978e+01 4.962696e+01 4.499507e+01 -7.407213e+00 5.231363e+01 -5.020183e+01 7.144984e+01 -7.311943e+01 5.27717e+01 -2.967493e+01 -4.507503e+01 1.593078e+02 4.418978e+01 2.836375e+02 6.497578e+01 2.424136e+01 3.950309e+01 -1.382192e+01 4.893174e+01 -1.110083e+01 2.372408e+01 -2.657904e+01 8.542253e+01 -3.960398e+02 1.55329e+02 4.962696e+01 6.497578e+01 1.724164e+02 -2.380889e+01 7.526971e+01 -5.055123e+00 3.651659e+01 1.744557e+01 1.172591e+01 9.886173e+00 4.035531e+01 8.185533e+02 -1.907831e+02 4.499507e+01 2.424136e+01 -2.380889e+01 1.971347e+02 3.682425e+01 7.545483e+01 -6.586427e+00 3.069124e+01 -8.266836e+00 7.998082e+00 -2.175165e+01 -8.820638e+01 1.382824e+02 -7.407213e+00 3.950309e+01 7.526971e+01 3.682425e+01 1.37441e+02 2.502143e+01 4.331342e+01 9.289181e+00 2.766588e+01 -1.203096e+00 2.323974e+01 4.109556e+02 -1.304595e+02 5.231363e+01 -1.382192e+01 -5.055123e+00 7.545483e+01 2.502143e+01 9.848441e+01 1.966364e+01 4.396119e+01 -9.656059e+00 1.701467e+01 -1.414743e+01 -1.75089e+02 1.301077e+02 -5.020183e+01 4.893174e+01 3.651659e+01 -6.586427e+00 4.331342e+01 1.966364e+01 9.515723e+01 1.978373e+01 4.45271e+01 -1.668856e+01 3.000127e+01 2.51951e+02 -7.559831e+01 7.144984e+01 -1.110083e+01 1.744557e+01 3.069124e+01 9.289181e+00 4.396119e+01 1.978373e+01 8.199184e+01 4.126873e+00 2.044525e+01 -1.885824e+01 -2.139752e+02 1.328075e+02 -7.311943e+01 2.372408e+01 1.172591e+01 -8.266836e+00 2.766588e+01 -9.656059e+00 4.45271e+01 4.126873e+00 8.320283e+01 6.017438e-01 3.242365e+01 1.227254e+02 -7.740582e+01 5.27717e+01 -2.657904e+01 9.886173e+00 7.998082e+00 -1.203096e+00 1.701467e+01 -1.668856e+01 2.044525e+01 6.017438e-01 5.650322e+01 3.514139e+00 -2.958106e+02 1.408574e+02 -2.967493e+01 8.542253e+01 4.035531e+01 -2.175165e+01 2.323974e+01 -1.414743e+01 3.000127e+01 -1.885824e+01 3.242365e+01 3.514139e+00 8.453913e+01 ) ],
        [ a essentia:InverseCovariance ;
            afo:dimensions ( 13 13 ) ;
            afo:values ( 3.284155e-04 -6.024453e-05 2.128556e-04 -4.276385e-04 5.398974e-04 -1.02479e-03 1.6655e-04 -3.140725e-04 1.77534e-04 -5.877467e-04 6.341696e-04 -8.343872e-04 7.339626e-04 -6.024453e-05 6.34739e-03 4.944956e-04 -2.272138e-04 -1.75652e-03 4.449768e-03 -5.198126e-03 4.030891e-03 -1.59488e-03 8.68857e-04 -4.559815e-03 6.12516e-03 -4.042572e-03 2.128556e-04 4.944956e-04 7.464829e-03 -3.730953e-03 -1.584083e-03 5.732339e-04 -1.356867e-04 -1.891916e-03 3.893094e-03 -5.370623e-03 4.620113e-03 -4.87829e-03 2.786681e-03 -4.276385e-04 -2.272138e-04 -3.730953e-03 8.753788e-03 -9.845854e-04 -1.825665e-03 4.390877e-04 3.262085e-03 -3.393115e-03 1.765344e-03 -1.093376e-03 6.614589e-03 -9.104874e-03 5.398974e-04 -1.75652e-03 -1.584083e-03 -9.845854e-04 1.217705e-02 -1.087743e-03 -4.309725e-03 1.688809e-03 -1.884676e-03 -3.547332e-03 4.506875e-03 -4.396037e-03 -1.038928e-03 -1.02479e-03 4.449768e-03 5.732339e-04 -1.825665e-03 -1.087743e-03 1.548109e-02 -6.874274e-03 -3.717386e-03 3.025985e-03 1.229192e-03 -6.157794e-03 6.531879e-03 -1.893344e-03 1.6655e-04 -5.198126e-03 -1.356867e-04 4.390877e-04 -4.309725e-03 -6.874274e-03 1.70735e-02 -5.854439e-03 -1.236228e-03 1.877905e-03 1.092756e-03 -4.600884e-03 3.997575e-03 -3.140725e-04 4.030891e-03 -1.891916e-03 3.262085e-03 1.688809e-03 -3.717386e-03 -5.854439e-03 2.628785e-02 -1.092665e-02 -4.584372e-03 2.887851e-03 4.573516e-04 -5.801067e-03 1.77534e-04 -1.59488e-03 3.893094e-03 -3.393115e-03 -1.884676e-03 3.025985e-03 -1.236228e-03 -1.092665e-02 2.6856e-02 -8.60344e-03 -6.51924e-03 6.536997e-03 -9.580045e-04 -5.877467e-04 8.68857e-04 -5.370623e-03 1.765344e-03 -3.547332e-03 1.229192e-03 1.877905e-03 -4.584372e-03 -8.60344e-03 2.653258e-02 -7.49114e-03 -2.223002e-03 5.490307e-03 6.341696e-04 -4.559815e-03 4.620113e-03 -1.093376e-03 4.506875e-03 -6.157794e-03 1.092756e-03 2.887851e-03 -6.51924e-03 -7.49114e-03 2.823818e-02 -1.269059e-02 -6.701314e-04 -8.343872e-04 6.12516e-03 -4.87829e-03 6.614589e-03 -4.396037e-03 6.531879e-03 -4.600884e-03 4.573516e-04 6.536997e-03 -2.223002e-03 -1.269059e-02 3.904162e-02 -1.597224e-02 7.339626e-04 -4.042572e-03 2.786681e-03 -9.104874e-03 -1.038928e-03 -1.893344e-03 3.997575e-03 -5.801067e-03 -9.580045e-04 5.490307e-03 -6.701314e-04 -1.597224e-02 3.173562e-02 ) ],
        [ a essentia:Mean ;
            afo:values ( 3.972946e+01 7.17149e+01 -1.309336e+02 6.555972e+01 -3.654642e+01 2.043914e+01 -2.855201e+01 1.283422e+01 -1.827257e+01 2.193482e+00 -2.164487e+01 1.583098e+00 -1.482938e+01 ) ] .

_:3487c897-3a03-491b-bb8e-ee34eb7cc132 a essentia:Median ;
    afo:value 6.445703e+00 .

_:34e02fd6-accf-49a1-886c-063219b56789 a essentia:SecondDerivativeMean ;
    afo:value 6.458558e-03 .

_:35274969-e288-47d0-8717-dc8aa69ca6e1 a essentia:DerivativeVariance ;
    afo:value 1.970663e-02 .

_:35a5bfad-651f-41f2-9109-381897d30ef8 a essentia:SecondDerivativeMean ;
    afo:value 2.756558e+00 .

_:36f40c16-e811-4107-97ad-7ddb4ff725e4 a essentia:Mean ;
    afo:value 9.731704e-01 .

_:37bcd415-cf94-4712-a73a-3b5c45c23d79 a essentia:SecondDerivativeMean ;
    afo:value 5.183576e+05 .

_:38054fa4-8154-49f3-a1cb-045c2ac4aebe a essentia:SecondDerivativeMean ;
    afo:value 1.13199e+01 .

_:383239cf-41b6-4704-a101-24460bba1a40 a essentia:DerivativeVariance ;
    afo:value 0 .

_:385b4fe2-9739-4e9d-a32c-7bf34c5d1080 a essentia:BPM ;
    event:time _:b75d5bf6-1588-48d8-b776-2e4dc8b53f53 ;
    afo:value 1.327373e+02 .

_:38ceb4d8-edf0-4218-9b4c-7b53d764c2f7 a essentia:Maximum ;
    afo:value 2.900387e+00 .

_:396881f9-4ab8-42d9-a13f-85653922c627 a essentia:Median ;
    afo:value 3.321092e-02 .

_:39afddd0-5e02-47e7-98fc-40bde77c3b8e rdf:first 2.772445e-01 ;
    rdf:rest ( 3.007762e-01 3.268972e-01 3.20718e-01 3.163044e-01 3.462535e-01 3.376279e-01 3.192051e-01 2.836819e-01 2.438593e-01 1.974409e-01 1.54855e-01 1.429869e-01 1.438437e-01 1.744948e-01 2.114944e-01 2.195958e-01 2.006757e-01 1.580456e-01 1.371379e-01 1.359153e-01 1.402946e-01 1.862787e-01 3.004217e-01 2.820555e-01 2.277456e-01 1.55559e-01 1.317475e-01 1.975688e-01 3.270001e-01 3.308651e-01 3.715979e-01 3.17956e-01 1.939653e-01 1.72287e-01 2.284486e-01 ) .

_:39f77562-49f4-4b45-a76e-c773191f3534 a essentia:OnsetRate ;
    event:time _:b75d5bf6-1588-48d8-b776-2e4dc8b53f53 ;
    afo:value 3.151766e+00 .

_:39f7ec27-34ca-456f-8771-037570945064 a essentia:Maximum ;
    afo:values ( 3.646833e+00 2.617718e+01 9.697105e+01 7.982159e+01 1.392449e+02 8.686674e+01 5.035428e+01 6.420539e+01 1.557787e+02 1.916569e+02 3.452464e+02 2.081186e+02 2.441521e+02 3.300251e+02 3.699296e+02 6.452356e+02 6.532933e+02 5.808713e+02 8.855497e+02 6.226564e+02 7.758429e+02 6.863419e+02 6.249683e+02 2.066009e+02 1.969844e+02 2.050322e+02 2.526278e+02 1.665887e+02 1.219543e+02 1.081729e+02 1.01257e+02 6.460164e+01 3.664908e+01 6.960374e+01 3.109847e+01 1.041579e+01 5.183741e+00 1.011229e+00 3.784433e-02 7.767189e-04 ) .

_:3accd44f-f12c-45d0-b900-d32e02b1cd43 a essentia:Dissonance ;
    event:time _:b75d5bf6-1588-48d8-b776-2e4dc8b53f53 ;
    afo:computed_by _:LowLevelExtractor ;
    afo:feature _:1e85ed94-3368-4c4b-9986-4e3d24436b7a,
        _:266555c8-6fca-45a7-b4e9-a3d7e1bc6fde,
        _:2a156e7f-1bf0-419b-9ff9-b1cb8597ff7b,
        _:2fa671b4-946c-4366-9508-81702f1d7213,
        [ a essentia:DerivativeVariance ;
            afo:value 4.469164e-05 ],
        [ a essentia:DerivativeMean ;
            afo:value 5.946856e-03 ],
        [ a essentia:SecondDerivativeMean ;
            afo:value 1.017965e-02 ],
        [ a essentia:SecondDerivativeVariance ;
            afo:value 1.286902e-04 ],
        [ a essentia:Median ;
            afo:value 4.914856e-01 ] .

_:3bb9c063-8e93-4844-a026-3b176218c95b a essentia:Decrease ;
    event:time _:b75d5bf6-1588-48d8-b776-2e4dc8b53f53 ;
    afo:computed_by _:LowLevelExtractor ;
    afo:feature _:3033aa2c-1398-4267-a664-d357361fca0f,
        [ a essentia:SecondDerivativeVariance ;
            afo:value 4.319209e-17 ],
        [ a essentia:Mean ;
            afo:value -9.671718e-09 ],
        [ a essentia:DerivativeMean ;
            afo:value 3.758147e-09 ],
        [ a essentia:DerivativeVariance ;
            afo:value 1.881537e-17 ],
        [ a essentia:SecondDerivativeMean ;
            afo:value 5.751928e-09 ],
        [ a essentia:Maximum ;
            afo:value -3.069329e-29 ],
        [ a essentia:Minimum ;
            afo:value -3.745551e-08 ],
        [ a essentia:Median ;
            afo:value -7.859636e-09 ] .

_:3cc4a44f-57d0-48c4-a8e5-6d805470f3f6 a essentia:Mean ;
    afo:value 3.442438e+01 .

_:3d0bbfb4-77f6-46ca-a098-7183a0fbc504 a essentia:DerivativeVariance ;
    afo:value 2.147967e-03 .

_:3d621953-13f0-4ace-9599-d6d1910c1830 a essentia:Mean ;
    afo:value 1.818182e-01 .

_:3d86d3da-49c4-4178-9a97-154d232d69b8 a essentia:Minimum ;
    afo:value 0 .

_:3e0b25e7-772b-4342-b09b-c96ceeaaa51c a essentia:Variance ;
    afo:value 1.554047e+02 .

_:3f11d5d9-84b5-4f81-954b-fed1853ac309 rdf:first 5.124442e-05 ;
    rdf:rest ( 1.879717e-05 3.639609e-06 2.226779e-06 4.185488e-08 1.191031e-08 2.278329e-08 3.362587e-08 4.011825e-08 1.295819e-08 7.902548e-09 5.713487e-09 6.010742e-09 8.423771e-09 1.150347e-08 8.733559e-09 1.433052e-08 7.959023e-09 7.877742e-09 5.88659e-09 3.995432e-09 3.716131e-09 4.802674e-09 1.844696e-09 6.630588e-10 6.454819e-10 4.538436e-10 5.19073e-10 2.146018e-10 1.482765e-10 2.130385e-10 1.108462e-10 4.40787e-11 3.645905e-11 2.324803e-11 8.368024e-12 3.415706e-12 1.615218e-12 3.300028e-12 7.934261e-12 ) .

_:409c22c1-1f8e-4860-a4d4-04149630f99c a essentia:Danceability ;
    event:time _:b75d5bf6-1588-48d8-b776-2e4dc8b53f53 ;
    afo:value 1.182871e+00 .

_:40f3abfd-c6a0-4fe2-b69f-b0cddf8a7103 a essentia:Median ;
    afo:value 3.11253e+00 .

_:4106c578-3831-467e-8a9a-132a4b1b2502 a essentia:SecondDerivativeMean ;
    afo:values _:14f342f9-da1c-4e28-a6eb-41d9bcf1597d .

