@prefix afo: <https://w3id.org/afo/onto/1.1#> .
@prefix dc: <http://purl.org/dc/elements/1.1/> .
@prefix essentia: <http://sovarr.c4dm.eecs.qmul.ac.uk/af/essentia/> .
@prefix event: <http://purl.org/NET/c4dm/event.owl#> .
@prefix foaf: <http://xmlns.com/foaf/0.1/> .
@prefix mo: <http://purl.org/ontology/mo/> .
@prefix rdf: <http://www.w3.org/1999/02/22-rdf-syntax-ns#> .
@prefix rdfs: <http://www.w3.org/2000/01/rdf-schema#> .
@prefix tl: <http://purl.org/NET/c4dm/timeline.owl#> .
@prefix xml: <http://www.w3.org/XML/1998/namespace> .
@prefix xsd: <http://www.w3.org/2001/XMLSchema#> .

<http://musicbrainz.org/release/ba740867-5159-4674-a9e0-3f05229d8fa3> a mo:Release ;
    dc:date "1970" ;
    dc:title "Black Brown and Beautiful" ;
    mo:catalogue_number "FDS-116" ;
    mo:publisher [ a mo:Label ;
            foaf:name "Flying Dutchman" ] ;
    mo:publishing_location "US" ;
    mo:release_status mo:official ;
    mo:release_type mo:album ;
    mo:track <http://musicbrainz.org/recording/354b3ba9-514d-4c11-a1b5-43719785e004> ;
    foaf:maker <http://musicbrainz.org/artist/4704f86b-33b0-458a-9460-8f9b52869d74> .

<08.+Black,+Brown,+And+Beautiful_3-26.mp3> a mo:AudioFile ;
    mo:encodes [ a essentia:Signal ;
            mo:sample_rate "44100"^^xsd:interger ;
            mo:time _:0da289b2-6323-4fbd-934d-a5b0a382a260 ;
            essentia:bit_rate "320041"^^xsd:float ;
            essentia:codec "mp3"^^xsd:string ;
            essentia:downmix "mix"^^xsd:string ;
            essentia:equal_loudness "0"^^xsd:float ;
            essentia:lossless false ;
            essentia:md5_encoded "b97c50457c9bbad75219bde8cf544cdd"^^xsd:string ;
            essentia:replay_gain "-7.83736801147"^^xsd:float ] .

<http://musicbrainz.org/artist/4704f86b-33b0-458a-9460-8f9b52869d74> a mo:MusicArtist ;
    foaf:name "Oliver Nelson" .

<http://musicbrainz.org/recording/354b3ba9-514d-4c11-a1b5-43719785e004> a mo:Track ;
    dc:title "Black, Brown and Beautiful" ;
    mo:available_as <08.+Black,+Brown,+And+Beautiful_3-26.mp3> ;
    mo:genre [ a mo:Genre ;
            rdfs:label "Jazz" ] ;
    mo:track_number "08/09" .

[] a essentia:VersionInfo .

_:0033a433-bbc5-4ff2-9786-393ad70b5627 a essentia:DerivativeVariance ;
    afo:value 1.219174e-02 .

_:003ee3dd-bf65-4038-84d3-c79172060ab4 a essentia:DerivativeMean ;
    afo:value 2.59581e+05 .

_:00dd506e-ce33-4cb3-bd97-a2cfb3da9b28 a essentia:Skewness ;
    afo:feature [ a essentia:DerivativeVariance ;
            afo:value 1.575654e+00 ],
        [ a essentia:Minimum ;
            afo:value -1.913214e+00 ],
        [ a essentia:Maximum ;
            afo:value 3.93726e+01 ],
        [ a essentia:SecondDerivativeVariance ;
            afo:value 4.377173e+00 ],
        [ a essentia:Variance ;
            afo:value 6.705472e+00 ],
        [ a essentia:SecondDerivativeMean ;
            afo:value 6.989968e-01 ],
        [ a essentia:DerivativeMean ;
            afo:value 4.506653e-01 ],
        [ a essentia:Mean ;
            afo:value 1.313949e+00 ],
        [ a essentia:Median ;
            afo:value 9.633439e-01 ] .

_:024eddea-d271-431d-9fb0-0c0bb4e0f358 a essentia:DerivativeVariance ;
    afo:value 0 .

_:027a0d82-8955-418f-ac7e-75a083966a60 a essentia:BPM ;
    event:time _:0da289b2-6323-4fbd-934d-a5b0a382a260 ;
    afo:value 1.257226e+02 .

_:03a5fce2-c7ff-4bde-8ed9-afc7082d1f48 a essentia:Median ;
    afo:value 1.769643e+00 .

_:03cb2071-4703-4691-a777-176356f55063 rdf:first 9.087451e-05 ;
    rdf:rest ( 2.684423e-04 2.578848e-04 1.826161e-04 1.473825e-04 1.466245e-04 1.534484e-04 1.029927e-04 8.233434e-05 4.10642e-05 4.275792e-05 2.96938e-05 1.796454e-05 2.201985e-05 1.345241e-05 1.013773e-05 2.85459e-05 1.997852e-05 2.031035e-05 2.167355e-05 1.903641e-05 1.60741e-05 1.309984e-05 1.088782e-05 1.214291e-05 9.048053e-06 1.010451e-05 8.321615e-06 5.936213e-06 1.631273e-06 1.625737e-06 1.423935e-06 8.50933e-07 5.945423e-07 4.751406e-07 3.806635e-07 3.041004e-07 2.348174e-07 1.76731e-07 1.421996e-07 ) .

_:045c0ba3-6b97-4487-be5b-063fcf3ec965 a essentia:Minimum ;
    afo:value 1 .

_:045f9f86-825e-4bdf-a5fa-d26da24ec058 a essentia:Median ;
    afo:values ( -7.718999e+00 -6.644253e+00 -7.568006e+00 -7.859684e+00 -7.500134e+00 -1.022811e+01 ) .

_:0541a392-431c-4dfd-a51d-436d607bfe93 a essentia:DerivativeVariance ;
    afo:value 2.457996e+05 .

_:05d59d4e-e386-4e29-91e8-071374b7dd28 a essentia:Mean ;
    afo:value 6.93279e-03 .

_:0677fc11-338f-401f-8885-375b59fe4d6a a essentia:Mean ;
    afo:value 9.813084e-02 .

_:082d5ede-06ab-43b3-8411-d2feabed5bb0 a essentia:Minimum ;
    afo:value -1.62242e+00 .

_:084b6b4a-0f4a-49ab-877c-ab4b78835d1b a essentia:SecondDerivativeMean ;
    afo:value 0 .

_:090a55f8-3457-4355-a4e2-039f88502f6e a essentia:FirstPeakSpread ;
    event:time _:0da289b2-6323-4fbd-934d-a5b0a382a260 ;
    afo:computed_by _:LowLevelExtractor ;
    afo:feature [ a essentia:Minimum ;
            afo:value 4.873949e-01 ],
        [ a essentia:Maximum ;
            afo:value 4.873949e-01 ],
        [ a essentia:DerivativeVariance ;
            afo:value 0 ],
        [ a essentia:DerivativeMean ;
            afo:value 0 ],
        [ a essentia:SecondDerivativeMean ;
            afo:value 0 ],
        [ a essentia:Median ;
            afo:value 4.873949e-01 ],
        [ a essentia:SecondDerivativeVariance ;
            afo:value 0 ],
        [ a essentia:Mean ;
            afo:value 4.873949e-01 ],
        [ a essentia:Variance ;
            afo:value 0 ] .

_:09a8acd8-dd2d-4c53-99ce-a1679ad504bb a essentia:Variance ;
    afo:value 0 .

_:09aaf604-c8e5-41cc-84c7-c48b675403e7 a essentia:DerivativeVariance ;
    afo:value 1.986915e-05 .

_:09c53b4a-3150-4407-8a16-cd2bffee6943 a essentia:Minimum ;
    afo:values ( 1.862683e-24 1.349429e-23 1.063677e-23 5.355784e-24 7.119665e-24 3.072607e-23 2.371953e-23 3.000725e-23 3.321571e-23 6.537793e-23 7.204906e-23 1.602264e-22 4.279899e-23 7.283525e-23 1.494393e-22 2.232401e-22 1.754063e-22 1.4647e-22 2.620754e-22 3.421835e-22 2.969831e-22 3.7413e-22 7.302646e-22 7.272317e-22 1.212584e-21 1.760042e-21 2.251347e-21 ) .

_:09d784c7-272d-4eb1-beb6-3032fb92c7ad rdf:first 3.161684e-22 ;
    rdf:rest ( 4.01706e-21 1.453604e-20 3.261058e-20 1.007711e-20 1.901425e-20 2.003123e-19 2.074438e-19 3.059248e-19 6.202275e-19 8.788529e-19 8.166885e-19 1.546506e-18 1.912384e-18 3.489298e-18 6.840706e-18 2.370752e-18 4.251289e-18 4.506259e-18 9.967865e-18 1.170314e-17 1.003581e-17 7.908156e-18 1.506036e-17 1.176124e-17 1.183134e-17 1.387086e-17 1.136275e-17 1.339928e-17 1.321557e-17 2.105058e-17 1.508399e-17 1.347327e-17 1.253007e-17 9.443239e-18 5.202287e-18 3.741305e-18 1.371027e-18 3.437905e-19 3.280841e-20 ) .

_:09dafb80-bb74-4c57-a9cb-5c2016cfe648 a essentia:SecondDerivativeMean ;
    afo:value 0 .

_:09f8d335-7a3f-449a-b862-03f2dde4d08d a essentia:Minimum ;
    afo:value 1.845984e-21 .

_:0a09b09c-18a8-4a70-a8b2-c4f6838e53f9 a essentia:Mean ;
    afo:value 2.345351e-02 .

_:0a65f19b-027c-4026-94a0-3485201cfa23 a essentia:DerivativeMean ;
    afo:value 3.896362e-04 .

_:0a79224b-9a44-4f03-959d-eee35a42f60d a essentia:KeyStrength ;
    event:time _:0da289b2-6323-4fbd-934d-a5b0a382a260 ;
    afo:value 4.960249e-01 .

_:0af96d7b-f787-47eb-85a7-f9b5a5376d61 a essentia:Median ;
    afo:value 4.936182e-02 .

_:0b5e0f26-6160-4612-8751-dee5ed85c98d rdf:first 13 ;
    rdf:rest ( 13 ) .

_:0b8381ec-cf9d-4e16-98e2-6c86a4a71804 a essentia:DerivativeMean ;
    afo:value 1.286363e-02 .

_:0b9c2227-a538-4836-9100-e11d821f6269 a essentia:SecondDerivativeVariance ;
    afo:value 2.385552e-04 .

_:0bcac6d8-8948-4b23-aeb5-ea9197d55f4b a essentia:Maximum ;
    afo:values ( 5.811504e-04 1.860498e-02 5.178107e-02 1.441927e-02 3.86327e-02 3.489175e-02 3.171396e-02 5.802152e-02 4.91593e-02 4.698085e-02 3.90071e-02 1.764853e-02 2.201116e-02 2.510071e-02 2.065394e-02 2.736867e-02 3.017818e-02 9.566242e-03 8.366805e-03 1.094472e-02 1.909892e-03 1.074899e-03 6.297926e-04 2.80419e-04 3.512398e-04 3.218041e-04 2.969302e-04 ) .

_:0d0c5ff3-5897-425b-9a85-2ea73aacc29e a essentia:Mean ;
    afo:value -2.019486e-01 .

_:0d69ec8d-14a0-444e-8cc5-5bd4f50967c7 a essentia:Variance ;
    afo:value 1.914962e-06 .

_:0d7e9d01-f0ec-40e4-8560-5478a90fdc64 a essentia:SecondDerivativeMean ;
    afo:value 2.005346e-03 .

_:0e6f55af-73c7-4bb0-b595-fa2f59870c8d a essentia:Maximum ;
    afo:values ( 9.995948e-01 8.177131e-01 7.783942e-01 6.69713e-01 7.916767e-01 4.980391e-01 ) .

_:0eff052d-fdc8-499b-8d95-0ea56f897e06 a essentia:Mean ;
    afo:values ( -6.438453e+02 1.142152e+02 -2.194731e+01 3.211354e+01 -1.242716e+00 -4.721532e+00 -4.765931e+00 -5.037867e+00 -2.407143e+00 5.540669e+00 -2.216475e+00 -3.021264e-01 1.249095e+00 ) .

_:0f02fe23-8fc8-4852-8e71-7694a5852095 a essentia:SecondDerivativeVariance ;
    afo:value 2.634028e-02 .

_:0f3c9951-c234-4567-b58d-1fee8d8347c6 a essentia:Variance ;
    afo:value 6.758791e-01 .

_:104bec73-6391-4399-b839-fe99c4d469da a essentia:ChordsKey ;
    event:time _:0da289b2-6323-4fbd-934d-a5b0a382a260 ;
    afo:value "C" .

_:106c06c5-25f6-4f9c-80b6-40eb343a3f04 a essentia:Minimum ;
    afo:value 3.18989e-02 .

_:1170271a-f312-45b4-9d73-990df9df6aa4 a essentia:Mean ;
    afo:value 4.657317e-01 .

_:119ae096-8ea2-4046-8001-02aecc5dc55c a essentia:Median ;
    afo:value 7.381767e+00 .

_:1211ac07-1699-46b0-b3c1-d25e5cb33e14 a essentia:DerivativeMean ;
    afo:value 1.192002e-03 .

_:122a5d69-a489-4d06-85a2-80b23dbc5a92 a essentia:Minimum ;
    afo:value 5.280899e-01 .

_:12bf2cdb-2f47-4674-8b4a-8395d69b713c rdf:first 6.1195e-08 ;
    rdf:rest ( 1.115005e-06 2.489051e-07 2.442553e-07 1.076526e-07 2.781919e-07 2.078573e-07 3.498192e-07 1.372917e-07 7.310504e-08 4.80591e-08 2.568941e-08 1.4475e-08 8.420224e-09 8.887713e-09 7.095719e-09 9.165564e-09 4.388293e-09 1.091338e-08 3.948083e-09 2.77101e-09 6.294234e-09 1.229265e-09 8.353556e-10 9.634641e-10 3.989739e-10 5.711008e-10 2.924034e-10 9.409264e-11 8.304655e-12 5.976973e-12 4.269485e-12 1.919432e-12 1.144134e-12 5.919058e-13 2.712075e-13 1.455793e-13 1.386991e-13 1.033523e-13 7.735671e-14 ) .

_:130f9c0c-567f-4221-82f9-c82a7fdc4084 a essentia:SecondDerivativeMean ;
    afo:value 8.02737e-03 .

_:1350799d-ef93-4e0a-8176-d09433d74659 rdf:first 1.337296e-04 ;
    rdf:rest ( 4.284129e-04 2.953941e-04 2.434628e-04 1.862287e-04 2.695809e-04 2.570466e-04 2.575283e-04 1.648476e-04 9.007025e-05 8.620911e-05 5.373627e-05 3.871689e-05 4.207089e-05 3.64634e-05 3.70431e-05 4.824971e-05 3.498524e-05 3.954184e-05 3.18651e-05 2.825054e-05 3.554132e-05 1.869436e-05 1.569367e-05 1.755034e-05 1.079208e-05 1.438517e-05 1.011385e-05 6.719557e-06 1.8622e-06 1.51749e-06 1.354801e-06 8.032311e-07 6.172144e-07 4.748918e-07 3.386969e-07 2.551497e-07 2.177849e-07 1.773601e-07 1.493477e-07 ) .

_:13f5292f-4bf9-49dc-a999-b50031f0a372 a essentia:DerivativeVariance ;
    afo:value 0 .

_:14496ca6-a5e8-4cc4-bedf-0b7eab0c5ae8 a essentia:GFCC ;
    event:time _:0da289b2-6323-4fbd-934d-a5b0a382a260 ;
    afo:computed_by _:LowLevelExtractor ;
    afo:feature [ a essentia:InverseCovariance ;
            afo:dimensions ( 13 13 ) ;
            afo:values ( 2.234788e-04 5.442691e-05 3.970592e-04 -2.543939e-04 5.103301e-04 -1.937034e-04 4.558166e-04 -3.691413e-04 5.942827e-04 -2.520446e-04 2.643139e-04 -1.222486e-05 3.652383e-04 5.442691e-05 1.748392e-03 3.454384e-04 -1.039732e-03 1.010391e-03 -4.311292e-04 4.356829e-04 1.12073e-03 -1.677815e-03 2.941187e-03 -3.853377e-03 3.069695e-03 -1.842912e-03 3.970592e-04 3.454384e-04 3.208398e-03 -1.929028e-03 1.343732e-03 -2.958949e-03 1.003166e-03 -6.954853e-04 -2.216141e-04 6.478563e-04 -2.199526e-04 1.992471e-04 -8.163693e-04 -2.543939e-04 -1.039732e-03 -1.929028e-03 9.353135e-03 -5.638447e-03 2.53051e-03 -1.176589e-03 1.215728e-03 -1.478223e-04 -3.191013e-04 3.119897e-03 -2.094063e-03 1.551447e-03 5.103301e-04 1.010391e-03 1.343732e-03 -5.638447e-03 1.174562e-02 -4.7138e-03 -2.787084e-04 -8.327562e-04 3.079431e-04 2.176793e-04 -4.193815e-03 4.03524e-03 -1.258332e-04 -1.937034e-04 -4.311292e-04 -2.958949e-03 2.53051e-03 -4.7138e-03 1.53099e-02 -7.895785e-03 1.037581e-03 2.555036e-03 -5.197328e-03 7.709715e-03 -7.609218e-03 3.30659e-03 4.558166e-04 4.356829e-04 1.003166e-03 -1.176589e-03 -2.787084e-04 -7.895785e-03 2.18152e-02 -1.137116e-02 1.304287e-03 7.666855e-03 -7.964212e-03 7.246095e-03 -3.991166e-03 -3.691413e-04 1.12073e-03 -6.954853e-04 1.215728e-03 -8.327562e-04 1.037581e-03 -1.137116e-02 2.375968e-02 -1.139649e-02 -3.13744e-03 7.985938e-03 -4.059612e-03 3.163477e-03 5.942827e-04 -1.677815e-03 -2.216141e-04 -1.478223e-04 3.079431e-04 2.555036e-03 1.304287e-03 -1.139649e-02 2.365731e-02 -9.079124e-03 3.644147e-03 -1.262872e-03 1.674712e-03 -2.520446e-04 2.941187e-03 6.478563e-04 -3.191013e-04 2.176793e-04 -5.197328e-03 7.666855e-03 -3.13744e-03 -9.079124e-03 2.633757e-02 -2.292021e-02 1.085223e-02 -8.842479e-04 2.643139e-04 -3.853377e-03 -2.199526e-04 3.119897e-03 -4.193815e-03 7.709715e-03 -7.964212e-03 7.985938e-03 3.644147e-03 -2.292021e-02 3.53281e-02 -2.047367e-02 5.172086e-03 -1.222486e-05 3.069695e-03 1.992471e-04 -2.094063e-03 4.03524e-03 -7.609218e-03 7.246095e-03 -4.059612e-03 -1.262872e-03 1.085223e-02 -2.047367e-02 3.103602e-02 -1.453345e-02 3.652383e-04 -1.842912e-03 -8.163693e-04 1.551447e-03 -1.258332e-04 3.30659e-03 -3.991166e-03 3.163477e-03 1.674712e-03 -8.842479e-04 5.172086e-03 -1.453345e-02 2.370704e-02 ) ],
        [ a essentia:Mean ;
            afo:values ( 2.460088e-01 7.617884e+01 -1.297486e+02 2.454619e+01 -4.842767e+01 -8.657192e+00 -3.474353e+01 6.520568e+00 -2.170626e+01 7.581033e+00 -1.614184e+01 -2.520552e+00 -1.546278e+01 ) ],
        [ a essentia:Covariance ;
            afo:dimensions ( 13 13 ) ;
            afo:values ( 9.334453e+03 -4.971588e+02 -1.361805e+03 -2.589092e+02 -4.738951e+02 -3.316546e+02 -3.558111e+02 -5.14509e+01 -1.845878e+02 7.81115e+01 -1.421873e+02 -1.538378e+02 -2.690375e+02 -4.971588e+02 1.260934e+03 -1.305218e+02 4.732955e+01 -7.408788e+01 -1.561532e+02 -6.461558e+01 -1.704592e+02 -8.605148e+00 -5.456983e+01 1.349547e+02 -2.716293e+00 9.880767e+01 -1.361805e+03 -1.305218e+02 6.973962e+02 1.248643e+02 1.030388e+02 1.873219e+02 1.017027e+02 6.689297e+01 2.579842e+01 -4.766139e+01 -4.910786e+01 3.76735e+01 3.950259e+01 -2.589092e+02 4.732955e+01 1.248643e+02 1.844918e+02 9.177177e+01 3.174976e+01 2.83762e+01 7.575541e+00 3.665741e+00 -2.274758e+01 -1.979982e+01 -9.123221e+00 -2.661301e+00 -4.738951e+02 -7.408788e+01 1.030388e+02 9.177177e+01 1.825459e+02 7.825417e+01 5.461327e+01 3.262519e+01 1.588536e+01 1.48111e+01 1.683471e+00 -9.875019e+00 -1.301168e+01 -3.316546e+02 -1.561532e+02 1.873219e+02 3.174976e+01 7.825417e+01 1.713728e+02 7.951751e+01 5.619521e+01 5.479359e+00 -9.545609e+00 -3.714382e+01 1.388666e+01 -4.381831e+00 -3.558111e+02 -6.461558e+01 1.017027e+02 2.83762e+01 5.461327e+01 7.951751e+01 1.146019e+02 6.401828e+01 1.487135e+01 -2.491179e+01 -2.734895e+01 -6.132509e+00 2.281353e+00 -5.14509e+01 -1.704592e+02 6.689297e+01 7.575541e+00 3.262519e+01 5.619521e+01 6.401828e+01 1.20342e+02 4.800405e+01 5.281358e+00 -4.623374e+01 -1.537764e+01 -2.613073e+01 -1.845878e+02 -8.605148e+00 2.579842e+01 3.665741e+00 1.588536e+01 5.479359e+00 1.487135e+01 4.800405e+01 8.214827e+01 3.814673e+01 6.538949e+00 -8.808689e+00 -1.296556e+01 7.81115e+01 -5.456983e+01 -4.766139e+01 -2.274758e+01 1.48111e+01 -9.545609e+00 -2.491179e+01 5.281358e+00 3.814673e+01 1.307322e+02 7.856538e+01 3.994063e+00 -2.159723e+01 -1.421873e+02 1.349547e+02 -4.910786e+01 -1.979982e+01 1.683471e+00 -3.714382e+01 -2.734895e+01 -4.623374e+01 6.538949e+00 7.856538e+01 1.323266e+02 4.660793e+01 2.121295e+01 -1.538378e+02 -2.716293e+00 3.76735e+01 -9.123221e+00 -9.875019e+00 1.388666e+01 -6.132509e+00 -1.537764e+01 -8.808689e+00 3.994063e+00 4.660793e+01 8.656545e+01 4.67549e+01 -2.690375e+02 9.880767e+01 3.950259e+01 -2.661301e+00 -1.301168e+01 -4.381831e+00 2.281353e+00 -2.613073e+01 -1.296556e+01 -2.159723e+01 2.121295e+01 4.67549e+01 8.410017e+01 ) ] .

_:145921a4-104d-4a3f-8dfa-0a4a30e77ce4 rdf:first 4.174944e-03 ;
    rdf:rest ( 1.373618e-04 2.03022e-05 4.660015e-05 6.430661e-05 1.452114e-04 ) .

_:15de9fd6-867d-43d0-b37c-2eb2cbd403e3 a essentia:Maximum ;
    afo:value 3.04343e-01 .

_:16e681dd-ffff-4689-b24d-e0a88405b44b a essentia:EnergyBand ;
    event:time _:0da289b2-6323-4fbd-934d-a5b0a382a260 ;
    afo:computed_by _:LowLevelExtractor ;
    afo:feature _:1211ac07-1699-46b0-b3c1-d25e5cb33e14,
        [ a essentia:Minimum ;
            afo:value 4.536121e-23 ],
        [ a essentia:Median ;
            afo:value 1.601416e-03 ],
        [ a essentia:Mean ;
            afo:value 3.14784e-03 ],
        [ a essentia:DerivativeVariance ;
            afo:value 8.012772e-06 ],
        [ a essentia:Variance ;
            afo:value 2.630716e-05 ],
        [ a essentia:SecondDerivativeVariance ;
            afo:value 1.209793e-05 ],
        [ a essentia:Maximum ;
            afo:value 5.922483e-02 ],
        [ a essentia:SecondDerivativeMean ;
            afo:value 1.6583e-03 ] .

_:17a469e7-f63c-47f4-89be-cfb61c6aa96c a essentia:Median ;
    afo:value 1 .

_:17c31b3e-79e5-4774-9c32-91b608f82d0f a essentia:Minimum ;
    afo:value 6.168115e+00 .

_:17e5d5cb-9854-4db9-999b-0e80875bdecc a essentia:Median ;
    afo:values ( 1.575895e-01 1.85504e-01 2.453546e-01 9.75838e-02 1.265082e-01 5.46158e-02 ) .

_:18630305-70f4-4dc5-87e4-bebca94f61d1 a essentia:DerivativeVariance ;
    afo:value 1.204257e-04 .

_:18b953d8-313f-4a9c-9586-8fa930bf548c a essentia:ChordsHistogram ;
    event:time _:0da289b2-6323-4fbd-934d-a5b0a382a260 ;
    afo:value ( 1.893478e+01 1.385692e+01 1.670052e+01 6.973595e+00 2.933875e-01 5.235838e+00 2.256827e-01 5.416385e+00 1.602347e+00 4.062288e+00 0 1.737757e+00 1.241255e+00 0 6.544798e-01 1.354096e-01 3.317536e+00 1.579779e-01 4.423381e+00 4.739336e-01 2.572783e+00 1.421801e+00 3.972015e+00 6.589934e+00 ) .

_:1987f2b5-95bf-4452-8e33-346ee814b3de a essentia:Maximum ;
    afo:value 3.258168e+01 .

_:19f958f1-12d2-4683-a890-da7832d1b43c a essentia:DerivativeVariance ;
    afo:value 2.308446e+00 .

_:1a018b3f-21dd-4048-bafb-591cc25fdf17 a essentia:DerivativeMean ;
    afo:value 1.950967e+02 .

_:1aca5361-cb11-4ad6-a9aa-f04d65d099f0 a essentia:Minimum ;
    afo:values ( 4.793153e-24 7.045057e-24 4.924534e-24 8.513849e-25 5.28349e-24 5.262622e-24 4.237285e-24 6.099363e-24 7.499705e-24 4.611365e-24 6.704059e-24 6.9503e-24 9.678511e-24 2.062889e-23 1.029014e-23 3.157014e-24 8.508004e-24 6.067182e-24 1.085658e-23 1.232576e-23 1.190125e-23 8.426449e-24 7.191496e-24 6.669417e-24 1.301822e-23 1.067848e-23 6.816783e-24 7.290546e-24 7.59283e-24 8.243402e-24 5.92906e-24 8.050743e-24 7.267621e-24 7.262868e-24 1.034118e-23 1.369238e-23 7.273488e-24 9.718382e-24 7.820021e-24 1.087122e-23 ) .

_:1adf2531-68b4-4256-97b1-004fb3f07abc a essentia:DerivativeMean ;
    afo:value 6.633438e-03 .

_:1b98b391-769a-4519-b835-8f7e4e2b14ef a essentia:SecondDerivativeMean ;
    afo:value 2.999415e-04 .

_:1ba03aaf-16d9-4942-8dfb-033be2ad3b30 a essentia:SecondDerivativeVariance ;
    afo:value 3.287389e+00 .

_:1c0c5b5f-efc6-4640-9305-05accb6764de a essentia:DerivativeVariance ;
    afo:values ( 1.515876e-04 6.244072e-02 5.526786e+00 3.398916e+00 1.125425e+01 2.738955e+01 4.201127e+01 2.607985e+02 5.817799e+02 9.408431e+02 1.003874e+03 1.017944e+03 9.555377e+02 5.062124e+02 7.401697e+02 3.296073e+02 3.995281e+02 1.096333e+03 7.544749e+02 1.190098e+03 1.084768e+03 2.186599e+03 3.906855e+02 3.611855e+02 3.12924e+02 2.441574e+02 3.627198e+01 5.651062e+00 4.047919e+00 1.163375e+00 5.734187e-01 1.446547e-01 9.463508e-02 4.352435e-02 1.546729e-02 4.124735e-03 1.512346e-03 3.325308e-04 1.118652e-05 1.855926e-08 ) .

_:1c78a59d-24be-464b-8046-80d717c85bb6 a essentia:Maximum ;
    afo:value 1.678345e+01 .

_:1ce9838b-dc0b-4cab-abd6-6e870b5a85ac a essentia:Maximum ;
    afo:values ( -5.930999e+00 -5.190144e+00 -6.010788e+00 -6.388461e+00 -6.13945e+00 -8.781294e+00 ) .

_:1cfa2644-05e0-4cfb-86c7-f2c68d48dbc8 a essentia:MelBands ;
    event:time _:0da289b2-6323-4fbd-934d-a5b0a382a260 ;
    afo:computed_by _:LowLevelExtractor ;
    afo:feature [ a essentia:Crest ;
            afo:feature [ a essentia:DerivativeMean ;
                    afo:value 2.451325e+00 ],
                [ a essentia:SecondDerivativeVariance ;
                    afo:value 1.612768e+01 ],
                [ a essentia:Minimum ;
                    afo:value 2.88097e+00 ],
                [ a essentia:Mean ;
                    afo:value 1.348748e+01 ],
                [ a essentia:SecondDerivativeMean ;
                    afo:value 3.8292e+00 ],
                [ a essentia:Median ;
                    afo:value 1.254609e+01 ],
                [ a essentia:DerivativeVariance ;
                    afo:value 6.744967e+00 ],
                [ a essentia:Variance ;
                    afo:value 3.352415e+01 ],
                [ a essentia:Maximum ;
                    afo:value 3.960427e+01 ] ] .

_:1d104c10-42d7-43aa-9967-000811949e06 a essentia:DerivativeMean ;
    afo:value 8.965685e-03 .

_:1d12b78f-964d-44c7-8ce1-47a6b8ba94eb a essentia:Median ;
    afo:value 19 .

_:1d696e2b-49d0-4933-9927-139ac55d2c9d a essentia:DerivativeMean ;
    afo:values ( 4.109101e-02 4.284125e-02 3.53149e-02 2.903837e-02 2.205839e-02 1.263254e-02 ) .

_:1d954585-987a-4dc9-bdc1-e3e759aa1880 a essentia:Flux ;
    event:time _:0da289b2-6323-4fbd-934d-a5b0a382a260 ;
    afo:computed_by _:LowLevelExtractor ;
    afo:feature _:0af96d7b-f787-47eb-85a7-f9b5a5376d61,
        _:0b8381ec-cf9d-4e16-98e2-6c86a4a71804,
        [ a essentia:DerivativeVariance ;
            afo:value 2.393511e-04 ],
        [ a essentia:Minimum ;
            afo:value 1.065996e-10 ],
        [ a essentia:Variance ;
            afo:value 6.665417e-04 ],
        [ a essentia:SecondDerivativeVariance ;
            afo:value 5.913245e-04 ],
        [ a essentia:SecondDerivativeMean ;
            afo:value 2.085093e-02 ],
        [ a essentia:Maximum ;
            afo:value 1.944157e-01 ],
        [ a essentia:Mean ;
            afo:value 5.472689e-02 ] .

_:1defa711-7db2-4c88-95b2-79e29bec9d01 rdf:first -6.365102e-01 ;
    rdf:rest ( -6.829163e-01 -7.358615e-01 -7.09249e-01 -7.296435e-01 -7.581866e-01 ) .

_:1dfaa5e2-bc74-461e-95bb-c87a030c8875 a essentia:Variance ;
    afo:value 7.903128e-03 .

_:1e539b87-e35f-4177-8ae9-69b20b0c141a a essentia:DerivativeMean ;
    afo:value 1.859872e+00 .

_:1e80a1d0-a3ec-4d8a-9200-d4cd14186a79 a essentia:Mean ;
    afo:value 96 .

_:1e856c07-5625-4664-acfe-ae80a857eac1 a essentia:SecondDerivativeVariance ;
    afo:values _:12bf2cdb-2f47-4674-8b4a-8395d69b713c .

_:1f0de2c8-13d1-4105-87e9-302d3a91b00c a essentia:Median ;
    afo:value 3.935387e-02 .

_:1f131e39-0a63-48a3-ab97-4cd1d3a26967 a essentia:Mean ;
    afo:value 3.657724e+01 .

_:1f26c10d-13e3-4536-b11a-121187be42d7 a essentia:SecondDerivativeVariance ;
    afo:values ( 8.745608e-02 4.156516e-02 5.429106e-02 2.320073e-02 2.553002e-02 8.130567e-03 ) .

_:1f77bd1c-714a-43ed-91e5-ca655f3ba9b0 a essentia:Spread ;
    afo:feature [ a essentia:Minimum ;
            afo:value 1.932443e-01 ],
        [ a essentia:Mean ;
            afo:value 2.291191e+01 ],
        [ a essentia:Variance ;
            afo:value 1.079167e+02 ],
        [ a essentia:DerivativeVariance ;
            afo:value 1.330362e+01 ],
        [ a essentia:Maximum ;
            afo:value 6.419047e+01 ],
        [ a essentia:DerivativeMean ;
            afo:value 3.445464e+00 ],
        [ a essentia:SecondDerivativeMean ;
            afo:value 5.306362e+00 ],
        [ a essentia:SecondDerivativeVariance ;
            afo:value 3.067776e+01 ],
        [ a essentia:Median ;
            afo:value 2.228623e+01 ] .

_:1f92d9b0-3b1a-4e19-91fd-4f4fcee55039 a essentia:SecondPeakSpread ;
    event:time _:0da289b2-6323-4fbd-934d-a5b0a382a260 ;
    afo:computed_by _:LowLevelExtractor ;
    afo:feature _:084b6b4a-0f4a-49ab-877c-ab4b78835d1b,
        _:122a5d69-a489-4d06-85a2-80b23dbc5a92,
        [ a essentia:Mean ;
            afo:value 5.280899e-01 ],
        [ a essentia:Maximum ;
            afo:value 5.280899e-01 ],
        [ a essentia:DerivativeMean ;
            afo:value 0 ],
        [ a essentia:Variance ;
            afo:value 0 ],
        [ a essentia:SecondDerivativeVariance ;
            afo:value 0 ],
        [ a essentia:DerivativeVariance ;
            afo:value 0 ],
        [ a essentia:Median ;
            afo:value 5.280899e-01 ] .

_:200094f4-a213-4d19-8315-bf73ec3552b9 a essentia:Mean ;
    afo:value 1.515834e+00 .

_:20564b26-6045-452b-ad48-7290a77a902f a essentia:DerivativeVariance ;
    afo:value 0 .

_:20757377-3e0e-4aba-a4ca-a29832b744db a essentia:Mean ;
    afo:value 3.927765e-02 .

_:20ff1f4e-2276-4202-a378-c347e7bb8982 a essentia:RMS ;
    event:time _:0da289b2-6323-4fbd-934d-a5b0a382a260 ;
    afo:computed_by _:LowLevelExtractor ;
    afo:feature _:0a65f19b-027c-4026-94a0-3485201cfa23,
        _:0d69ec8d-14a0-444e-8cc5-5bd4f50967c7,
        [ a essentia:DerivativeVariance ;
            afo:value 1.889499e-07 ],
        [ a essentia:Maximum ;
            afo:value 8.599711e-03 ],
        [ a essentia:SecondDerivativeMean ;
            afo:value 5.690921e-04 ],
        [ a essentia:Mean ;
            afo:value 4.314983e-03 ],
        [ a essentia:SecondDerivativeVariance ;
            afo:value 3.629423e-07 ],
        [ a essentia:Median ;
            afo:value 4.443048e-03 ],
        [ a essentia:Minimum ;
            afo:value 3.243399e-12 ] .

_:21428c82-8da8-4278-8fdc-2810ae710e4d a essentia:Median ;
    afo:value 5.718255e-04 .

_:224d8c2b-6d26-4db3-95e2-1f0c0cbbe4fc a essentia:DerivativeVariance ;
    afo:value 1.250155e-18 .

_:227abf14-d1a0-4189-9787-55c110d3b2db rdf:first 1 ;
    rdf:rest ( 1 1 1 1 1 1 1 1 1 1 1 1 1 1 1 1 1 1 1 1 1 1 1 1 1 1 1 1 1 1 1 1 1 1 1 ) .

_:22bcebaa-78c0-4d7d-9225-fec4068c42e7 a essentia:THPCP ;
    event:time _:0da289b2-6323-4fbd-934d-a5b0a382a260 ;
    afo:value ( 1 5.821046e-01 3.074909e-01 3.877532e-01 2.554099e-01 2.007825e-01 2.500071e-01 2.520601e-01 5.491568e-01 7.054838e-01 3.659421e-01 1.80174e-01 2.060281e-01 2.270402e-01 5.343754e-01 7.834973e-01 4.641064e-01 1.854387e-01 1.728654e-01 1.457018e-01 3.041767e-01 4.420655e-01 2.963463e-01 4.200824e-01 6.714345e-01 4.11337e-01 1.43035e-01 1.528357e-01 1.562018e-01 3.60019e-01 5.760221e-01 3.735059e-01 2.033171e-01 2.342904e-01 2.279499e-01 6.396938e-01 ) .

_:22d8e6e4-4f6a-4b7d-9e23-27255ccca39b a essentia:Maximum ;
    afo:value 2.958539e+01 .

_:22d9e924-e3ca-4481-86b8-3736898ef5f1 a essentia:EqualTemperedDeviation ;
    event:time _:0da289b2-6323-4fbd-934d-a5b0a382a260 ;
    afo:value 1.712387e-02 .

_:255beac9-ff9a-44f7-b222-0a529f16e63f a essentia:SecondDerivativeVariance ;
    afo:values ( 3.132694e-09 1.556297e-06 8.27231e-06 1.255825e-06 4.270053e-06 5.460225e-06 3.97471e-06 9.929688e-06 4.068463e-06 2.415987e-06 7.692742e-07 6.382628e-07 7.466133e-07 9.277453e-07 1.187817e-06 8.396974e-07 1.236356e-06 2.229776e-07 2.937346e-07 2.448085e-07 1.24882e-08 5.657283e-09 1.843369e-09 6.58063e-10 6.693291e-10 7.74593e-10 7.805713e-10 ) .

_:2735935a-0161-4879-927c-99cd46929e3f a essentia:SilenceRate ;
    event:time _:0da289b2-6323-4fbd-934d-a5b0a382a260 ;
    afo:computed_by _:LowLevelExtractor ;
    afo:feature _:20757377-3e0e-4aba-a4ca-a29832b744db,
        [ a essentia:Median ;
            afo:value 0 ],
        [ a essentia:DerivativeVariance ;
            afo:value 1.802673e-03 ],
        [ a essentia:SecondDerivativeMean ;
            afo:value 3.612554e-03 ],
        [ a essentia:DerivativeMean ;
            afo:value 1.806073e-03 ],
        [ a essentia:Variance ;
            afo:value 3.773428e-02 ],
        [ a essentia:Minimum ;
            afo:value 0 ],
        [ a essentia:Maximum ;
            afo:value 1 ],
        [ a essentia:SecondDerivativeVariance ;
            afo:value 4.276834e-03 ] .

_:27461fde-f9b1-4178-b6f6-21bb61cbfa6a a essentia:SecondDerivativeMean ;
    afo:values ( 3.729752e-05 6.356487e-04 1.054547e-03 6.063461e-04 1.066752e-03 1.271308e-03 1.157501e-03 1.230334e-03 7.102115e-04 5.351696e-04 2.681202e-04 4.069805e-04 3.859193e-04 5.043144e-04 4.539077e-04 4.424748e-04 5.404267e-04 2.968529e-04 3.509934e-04 3.39414e-04 8.134277e-05 4.94608e-05 2.649387e-05 1.586383e-05 1.312923e-05 1.362506e-05 1.081027e-05 ) .

_:27a58291-d343-4626-b04d-4dd2094f4cd8 a essentia:SecondDerivativeVariance ;
    afo:value 6.497924e-03 .

_:27cd436a-f374-4cfa-8e85-a0d2633bf455 rdf:first 1.909896e-02 ;
    rdf:rest ( 2.192205e-02 2.726638e-02 2.851414e-02 1.675383e-02 1.293566e-02 1.187844e-02 1.639549e-02 1.984686e-02 2.922807e-02 2.09943e-02 1.070109e-02 9.664067e-03 1.040708e-02 1.27664e-02 1.777521e-02 1.413663e-02 1.71747e-02 2.370741e-02 1.773189e-02 4.821018e-03 8.154375e-03 1.444437e-02 1.313793e-02 2.519996e-02 1.862112e-02 1.203023e-02 1.681708e-02 1.552505e-02 2.094835e-02 3.168814e-02 2.502797e-02 1.881772e-02 2.818099e-02 2.063941e-02 1.598396e-02 ) .

_:27f1f94b-9266-4952-888d-030f104288ff a essentia:SecondDerivativeVariance ;
    afo:value 1.085624e+05 .

_:27f53e48-ad0f-47ee-9bd6-07cd16dcd47b rdf:first 3.012588e-01 ;
    rdf:rest ( 4.906175e+00 5.063368e+01 3.010736e+01 9.093797e+01 2.012414e+02 2.077014e+02 4.512212e+02 6.416504e+02 7.901158e+02 8.790195e+02 1.117702e+03 1.269721e+03 7.395309e+02 2.031476e+03 6.346068e+02 7.154946e+02 1.429283e+03 9.41644e+02 1.052712e+03 1.440978e+03 1.716826e+03 6.210572e+02 4.654686e+02 5.838204e+02 6.424698e+02 1.027282e+02 7.608063e+01 4.573197e+01 2.805837e+01 1.778765e+01 5.64145e+00 6.433809e+00 3.896413e+00 2.043727e+00 1.115279e+00 6.001803e-01 3.078276e-01 5.52961e-02 3.15285e-03 ) .

_:280c38e2-abbb-449f-871b-809be2823ee7 a essentia:Maximum ;
    afo:value 9.813084e-02 .

_:28307b70-a19b-47c1-ad58-cde808a9cb5d a essentia:Variance ;
    afo:value 1.658342e+01 .

_:2949943b-a675-4c01-9d06-e494708e15fb a essentia:Median ;
    afo:value 1.123337e-01 .

_:2a35eb91-4933-439d-b3d3-f22a58d3aab2 a essentia:SecondDerivativeVariance ;
    afo:value 7.855998e-06 .

_:2ae0e0d7-848c-4d87-881c-307e63cf51bc a essentia:SpectralContrast ;
    event:time _:0da289b2-6323-4fbd-934d-a5b0a382a260 ;
    afo:computed_by _:LowLevelExtractor ;
    afo:feature _:1d696e2b-49d0-4933-9927-139ac55d2c9d,
        [ a essentia:SecondDerivativeMean ;
            afo:values ( 6.816326e-02 6.921437e-02 5.723788e-02 4.710029e-02 3.586689e-02 2.085491e-02 ) ],
        [ a essentia:Minimum ;
            afo:values ( -9.655895e-01 -9.888141e-01 -9.834083e-01 -9.918332e-01 -9.725381e-01 -9.6377e-01 ) ],
        [ a essentia:SecondDerivativeVariance ;
            afo:values ( 3.035005e-03 3.219378e-03 2.136186e-03 1.501249e-03 9.708615e-04 2.647168e-04 ) ],
        [ a essentia:Mean ;
            afo:values _:1defa711-7db2-4c88-95b2-79e29bec9d01 ],
        [ a essentia:Variance ;
            afo:values ( 6.50914e-03 8.770135e-03 4.501456e-03 4.359563e-03 3.381e-03 1.014921e-03 ) ],
        [ a essentia:Median ;
            afo:values ( -6.336611e-01 -6.789238e-01 -7.393674e-01 -7.042698e-01 -7.284579e-01 -7.553498e-01 ) ],
        [ a essentia:DerivativeVariance ;
            afo:values ( 1.097353e-03 1.265752e-03 8.125237e-04 6.100157e-04 4.095254e-04 1.003536e-04 ) ],
        [ a essentia:Maximum ;
            afo:values ( -3.488789e-01 -3.630105e-01 -4.356137e-01 -4.904637e-01 -5.334844e-01 -6.705427e-01 ) ] .

_:2b974317-9bb6-463d-9cf0-938cade5ce13 a essentia:Centroid ;
    event:time _:0da289b2-6323-4fbd-934d-a5b0a382a260 ;
    afo:computed_by _:LowLevelExtractor ;
    afo:feature _:1a018b3f-21dd-4048-bafb-591cc25fdf17,
        _:27f1f94b-9266-4952-888d-030f104288ff,
        [ a essentia:Maximum ;
            afo:value 1.091382e+04 ],
        [ a essentia:DerivativeVariance ;
            afo:value 5.966401e+04 ],
        [ a essentia:Median ;
            afo:value 1.621345e+03 ],
        [ a essentia:SecondDerivativeMean ;
            afo:value 2.993965e+02 ],
        [ a essentia:Minimum ;
            afo:value 3.007994e+02 ],
        [ a essentia:Mean ;
            afo:value 1.67467e+03 ],
        [ a essentia:Variance ;
            afo:value 4.265804e+05 ] .

_:2bd7daae-a9b2-485c-bc02-f72f249394d7 a essentia:Maximum ;
    afo:value 6.024846e-01 .

_:2be490cb-c34b-4d1e-b7a4-1e4add870471 a essentia:Variance ;
    afo:value 1.472929e-04 .

_:2cc5aaab-f451-42a5-a4ca-254011833fae a essentia:SecondDerivativeMean ;
    afo:value 4.899418e+00 .

_:2ce1b4ef-f23c-4ed1-bd6c-fc1d9256a2d8 a essentia:Minimum ;
    afo:value 1 .

_:2cf50172-8308-49c5-b2bc-de2c89646929 a essentia:Skewness ;
    afo:feature _:1f0de2c8-13d1-4105-87e9-302d3a91b00c,
        [ a essentia:DerivativeMean ;
            afo:value 2.611685e-01 ],
        [ a essentia:SecondDerivativeMean ;
            afo:value 4.04847e-01 ],
        [ a essentia:Variance ;
            afo:value 4.896286e-01 ],
        [ a essentia:Mean ;
            afo:value 9.606992e-02 ],
        [ a essentia:SecondDerivativeVariance ;
            afo:value 1.512052e-01 ],
        [ a essentia:DerivativeVariance ;
            afo:value 6.496502e-02 ],
        [ a essentia:Maximum ;
            afo:value 3.616716e+00 ],
        [ a essentia:Minimum ;
            afo:value -2.855753e+00 ] .

_:2e058edc-dee8-4ade-97fe-9da40054819b a essentia:Mean ;
    afo:value 2.323205e+00 .

_:2e4d47e4-2dec-400f-91e9-a34c8bdcadf0 a essentia:Maximum ;
    afo:value 2.646933e+01 .

_:2ec0fa24-d69f-4640-907e-3154b24415e2 a essentia:SecondDerivativeVariance ;
    afo:value 6.203145e+01 .

_:2f4df5ea-416e-4580-9c6f-f6d2b924ec9f a essentia:ZeroCrossingRate ;
    event:time _:0da289b2-6323-4fbd-934d-a5b0a382a260 ;
    afo:computed_by _:LowLevelExtractor ;
    afo:feature _:130f9c0c-567f-4221-82f9-c82a7fdc4084,
        _:1adf2531-68b4-4256-97b1-004fb3f07abc,
        [ a essentia:Maximum ;
            afo:value 5.009766e-01 ],
        [ a essentia:SecondDerivativeVariance ;
            afo:value 7.950645e-05 ],
        [ a essentia:Variance ;
            afo:value 7.872396e-04 ],
        [ a essentia:Mean ;
            afo:value 6.687976e-02 ],
        [ a essentia:Minimum ;
            afo:value 0 ],
        [ a essentia:DerivativeVariance ;
            afo:value 7.391596e-05 ],
        [ a essentia:Median ;
            afo:value 6.542969e-02 ] .

_:2f76eb0d-f7bb-43dc-984b-776fb8a8559a a essentia:DerivativeVariance ;
    afo:value 0 .

_:30142fee-2e7f-4446-90f6-2644d45b43b2 a essentia:Maximum ;
    afo:value 7.07613e-03 .

_:31a8a487-9649-4311-95a2-4ec6240ba82d a essentia:Median ;
    afo:value 3.854702e+06 .

_:31c0b497-228c-4325-a9b9-364c35cfaa25 a essentia:SilenceRate ;
    event:time _:0da289b2-6323-4fbd-934d-a5b0a382a260 ;
    afo:computed_by _:LowLevelExtractor ;
    afo:feature _:045c0ba3-6b97-4487-be5b-063fcf3ec965,
        _:13f5292f-4bf9-49dc-a999-b50031f0a372,
        [ a essentia:DerivativeMean ;
            afo:value 0 ],
        [ a essentia:Maximum ;
            afo:value 1 ],
        [ a essentia:SecondDerivativeVariance ;
            afo:value 0 ],
        [ a essentia:SecondDerivativeMean ;
            afo:value 0 ],
        [ a essentia:Median ;
            afo:value 1 ],
        [ a essentia:Mean ;
            afo:value 1 ],
        [ a essentia:Variance ;
            afo:value 0 ] .

_:327f08f7-40b2-4a4d-879f-13c9f3b2ac74 a essentia:MelBands ;
    event:time _:0da289b2-6323-4fbd-934d-a5b0a382a260 ;
    afo:computed_by _:LowLevelExtractor ;
    afo:feature [ a essentia:Skewness ;
            afo:feature _:03a5fce2-c7ff-4bde-8ed9-afc7082d1f48,
                _:19f958f1-12d2-4683-a890-da7832d1b43c,
                _:2e058edc-dee8-4ade-97fe-9da40054819b,
                [ a essentia:SecondDerivativeVariance ;
                    afo:value 5.254488e+00 ],
                [ a essentia:Variance ;
                    afo:value 1.293925e+01 ],
                [ a essentia:SecondDerivativeMean ;
                    afo:value 8.32289e-01 ],
                [ a essentia:DerivativeMean ;
                    afo:value 5.57391e-01 ],
                [ a essentia:Minimum ;
                    afo:value -1.231878e+00 ],
                [ a essentia:Maximum ;
                    afo:value 7.467036e+01 ] ] .

_:32e82d01-0093-4dbb-af22-87e3fe0accfb a essentia:SecondDerivativeVariance ;
    afo:value 0 .

_:33b5d29f-d39a-46b7-af2e-59e30e0f5b08 a essentia:Minimum ;
    afo:value -1.653569e+00 .

_:34d680cd-ee8d-4cb7-8edb-69c6a44f169c a essentia:Maximum ;
    afo:value 1.404792e+02 .

_:3598c68d-6d70-4884-aa95-2f969f956851 a essentia:Minimum ;
    afo:value 2.73045e-02 .

_:365bf3b7-3048-4353-8eaf-fc5a3056c18b a essentia:DerivativeVariance ;
    afo:value 5.098344e-05 .

_:36b38e8e-0bdd-4f80-8b93-55d7d15848ef a essentia:Maximum ;
    afo:value 38 .

_:37e5180d-3f3b-4374-8472-685c55f5d04d a essentia:HPCP ;
    event:time _:0da289b2-6323-4fbd-934d-a5b0a382a260 ;
    afo:computed_by _:LowLevelExtractor ;
    afo:feature [ a essentia:Mean ;
            afo:values ( 8.537196e-02 8.607303e-02 1.87525e-01 2.409073e-01 1.249612e-01 6.152549e-02 7.035408e-02 7.752926e-02 1.824775e-01 2.675472e-01 1.584822e-01 6.332326e-02 5.902977e-02 4.975396e-02 1.038697e-01 1.509557e-01 1.011958e-01 1.43449e-01 2.292802e-01 1.404626e-01 4.884332e-02 5.219005e-02 5.33395e-02 1.229386e-01 1.96699e-01 1.275441e-01 6.942833e-02 8.000505e-02 7.783991e-02 2.184415e-01 3.414781e-01 1.98776e-01 1.050014e-01 1.324092e-01 8.72169e-02 6.856284e-02 ) ],
        [ a essentia:SecondDerivativeVariance ;
            afo:values ( 4.800593e-02 5.93602e-02 6.98064e-02 6.231833e-02 4.292211e-02 3.701614e-02 3.142356e-02 4.242637e-02 4.710385e-02 6.37036e-02 4.918648e-02 2.816397e-02 2.498478e-02 2.818235e-02 3.056859e-02 3.897445e-02 3.518474e-02 3.964233e-02 4.911037e-02 3.964221e-02 1.18199e-02 2.050868e-02 4.088785e-02 3.111374e-02 5.028778e-02 4.448365e-02 2.940727e-02 3.865123e-02 4.066134e-02 5.102441e-02 6.842168e-02 6.060395e-02 5.138063e-02 7.293032e-02 5.295415e-02 4.083078e-02 ) ],
        [ a essentia:Maximum ;
            afo:values _:227abf14-d1a0-4189-9787-55c110d3b2db ],
        [ a essentia:Minimum ;
            afo:values [ rdf:first 0 ;
                    rdf:rest [ rdf:first 0 ;
                            rdf:rest [ rdf:first 0 ;
                                    rdf:rest [ rdf:first 0 ;
                                            rdf:rest [ rdf:first 0 ;
                                                    rdf:rest [ rdf:first 0 ;
                                                            rdf:rest [ rdf:first 0 ;
                                                                    rdf:rest [ rdf:first 0 ;
                                                                            rdf:rest [ rdf:first 0 ;
                                                                                    rdf:rest [ rdf:first 0 ;
                                                                                            rdf:rest [ rdf:first 0 ;
                                                                                                    rdf:rest [ rdf:first 0 ;
                                                                                                            rdf:rest [ rdf:first 0 ;
                                                                                                                    rdf:rest [ rdf:first 0 ;
                                                                                                                            rdf:rest [ rdf:first 0 ;
                                                                                                                                    rdf:rest [ rdf:first 0 ;
                                                                                                                                            rdf:rest [ rdf:first 0 ;
