@prefix afo: <https://w3id.org/afo/onto/1.1#> .
@prefix dc: <http://purl.org/dc/elements/1.1/> .
@prefix essentia: <http://sovarr.c4dm.eecs.qmul.ac.uk/af/essentia/> .
@prefix event: <http://purl.org/NET/c4dm/event.owl#> .
@prefix foaf: <http://xmlns.com/foaf/0.1/> .
@prefix mo: <http://purl.org/ontology/mo/> .
@prefix rdf: <http://www.w3.org/1999/02/22-rdf-syntax-ns#> .
@prefix rdfs: <http://www.w3.org/2000/01/rdf-schema#> .
@prefix tl: <http://purl.org/NET/c4dm/timeline.owl#> .
@prefix xml: <http://www.w3.org/XML/1998/namespace> .
@prefix xsd: <http://www.w3.org/2001/XMLSchema#> .

<http://musicbrainz.org/artist/c21079cc-d0a8-4d21-a488-2bfdd5904b34> a mo:MusicArtist .

<http://musicbrainz.org/release/4fa301c1-79d8-4f7e-91c1-a9b479bd69e5> a mo:Release ;
    dc:date "1996-02" ;
    dc:title "De posse: Deel twee" ;
    mo:catalogue_number "DJAX-10022" ;
    mo:publisher [ a mo:Label ;
            foaf:name "Djax Records" ] ;
    mo:publishing_location "NL" ;
    mo:release_status mo:official ;
    mo:release_type mo:album ;
    mo:track <http://musicbrainz.org/recording/403b1093-3d90-4548-8ede-f7bd0ac3c962> ;
    foaf:maker <http://musicbrainz.org/artist/89ad4ac3-39f7-470e-963a-56509c546377> .

<07+Bitchez+&+Cream+-+De+posse_+Deel+twee+-+Reputatiehoer.mp3> a mo:AudioFile ;
    mo:encodes [ a essentia:Signal ;
            mo:sample_rate "44100"^^xsd:interger ;
            mo:time _:1a40c3f0-51e8-4c40-8411-b010f0422375 ;
            essentia:bit_rate "112000"^^xsd:float ;
            essentia:codec "mp3"^^xsd:string ;
            essentia:downmix "mix"^^xsd:string ;
            essentia:equal_loudness "0"^^xsd:float ;
            essentia:lossless false ;
            essentia:md5_encoded "f0e4b9e6e921c4da56fbd95d2f657cb2"^^xsd:string ;
            essentia:replay_gain "-9.45090103149"^^xsd:float ] .

<http://musicbrainz.org/artist/89ad4ac3-39f7-470e-963a-56509c546377> a mo:MusicArtist ;
    foaf:name "Bitchez & Cream",
        "Various Artists" .

<http://musicbrainz.org/recording/403b1093-3d90-4548-8ede-f7bd0ac3c962> a mo:Track ;
    dc:title "Reputatiehoer" ;
    mo:available_as <07+Bitchez+&+Cream+-+De+posse_+Deel+twee+-+Reputatiehoer.mp3> ;
    mo:genre [ a mo:Genre ] ;
    mo:track_number "7/18" .

[] a essentia:VersionInfo .

_:00334d08-df17-46a2-bd87-b117b9be118c a essentia:Maximum ;
    afo:value 4.084386e+01 .

_:0077470c-5f98-43af-9afe-be7fa9583327 a essentia:DerivativeVariance ;
    afo:value 7.110149e-01 .

_:00dd80e3-28b5-4e34-98a4-591351a1c697 a essentia:DerivativeVariance ;
    afo:values ( 2.669154e-03 3.965571e-03 2.658437e-03 2.084245e-03 1.15335e-03 6.15543e-04 ) .

_:00fb8231-2249-45ad-b239-c43aee916526 a essentia:Median ;
    afo:value 2.158702e-02 .

_:0132d1ce-05e8-4aae-a1ce-6c83df1b07f5 a essentia:DerivativeVariance ;
    afo:value 0 .

_:0190631c-7490-42db-8804-602160e3557c a essentia:Mean ;
    afo:values ( -7.077242e+02 9.856533e+01 1.730126e+01 1.801167e+01 1.287904e+01 4.562785e+00 8.734945e+00 6.736e+00 6.681208e+00 8.740066e+00 3.088492e+00 9.614635e+00 3.04344e+00 ) .

_:01ae1dd6-9fcc-4335-8b7c-6474b049725d a essentia:Minimum ;
    afo:value 1 .

_:01fe132a-358c-4679-bae8-0c3e6d0aadac a essentia:SecondDerivativeVariance ;
    afo:values ( 6.245577e-07 7.154968e-04 1.365899e-04 4.555318e-06 3.938267e-06 1.313013e-05 1.805229e-05 1.324264e-05 2.312117e-05 3.504378e-05 2.398817e-05 1.015087e-05 4.354215e-06 2.315691e-06 7.513114e-06 3.265896e-06 1.453587e-06 4.64861e-07 4.441091e-07 3.02462e-07 3.595126e-07 1.85469e-07 1.851367e-07 2.071938e-07 1.34331e-07 1.340564e-08 2.784613e-17 ) .

_:0228e3cd-f9a0-4c19-a066-3c939314d44b rdf:first 13 ;
    rdf:rest ( 13 ) .

_:02e062f0-f30c-4d37-ad91-7239a30536a8 a essentia:Median ;
    afo:value 4.570427e-01 .

_:0445e8fe-7adc-4416-9217-4c503545035d a essentia:SecondDerivativeMean ;
    afo:value 6.240198e-02 .

_:04895441-e0fa-4d50-aedf-ae9fd289e58a a essentia:Maximum ;
    afo:value 3.526459e+03 .

_:0492f883-f9bf-4ae0-9de2-179783aeee0f a essentia:Minimum ;
    afo:value 1.002882e-20 .

_:05032e78-2c21-4b4b-b8e4-237c6c21dda9 a essentia:SecondDerivativeMean ;
    afo:values ( 8.045035e-01 9.62905e-01 7.925476e-01 7.892119e-01 7.456642e-01 8.2867e-01 ) .

_:058e43d2-b278-4f05-935e-f5e9a8252a45 a essentia:Maximum ;
    afo:value 1.151643e-01 .

_:05e369da-8908-45da-aa8f-a2ffacb63988 a essentia:SecondDerivativeVariance ;
    afo:value 7.321263e-05 .

_:06854c8c-7d1e-4663-ad61-828d2eef9e79 a essentia:SecondDerivativeMean ;
    afo:value 1.356156e+03 .

_:06cb2db4-195c-4c44-b858-8ce0deeb669b a essentia:Maximum ;
    afo:value 1.264425e+01 .

_:0758eacd-1114-4605-8063-f9698c5bde08 a essentia:DerivativeVariance ;
    afo:values ( 3.327015e-07 4.088057e-04 6.5897e-05 1.673864e-06 1.908097e-06 5.772778e-06 6.846925e-06 5.392453e-06 1.009447e-05 1.473769e-05 1.129496e-05 4.802343e-06 1.85243e-06 9.870928e-07 2.902906e-06 1.26706e-06 6.520829e-07 2.131774e-07 2.040313e-07 1.573364e-07 1.926385e-07 1.156514e-07 1.117105e-07 1.229305e-07 7.00213e-08 6.801217e-09 8.503574e-18 ) .

_:078025d7-5254-49ad-bf06-a3d1695c309b a essentia:Mean ;
    afo:value 5.093688e+01 .

_:0816bee4-7aa8-4958-aa19-4379dd77b355 a essentia:Maximum ;
    afo:value 1.968135e+04 .

_:086ffbc8-c8cb-4661-9faa-0c298afd7dc5 a essentia:Maximum ;
    afo:value 9.823218e+00 .

_:08dece55-c4b2-4272-8b3b-dc2f23a3dfd8 a essentia:Spread ;
    afo:feature [ a essentia:Maximum ;
            afo:value 2.707752e+02 ],
        [ a essentia:Minimum ;
            afo:value 1.343405e-01 ],
        [ a essentia:Mean ;
            afo:value 2.249532e+01 ],
        [ a essentia:DerivativeVariance ;
            afo:value 3.854781e+02 ],
        [ a essentia:Median ;
            afo:value 1.25274e+01 ],
        [ a essentia:SecondDerivativeMean ;
            afo:value 1.720704e+01 ],
        [ a essentia:SecondDerivativeVariance ;
            afo:value 8.102522e+02 ],
        [ a essentia:DerivativeMean ;
            afo:value 1.148723e+01 ],
        [ a essentia:Variance ;
            afo:value 8.618439e+02 ] .

_:092b8160-ea09-4b7a-b077-942a84da6ca0 rdf:first 1.592971e-06 ;
    rdf:rest ( 1.275255e-03 8.151869e-05 1.21247e-06 3.472769e-06 9.046636e-06 7.471267e-06 6.099904e-06 1.338964e-05 1.742777e-05 1.710003e-05 1.004503e-05 2.138338e-06 1.152274e-06 2.573403e-06 1.212949e-06 8.164794e-07 3.155615e-07 3.002958e-07 2.609218e-07 3.073651e-07 1.977623e-07 1.960573e-07 2.401459e-07 1.165877e-07 1.3687e-08 7.098957e-18 ) .

_:096e1809-5e98-49a5-a984-d9d26b94b498 a essentia:Median ;
    afo:value 1.591051e+00 .

_:09c17346-a7f7-4a43-9b8a-46394cdd8ca0 a essentia:Median ;
    afo:value 2.636354e-01 .

_:09e73e7f-14a8-4b8d-9f84-56d224b52a5f a essentia:SecondDerivativeMean ;
    afo:value 1.560419e-02 .

_:0b7eaf33-9419-4719-aad8-9ea527715fc3 a essentia:DerivativeVariance ;
    afo:value 3.160762e+02 .

_:0bcb5aa9-ed18-402e-88e0-d22488735c2a a essentia:Minimum ;
    afo:value 0 .

_:0c32988d-abb9-40d1-b783-9efc3918d926 a essentia:DerivativeVariance ;
    afo:values ( 4.772634e-01 2.260483e+01 8.52104e+01 3.405547e+01 6.172162e+00 3.459751e+01 2.259585e+02 6.203729e+02 1.206903e+03 2.462698e+03 2.84756e+03 5.109087e+03 1.104625e+04 1.779913e+04 8.106049e+03 6.206937e+03 3.293814e+03 2.903092e+03 3.212985e+03 7.669848e+03 1.663123e+03 2.045011e+03 7.133201e+02 8.803236e+02 2.301275e+02 3.279782e+02 3.396208e+02 3.57355e+02 2.075357e+02 1.344079e+02 1.015974e+02 6.099249e+01 3.577473e+01 8.331887e+00 6.600329e+00 2.716824e-01 2.033354e-02 2.120035e-04 6.072043e-08 8.899483e-10 ) .

_:0c4fb832-4f0e-4369-b75a-3c618bf3de50 rdf:first -7.918439e+00 ;
    rdf:rest ( -7.881718e+00 -8.308344e+00 -8.584314e+00 -8.423792e+00 -1.036047e+01 ) .

_:0dd89cfc-44cc-4cb3-8a61-db618661e87a a essentia:DerivativeVariance ;
    afo:value 5.92409e-04 .

_:0f36b0de-348f-4728-9373-68e2de114e67 a essentia:KeyStrength ;
    event:time _:1a40c3f0-51e8-4c40-8411-b010f0422375 ;
    afo:value 6.339725e-01 .

_:1030d8b5-efd8-47ad-a60a-9f3d47be8dec rdf:first -8.184064e+00 ;
    rdf:rest ( -8.021464e+00 -8.517357e+00 -8.714788e+00 -8.547329e+00 -1.053474e+01 ) .

_:1051e9e4-081d-42f4-af3a-6da3c86b3a10 a essentia:Mean ;
    afo:value 1 .

_:10ff5ac9-cfc1-4d5f-b9d3-8a371cafec36 a essentia:Minimum ;
    afo:value 0 .

_:12173612-2b05-4375-b7b6-a26ef73ce76a a essentia:SecondDerivativeVariance ;
    afo:value 0 .

_:124b7126-3084-4cc1-b507-b00e9815c647 a essentia:DerivativeVariance ;
    afo:value 8.512144e+00 .

_:128ea091-8b45-45d4-b6b0-6330c8c2f33f a essentia:SecondDerivativeVariance ;
    afo:value 3.475247e-06 .

_:12b48038-ba5a-4f58-a46b-339e8012c44a a essentia:Mean ;
    afo:value 6.288998e-03 .

_:131b55f5-460e-4dd4-9726-b9fdf0d70096 a essentia:DerivativeVariance ;
    afo:value 1.837442e+04 .

_:132f5088-5fa3-4686-bacf-d51af3232dc3 a essentia:Maximum ;
    afo:values ( -2.956407e-01 -3.247398e-01 -3.715771e-01 -4.523343e-01 -5.137179e-01 -5.88248e-01 ) .

_:136210f6-49f8-4952-8e58-fadd35dc8151 a essentia:Mean ;
    afo:value 0 .

_:13a52e46-93a2-4b39-96db-b90a84e22718 a essentia:Dissonance ;
    event:time _:1a40c3f0-51e8-4c40-8411-b010f0422375 ;
    afo:computed_by _:LowLevelExtractor ;
    afo:feature _:02e062f0-f30c-4d37-ad91-7239a30536a8,
        [ a essentia:Maximum ;
            afo:value 5.000001e-01 ],
        [ a essentia:Minimum ;
            afo:value 1.515726e-01 ],
        [ a essentia:DerivativeVariance ;
            afo:value 1.183403e-03 ],
        [ a essentia:SecondDerivativeVariance ;
            afo:value 2.983359e-03 ],
        [ a essentia:Variance ;
            afo:value 2.47829e-03 ],
        [ a essentia:Mean ;
            afo:value 4.432418e-01 ],
        [ a essentia:DerivativeMean ;
            afo:value 3.260615e-02 ],
        [ a essentia:SecondDerivativeMean ;
            afo:value 5.356701e-02 ] .

_:145927be-7c09-4e94-b9ba-a08a32038123 a essentia:Median ;
    afo:value 5.559573e-01 .

_:149df42f-a834-4ff5-8983-f07a4a521151 a essentia:Mean ;
    afo:value 4.234973e+00 .

_:14a0cc14-901c-43e8-bc52-54f04b397c7f a essentia:Minimum ;
    afo:values ( -2.804704e+01 -2.800025e+01 -2.7704e+01 -2.771689e+01 -2.755414e+01 -2.738063e+01 ) .

_:1503caca-277c-4537-b64e-f7c4e632cbd5 a essentia:DerivativeVariance ;
    afo:value 9.966837e-04 .

_:1515e592-9043-4239-a8ed-2149b4d6b793 rdf:first -6.666626e-01 ;
    rdf:rest ( -6.805972e-01 -7.321079e-01 -7.618345e-01 -7.762862e-01 -7.876328e-01 ) .

_:15acb43f-c080-452c-9e04-ff94cbd096d1 a essentia:DerivativeVariance ;
    afo:value 2.72754e+05 .

_:15c38c6c-cfb9-4cff-ac7d-f054771ed671 a essentia:Mean ;
    afo:value 4.386212e+01 .

_:169cd4f8-4421-420b-9080-04f48ed1a8e7 a essentia:Maximum ;
    afo:value 5.219727e-01 .

_:16ade144-ff87-4ee0-a9cb-aa91acd6d6f4 a essentia:Maximum ;
    afo:values ( 9.990733e-01 9.806886e-01 7.649042e-01 8.230457e-01 4.516597e-01 6.882392e-01 ) .

_:16e17f9e-7b69-4229-81e7-d77ac5b0d529 a essentia:InverseCovariance ;
    afo:dimensions ( 13 13 ) ;
    afo:values ( 1.185441e-04 9.24113e-06 9.556276e-05 3.273183e-05 6.077288e-05 1.56308e-05 7.733254e-05 -8.098612e-05 8.82427e-06 -1.63033e-04 -1.433291e-05 -1.287666e-04 7.759613e-05 9.24113e-06 6.078167e-04 -5.62643e-05 8.980396e-05 -1.452731e-04 2.720015e-04 -3.754923e-04 2.590789e-04 2.148286e-05 -6.992614e-05 9.864631e-05 -3.269468e-04 2.157462e-04 9.556276e-05 -5.62643e-05 9.770546e-04 -4.380328e-04 -7.114629e-05 -6.312401e-04 4.901544e-04 -5.801183e-04 8.458142e-04 2.172884e-05 -6.314088e-04 9.285119e-05 -2.636139e-04 3.273183e-05 8.980396e-05 -4.380328e-04 2.913109e-03 -1.862537e-03 1.134255e-03 -6.176279e-04 6.449606e-04 -1.399495e-03 4.857314e-05 4.647557e-04 -7.733412e-04 -3.758537e-04 6.077288e-05 -1.452731e-04 -7.114629e-05 -1.862537e-03 4.35308e-03 -2.171476e-03 1.568942e-03 -1.008624e-03 -7.144518e-04 -7.555798e-04 5.84277e-04 -3.250611e-04 -2.233782e-04 1.56308e-05 2.720015e-04 -6.312401e-04 1.134255e-03 -2.171476e-03 5.630292e-03 -2.919959e-03 2.394922e-04 -2.631011e-04 1.434068e-04 -1.914382e-03 1.770868e-03 8.215455e-04 7.733254e-05 -3.754923e-04 4.901544e-04 -6.176279e-04 1.568942e-03 -2.919959e-03 5.675739e-03 -3.459123e-03 1.50045e-03 -2.111031e-03 1.018946e-03 -1.723736e-03 1.974304e-04 -8.098612e-05 2.590789e-04 -5.801183e-04 6.449606e-04 -1.008624e-03 2.394922e-04 -3.459123e-03 9.266714e-03 -5.437742e-03 2.517625e-03 -1.046634e-03 6.468653e-04 -1.122233e-03 8.82427e-06 2.148286e-05 8.458142e-04 -1.399495e-03 -7.144518e-04 -2.631011e-04 1.50045e-03 -5.437742e-03 1.139253e-02 -5.448792e-03 1.389291e-03 -7.407812e-04 1.016224e-03 -1.63033e-04 -6.992614e-05 2.172884e-05 4.857314e-05 -7.555798e-04 1.434068e-04 -2.111031e-03 2.517625e-03 -5.448792e-03 1.175271e-02 -5.320921e-03 2.661815e-03 -4.775914e-04 -1.433291e-05 9.864631e-05 -6.314088e-04 4.647557e-04 5.84277e-04 -1.914382e-03 1.018946e-03 -1.046634e-03 1.389291e-03 -5.320921e-03 1.161038e-02 -5.382275e-03 7.072309e-04 -1.287666e-04 -3.269468e-04 9.285119e-05 -7.733412e-04 -3.250611e-04 1.770868e-03 -1.723736e-03 6.468653e-04 -7.407812e-04 2.661815e-03 -5.382275e-03 1.285445e-02 -4.752045e-03 7.759613e-05 2.157462e-04 -2.636139e-04 -3.758537e-04 -2.233782e-04 8.215455e-04 1.974304e-04 -1.122233e-03 1.016224e-03 -4.775914e-04 7.072309e-04 -4.752045e-03 1.014901e-02 ) .

_:186c7b7f-7fcd-4783-a58c-8b953b7be8b8 a essentia:SecondDerivativeMean ;
    afo:value 0 .

_:18dcc996-391e-40be-90d4-7f1dd7f0e78b a essentia:DerivativeMean ;
    afo:value 7.557714e-01 .

_:18eec453-9546-4f88-8853-2fe2d72e346b a essentia:Mean ;
    afo:value 1.251212e+01 .

_:1922b904-9f0c-479a-b9b4-960f9da14c98 a essentia:Maximum ;
    afo:value 2.062749e+02 .

_:194f80e9-33e6-43d9-9031-75dc404110b1 a essentia:SecondDerivativeMean ;
    afo:value 0 .

_:1aa8f3d2-fc60-4151-89e4-1de89422b141 a essentia:SecondDerivativeVariance ;
    afo:value 0 .

_:1acf6745-d59b-430b-a5ea-de40d1ae2081 a essentia:SecondDerivativeVariance ;
    afo:value 0 .

_:1b34f777-29b7-4602-8276-55cf1c4dff68 a essentia:Median ;
    afo:value 2.022171e+01 .

_:1bb334e5-b84a-4757-a45e-e971cda8b0e5 a essentia:Mean ;
    afo:value 1.162683e-01 .

_:1c48f463-bd66-4937-9639-c67943310f98 rdf:first 2.668224e-03 ;
    rdf:rest ( 2.439044e-03 4.433821e-04 9.603465e-05 1.817097e-04 2.136871e-04 1.872586e-04 1.773332e-04 1.591276e-04 1.605996e-04 1.757469e-04 1.404156e-04 8.637745e-05 6.689765e-05 6.772086e-05 3.984068e-05 3.116709e-05 3.291806e-05 4.810161e-05 3.226611e-05 1.480714e-05 1.813812e-05 1.644111e-05 9.37361e-06 1.135952e-05 4.606118e-06 5.451413e-06 5.050607e-06 5.581389e-06 3.162367e-06 4.263029e-06 2.699316e-06 2.291824e-06 2.453315e-06 2.352378e-06 2.145678e-06 1.858918e-06 1.88966e-06 1.524642e-06 1.060958e-06 ) .

_:1c4cc300-5b63-4caf-9983-1f8902e275c6 rdf:first 4.87619e-01 ;
    rdf:rest ( 9.98458e-01 1.509297e+00 1.985306e+00 2.484535e+00 3.018594e+00 3.552653e+00 4.086712e+00 4.632381e+00 5.17805e+00 5.723719e+00 6.269388e+00 6.815057e+00 7.349115e+00 7.894784e+00 8.428843e+00 8.974512e+00 9.520182e+00 1.006585e+01 1.061152e+01 1.114558e+01 1.169125e+01 1.222531e+01 1.277098e+01 1.331664e+01 1.386231e+01 1.439637e+01 1.494204e+01 1.548771e+01 1.602177e+01 1.656744e+01 1.711311e+01 1.764717e+01 1.819283e+01 1.87385e+01 1.928417e+01 1.982984e+01 2.03639e+01 2.090957e+01 2.145524e+01 2.19893e+01 2.252336e+01 2.306903e+01 2.361469e+01 2.417197e+01 2.470603e+01 2.524009e+01 2.577415e+01 2.631982e+01 2.686549e+01 2.741116e+01 2.795683e+01 2.850249e+01 2.904816e+01 2.958222e+01 3.011628e+01 3.066195e+01 3.120762e+01 3.175329e+01 3.229896e+01 3.284462e+01 3.339029e+01 3.392435e+01 3.445841e+01 3.500408e+01 3.554975e+01 3.609542e+01 3.664109e+01 3.717515e+01 3.772081e+01 3.826648e+01 3.880054e+01 3.934621e+01 3.989188e+01 4.042594e+01 4.097161e+01 4.151728e+01 4.205134e+01 4.25854e+01 4.313107e+01 4.367673e+01 4.42224e+01 4.476807e+01 4.531374e+01 4.585941e+01 4.639347e+01 4.692753e+01 4.74732e+01 4.801886e+01 4.855293e+01 4.909859e+01 4.964426e+01 5.020154e+01 5.07356e+01 5.126966e+01 5.181533e+01 5.2361e+01 5.290667e+01 5.345234e+01 5.398639e+01 5.454367e+01 5.507773e+01 5.561179e+01 5.614585e+01 5.669152e+01 5.723719e+01 5.778286e+01 5.832853e+01 5.88742e+01 5.941986e+01 5.995392e+01 6.048798e+01 6.103365e+01 6.157932e+01 6.211338e+01 6.265905e+01 6.320472e+01 6.373877e+01 6.428445e+01 6.483011e+01 6.537578e+01 6.592145e+01 6.645551e+01 6.700117e+01 6.754684e+01 6.80809e+01 6.862657e+01 6.917224e+01 6.971791e+01 7.026358e+01 7.079764e+01 7.134331e+01 7.188898e+01 7.242303e+01 7.29687e+01 7.351437e+01 7.404843e+01 7.45941e+01 7.513977e+01 7.567383e+01 7.62195e+01 7.676517e+01 7.731084e+01 7.785651e+01 7.839056e+01 7.893623e+01 7.94819e+01 8.001596e+01 8.057324e+01 8.11073e+01 8.164136e+01 8.217542e+01 8.272108e+01 8.326675e+01 8.381242e+01 8.435809e+01 8.490376e+01 8.544943e+01 8.598349e+01 8.651755e+01 8.706322e+01 8.760889e+01 8.815456e+01 8.868861e+01 8.923428e+01 8.977995e+01 9.032562e+01 9.085968e+01 9.139374e+01 9.195102e+01 9.248508e+01 9.303075e+01 9.357642e+01 9.411047e+01 9.465614e+01 9.520181e+01 9.574748e+01 9.629315e+01 9.682721e+01 9.736127e+01 9.790694e+01 9.845261e+01 9.898666e+01 9.953233e+01 1.00078e+02 1.006237e+02 1.011693e+02 1.017034e+02 1.022607e+02 1.027947e+02 1.033288e+02 1.038745e+02 1.044201e+02 1.049658e+02 1.055115e+02 1.060455e+02 1.065912e+02 1.071369e+02 1.076709e+02 1.08205e+02 1.087507e+02 1.092963e+02 1.09842e+02 1.103877e+02 1.109333e+02 1.11479e+02 1.120131e+02 1.125471e+02 1.130928e+02 1.136385e+02 1.141841e+02 1.147182e+02 1.152639e+02 1.157979e+02 1.163436e+02 1.168893e+02 1.174349e+02 1.179806e+02 1.185146e+02 1.190603e+02 1.19606e+02 1.2014e+02 1.206857e+02 1.212314e+02 1.21777e+02 1.223227e+02 1.228568e+02 1.234024e+02 1.239481e+02 1.244822e+02 1.250278e+02 1.255735e+02 1.261076e+02 1.266532e+02 1.271873e+02 1.27733e+02 1.282786e+02 1.288243e+02 1.293584e+02 1.29904e+02 1.304497e+02 1.309838e+02 1.315294e+02 1.320751e+02 1.326208e+02 1.331664e+02 1.337005e+02 1.342346e+02 1.347802e+02 1.353259e+02 1.358716e+02 1.364172e+02 1.369629e+02 1.375086e+02 1.380426e+02 1.385767e+02 1.391224e+02 1.39668e+02 1.402137e+02 1.407594e+02 1.412934e+02 1.418275e+02 1.423732e+02 1.429188e+02 1.434645e+02 1.440102e+02 1.445558e+02 1.450899e+02 1.456356e+02 1.461812e+02 1.467153e+02 1.47261e+02 1.478066e+02 1.483523e+02 1.488864e+02 1.49432e+02 1.499777e+02 1.505117e+02 1.510458e+02 1.515915e+02 1.521371e+02 1.526828e+02 1.532285e+02 1.537625e+02 1.543198e+02 1.548539e+02 1.553879e+02 1.55922e+02 1.564677e+02 1.570133e+02 1.57559e+02 1.581047e+02 1.586503e+02 1.59196e+02 1.597301e+02 1.602641e+02 1.608098e+02 1.613555e+02 1.619011e+02 1.624468e+02 1.629925e+02 1.635381e+02 1.640722e+02 1.646063e+02 1.651519e+02 1.656976e+02 1.662433e+02 1.667889e+02 1.67323e+02 1.678571e+02 1.684027e+02 1.689484e+02 1.69494e+02 1.700397e+02 1.705738e+02 1.711194e+02 1.716651e+02 1.721992e+02 1.727448e+02 1.732905e+02 1.738246e+02 1.743702e+02 1.749043e+02 1.7545e+02 1.760072e+02 1.765413e+02 1.77087e+02 1.776326e+02 1.781667e+02 1.787124e+02 1.79258e+02 1.797921e+02 1.803378e+02 1.808834e+02 1.814175e+02 1.819632e+02 1.825088e+02 1.830545e+02 1.836002e+02 1.841342e+02 1.846799e+02 1.852256e+02 1.857596e+02 1.862937e+02 1.868394e+02 1.87385e+02 1.879307e+02 1.884764e+02 1.890104e+02 1.895561e+02 1.900901e+02 1.906358e+02 1.911815e+02 1.917272e+02 1.922728e+02 1.928185e+02 1.933526e+02 1.938866e+02 1.944207e+02 1.94978e+02 1.955236e+02 1.960693e+02 1.966033e+02 1.97149e+02 1.976947e+02 1.982287e+02 1.987744e+02 1.993201e+02 1.998658e+02 2.004114e+02 2.009455e+02 2.014911e+02 2.020368e+02 2.025709e+02 2.031165e+02 2.036622e+02 2.042079e+02 2.047536e+02 2.052876e+02 2.058217e+02 2.063673e+02 2.06913e+02 2.074587e+02 2.080043e+02 2.085384e+02 2.090725e+02 2.096181e+02 2.101638e+02 2.107211e+02 2.112551e+02 2.117892e+02 2.123233e+02 2.128689e+02 2.134146e+02 2.139603e+02 2.145059e+02 2.150516e+02 2.155973e+02 2.161313e+02 2.16677e+02 2.172227e+02 2.177567e+02 2.183024e+02 2.188481e+02 2.193937e+02 2.199394e+02 2.204735e+02 2.210075e+02 2.215532e+02 2.220989e+02 2.226329e+02 2.231786e+02 2.237243e+02 2.242699e+02 2.24804e+02 2.25338e+02 2.258837e+02 2.264294e+02 2.269751e+02 2.275207e+02 2.280664e+02 2.286004e+02 2.291229e+02 2.296686e+02 2.302258e+02 2.307715e+02 2.313172e+02 2.318512e+02 2.324085e+02 2.329426e+02 2.334766e+02 2.340107e+02 2.345564e+02 2.35102e+02 2.356477e+02 2.361934e+02 2.367507e+02 2.372847e+02 2.378188e+02 2.383644e+02 2.389101e+02 2.394442e+02 2.399898e+02 2.405355e+02 2.410696e+02 2.416036e+02 2.421493e+02 2.42695e+02 2.432522e+02 2.437166e+02 2.441578e+02 2.445874e+02 2.450402e+02 2.454349e+02 2.45818e+02 2.462012e+02 2.465959e+02 2.46979e+02 2.473622e+02 2.477453e+02 2.481517e+02 2.48558e+02 2.489644e+02 ) .

_:1cb1f353-0694-4863-bd5d-82230cdb6b3c rdf:first -6.703021e-01 ;
    rdf:rest ( -6.821406e-01 -7.508514e-01 -7.754873e-01 -7.822981e-01 -7.949553e-01 ) .

_:1d7eb6ad-017f-4e2f-85ec-124cacb13ccb a essentia:MFCC ;
    event:time _:1a40c3f0-51e8-4c40-8411-b010f0422375 ;
    afo:computed_by _:LowLevelExtractor ;
    afo:feature _:0190631c-7490-42db-8804-602160e3557c,
        _:16e17f9e-7b69-4229-81e7-d77ac5b0d529,
        [ a essentia:Covariance ;
            afo:dimensions ( 13 13 ) ;
            afo:values ( 1.054388e+04 -1.592208e+02 -1.633279e+03 -5.530752e+02 -5.409142e+02 -3.460345e+02 -9.568102e+01 -7.104665e+01 5.72364e+01 1.301519e+02 -2.490592e+00 3.903519e+01 -1.11181e+02 -1.592208e+02 1.785541e+03 3.085557e+01 -6.467813e+00 -1.016245e+01 -4.99983e+01 1.010653e+02 -3.587742e+01 -3.105644e+01 6.704455e+00 1.893772e+00 6.031479e+01 -6.752843e+00 -1.633279e+03 3.085557e+01 1.75346e+03 3.797793e+02 3.771376e+02 3.118667e+02 4.897879e+01 1.335386e+02 -5.375389e-01 3.389209e+01 1.505542e+02 4.716454e+01 8.155129e+01 -5.530752e+02 -6.467813e+00 3.797793e+02 7.398073e+02 4.136907e+02 4.464704e+01 2.594318e+01 1.067062e+02 1.668422e+02 7.241147e+01 2.656452e+01 7.282181e+01 7.736156e+01 -5.409142e+02 -1.016245e+01 3.771376e+02 4.136907e+02 5.86265e+02 2.153912e+02 4.666601e+01 1.4639e+02 1.685913e+02 1.003918e+02 5.388772e+01 2.540257e+01 3.61976e+01 -3.460345e+02 -4.99983e+01 3.118667e+02 4.464704e+01 2.153912e+02 4.481995e+02 2.289354e+02 1.417089e+02 8.034148e+01 9.879118e+01 9.809058e+01 -2.190031e+01 -2.734721e+01 -9.568102e+01 1.010653e+02 4.897879e+01 2.594318e+01 4.666601e+01 2.289354e+02 4.043413e+02 1.715058e+02 7.407185e+01 9.11873e+01 6.285497e+01 3.012837e+01 1.011027e+00 -7.104665e+01 -3.587742e+01 1.335386e+02 1.067062e+02 1.4639e+02 1.417089e+02 1.715058e+02 2.568205e+02 1.403021e+02 6.475864e+01 4.857892e+01 2.082929e+01 2.090539e+01 5.72364e+01 -3.105644e+01 -5.375389e-01 1.668422e+02 1.685913e+02 8.034148e+01 7.407185e+01 1.403021e+02 2.275453e+02 1.111737e+02 3.315683e+01 1.095148e+01 2.932272e+00 1.301519e+02 6.704455e+00 3.389209e+01 7.241147e+01 1.003918e+02 9.879118e+01 9.11873e+01 6.475864e+01 1.111737e+02 1.809366e+02 8.003755e+01 4.419657e+00 -4.101522e+00 -2.490592e+00 1.893772e+00 1.505542e+02 2.656452e+01 5.388772e+01 9.809058e+01 6.285497e+01 4.857892e+01 3.315683e+01 8.003755e+01 1.62173e+02 5.373462e+01 1.657326e+01 3.903519e+01 6.031479e+01 4.716454e+01 7.282181e+01 2.540257e+01 -2.190031e+01 3.012837e+01 2.082929e+01 1.095148e+01 4.419657e+00 5.373462e+01 1.369874e+02 6.589855e+01 -1.11181e+02 -6.752843e+00 8.155129e+01 7.736156e+01 3.61976e+01 -2.734721e+01 1.011027e+00 2.090539e+01 2.932272e+00 -4.101522e+00 1.657326e+01 6.589855e+01 1.39025e+02 ) ] .

_:1d826bf0-6b31-4c5f-8835-955cf3797269 a essentia:SilenceRate ;
    event:time _:1a40c3f0-51e8-4c40-8411-b010f0422375 ;
    afo:computed_by _:LowLevelExtractor ;
    afo:feature _:0bcb5aa9-ed18-402e-88e0-d22488735c2a,
        [ a essentia:Median ;
            afo:value 1 ],
        [ a essentia:SecondDerivativeVariance ;
            afo:value 1.128478e-01 ],
        [ a essentia:DerivativeMean ;
            afo:value 6.344186e-02 ],
        [ a essentia:Mean ;
            afo:value 9.080086e-01 ],
        [ a essentia:DerivativeVariance ;
            afo:value 5.941964e-02 ],
        [ a essentia:SecondDerivativeMean ;
            afo:value 1.268955e-01 ],
        [ a essentia:Maximum ;
            afo:value 1 ],
        [ a essentia:Variance ;
            afo:value 8.353599e-02 ] .

_:1d8d0088-22b7-4097-b3f1-e2ba9775b6d9 a essentia:Median ;
    afo:value 0 .

_:1e888fe8-5b5b-4ae9-aad6-bf3f8c1463c6 a essentia:SecondDerivativeMean ;
    afo:value 5.096468e-02 .

_:1ec25d33-1afb-437f-a2ad-19ad545fb666 a essentia:DerivativeMean ;
    afo:value 3.399526e-01 .

_:1ee6c51d-4f96-425c-83a6-3c2e5c607cea a essentia:Minimum ;
    afo:value 0 .

_:1f5a8847-5d1c-46b8-9a09-c56609666281 a essentia:SecondDerivativeVariance ;
    afo:values ( 4.346488e-01 7.402637e-01 4.855711e-01 5.044934e-01 4.407739e-01 5.200309e-01 ) .

_:20b3f486-ca84-4cf1-8b41-de4981c65b1b a essentia:DerivativeVariance ;
    afo:value 6.232508e-02 .

_:219c441c-1db7-45f2-b005-3b2c26cdbb6e a essentia:DerivativeVariance ;
    afo:value 5.424138e+01 .

_:2287aa3c-351f-4dc3-b449-95f60f3de814 a essentia:TuningFrequency ;
    event:time _:1a40c3f0-51e8-4c40-8411-b010f0422375 ;
    afo:value 4.351975e+02 .

_:228f2178-5f36-44c8-9f6f-447130c52513 a essentia:SecondDerivativeVariance ;
    afo:value 1.381959e+01 .

_:228fd8af-c736-41fd-bb8f-3590254ff14f a essentia:Median ;
    afo:value 3.565126e+01 .

_:22a8f345-31d6-4e1b-a075-a3a88bf6d452 rdf:first 8.369203e-25 ;
    rdf:rest ( 5.747914e-24 7.607296e-25 7.458116e-25 5.056385e-24 6.163156e-24 9.167129e-24 7.794468e-24 1.401888e-23 3.143259e-24 1.268543e-23 3.007578e-23 2.761827e-23 3.133886e-23 4.354085e-23 6.26275e-23 7.327815e-23 9.199756e-23 9.702742e-23 1.369199e-22 2.324481e-22 3.165138e-22 4.006839e-22 5.129233e-22 8.714788e-22 1.241875e-21 2.007798e-21 ) .

_:22bb4521-b6b6-4f9a-b3a8-ce6af0cbcfbf a essentia:DerivativeVariance ;
    afo:values ( 4.050574e-02 7.405077e-03 2.902443e-02 2.521042e-02 9.716976e-03 1.842989e-02 ) .

_:22d6890c-17fc-4435-b0a8-408974abe0df a essentia:Variance ;
    afo:value 3.630766e+01 .

_:22e09cc4-cbb5-46dd-b5dd-97359141b1b0 a essentia:Minimum ;
    afo:value -2.964255e+00 .

_:22eb76d8-8c45-43c8-9676-21fa9006abf7 a essentia:Maximum ;
    afo:value 3.941908e-01 .

_:230c7b75-0b0d-4e36-955e-62efc7d39ec5 a essentia:SecondDerivativeVariance ;
    afo:value 2.02885e-03 .

_:23111b16-c28b-4aea-8a20-35b3161095ba a essentia:Variance ;
    afo:values ( 1.262412e-04 3.403071e-05 9.975413e-07 7.803583e-08 3.60181e-07 3.974023e-07 3.023755e-07 2.88882e-07 2.595145e-07 2.862581e-07 3.791617e-07 4.224052e-07 2.23616e-07 1.310972e-07 8.679703e-08 1.725898e-08 1.201244e-08 9.340392e-09 1.84932e-08 1.00527e-08 2.677504e-09 3.151447e-09 2.088836e-09 7.846357e-10 1.192598e-09 2.309705e-10 3.099864e-10 2.226525e-10 2.824241e-10 9.689297e-11 2.139805e-10 1.001431e-10 7.244267e-11 6.609843e-11 6.197557e-11 5.054717e-11 3.593997e-11 3.554682e-11 2.070953e-11 1.03116e-11 ) .

_:2403967f-ddb9-4400-992b-982224ffef30 a essentia:FlatnessDB ;
    afo:feature _:09c17346-a7f7-4a43-9b8a-46394cdd8ca0,
        [ a essentia:SecondDerivativeVariance ;
            afo:value 4.681612e-03 ],
        [ a essentia:DerivativeVariance ;
            afo:value 3.032862e-03 ],
        [ a essentia:SecondDerivativeMean ;
            afo:value 7.216372e-02 ],
        [ a essentia:Maximum ;
            afo:value 8.015938e-01 ],
        [ a essentia:DerivativeMean ;
            afo:value 5.367893e-02 ],
        [ a essentia:Minimum ;
            afo:value 1.287527e-03 ],
        [ a essentia:Variance ;
            afo:value 1.712442e-02 ],
        [ a essentia:Mean ;
            afo:value 2.701081e-01 ] .

_:244721cf-d7b7-4d7f-88e5-451bbd40f3e0 a essentia:Minimum ;
    afo:value 6.382872e-11 .

_:24798a42-c0e1-4acc-b355-3481b3365328 a essentia:SecondDerivativeVariance ;
    afo:value 1.486898e+00 .

_:24f0909a-9451-4335-b1e1-bb511538e9fe a essentia:Danceability ;
    event:time _:1a40c3f0-51e8-4c40-8411-b010f0422375 ;
    afo:value 1.714261e+00 .

_:257b30b8-b39f-4ac4-895a-58a96b01f69b a essentia:DerivativeVariance ;
    afo:value 3.110184e-05 .

_:264e3fee-e6c6-4958-a36c-c6503ca87de0 a essentia:Median ;
    afo:value 1.398846e+01 .

_:2692bc6c-db60-4a2f-abb5-2f5ded5e8276 a essentia:SecondDerivativeVariance ;
    afo:value 4.947052e-03 .

_:2771946f-4fd7-43bb-8303-8aa36a44433b a essentia:Variance ;
    afo:value 0 .

_:27fec2a4-7ae6-46f3-a8b0-fcb2db5c7d61 a essentia:Variance ;
    afo:value 7.146606e+01 .

_:284327a3-b72b-4fd7-8698-396b052f7d19 a essentia:DerivativeVariance ;
    afo:values ( 2.218318e-01 3.303254e-01 2.505471e-01 2.936234e-01 2.681486e-01 2.897373e-01 ) .

_:2899e81c-8bf3-433e-bf05-8445a0f50a50 a essentia:Variance ;
    afo:value 3.354613e+02 .

_:28a78170-e997-46b4-8649-c6704c0e8143 a essentia:DerivativeVariance ;
    afo:value 0 .

_:296bbcdd-8157-4067-b26d-366711cf0952 a essentia:SecondDerivativeMean ;
    afo:value 0 .

_:2a0ffca9-6c8a-4e78-868e-6dc52d850350 a essentia:DerivativeMean ;
    afo:value 1.053651e-01 .

_:2a721ac1-17f5-45af-b759-ae0f017abe3b a essentia:Median ;
    afo:value 3.521445e-01 .

_:2b5a0d39-ed5a-45e2-94de-16cf7001c13e a essentia:ERBBands ;
    event:time _:1a40c3f0-51e8-4c40-8411-b010f0422375 ;
    afo:computed_by _:LowLevelExtractor ;
    afo:feature [ a essentia:Skewness ;
            afo:feature _:0077470c-5f98-43af-9afe-be7fa9583327,
                _:24798a42-c0e1-4acc-b355-3481b3365328,
                [ a essentia:SecondDerivativeMean ;
                    afo:value 1.189494e+00 ],
                [ a essentia:Variance ;
                    afo:value 1.81544e+00 ],
                [ a essentia:Mean ;
                    afo:value 7.010583e-01 ],
                [ a essentia:Minimum ;
                    afo:value -9.155804e+00 ],
                [ a essentia:Maximum ;
                    afo:value 1.260373e+01 ],
                [ a essentia:DerivativeMean ;
                    afo:value 7.996356e-01 ],
                [ a essentia:Median ;
                    afo:value 5.768008e-01 ] ] .

_:2b738b6e-879d-4720-a0e2-e39384d661c0 a essentia:OnsetRate ;
    event:time _:1a40c3f0-51e8-4c40-8411-b010f0422375 ;
    afo:value 5.628679e+00 .

_:2bc61935-ef3f-4a9a-b12f-15b6f73c09f4 rdf:first 4.090645e-01 ;
    rdf:rest ( 3.569557e-01 2.989275e-01 2.529191e-01 2.696041e-01 2.366244e-01 1.847953e-01 1.788956e-01 1.88162e-01 1.880127e-01 1.78844e-01 1.866069e-01 1.949023e-01 1.857751e-01 1.702975e-01 1.824323e-01 2.077602e-01 2.314636e-01 2.331836e-01 2.450895e-01 2.34859e-01 2.052713e-01 2.016711e-01 1.984224e-01 2.01872e-01 1.841518e-01 1.615525e-01 1.501939e-01 1.540209e-01 1.663894e-01 2.022242e-01 2.456332e-01 3.294763e-01 3.55344e-01 4.349871e-01 4.461749e-01 ) .

_:2c11db70-ef1f-4b0b-8ddf-9c3a8ed3fcff a essentia:Minimum ;
    afo:value 0 .

_:2c90ddef-ea49-439a-b36b-08344cfc5f39 rdf:first 6.856273e-01 ;
    rdf:rest ( 4.751176e+01 1.811696e+02 7.801682e+01 1.629639e+01 7.109988e+01 4.783352e+02 1.47579e+03 3.042198e+03 6.534392e+03 6.986115e+03 1.180474e+04 2.532975e+04 4.024361e+04 1.580355e+04 1.259712e+04 7.61913e+03 6.76383e+03 7.73328e+03 2.002213e+04 3.945452e+03 4.464063e+03 1.597738e+03 1.834385e+03 4.625981e+02 6.183344e+02 6.541381e+02 7.344489e+02 3.683707e+02 2.323949e+02 1.767969e+02 1.090179e+02 6.154073e+01 1.254726e+01 1.675682e+01 5.470815e-01 4.278203e-02 5.126853e-04 1.344039e-07 1.463649e-09 ) .

_:2ce0f9a1-3faa-4925-ad41-51337e28a686 a essentia:Median ;
    afo:value 1.276661e+01 .

_:2cee3c1b-a747-4e4d-a699-313d839e7036 a essentia:EnergyBand ;
    event:time _:1a40c3f0-51e8-4c40-8411-b010f0422375 ;
    afo:computed_by _:LowLevelExtractor ;
    afo:feature _:09e73e7f-14a8-4b8d-9f84-56d224b52a5f,
        [ a essentia:SecondDerivativeVariance ;
            afo:value 8.736372e-04 ],
        [ a essentia:Variance ;
            afo:value 1.636322e-03 ],
        [ a essentia:Maximum ;
            afo:value 2.098268e-01 ],
        [ a essentia:Median ;
            afo:value 4.324911e-03 ],
        [ a essentia:DerivativeMean ;
            afo:value 1.245648e-02 ],
        [ a essentia:DerivativeVariance ;
            afo:value 5.280366e-04 ],
        [ a essentia:Minimum ;
            afo:value 1.980801e-23 ],
        [ a essentia:Mean ;
            afo:value 2.512652e-02 ] .

_:2d851fbe-930a-420c-bfa5-aa4fa819869b a essentia:DerivativeVariance ;
    afo:value 2.302083e-03 .

_:2ebefa89-48aa-43f5-847d-84ddfec4b2b7 a essentia:StrongPeak ;
    event:time _:1a40c3f0-51e8-4c40-8411-b010f0422375 ;
    afo:computed_by _:LowLevelExtractor ;
    afo:feature _:06cb2db4-195c-4c44-b858-8ce0deeb669b,
        [ a essentia:Variance ;
            afo:value 1.494721e+00 ],
        [ a essentia:SecondDerivativeVariance ;
            afo:value 1.741268e+00 ],
        [ a essentia:SecondDerivativeMean ;
            afo:value 8.554173e-01 ],
        [ a essentia:DerivativeVariance ;
            afo:value 7.86287e-01 ],
        [ a essentia:Minimum ;
            afo:value 0 ],
        [ a essentia:DerivativeMean ;
            afo:value 5.507025e-01 ],
        [ a essentia:Median ;
            afo:value 5.85188e-01 ],
        [ a essentia:Mean ;
            afo:value 9.601535e-01 ] .

_:2eca1296-9e96-492d-8554-da167ab70fff a essentia:DerivativeVariance ;
    afo:value 3.492743e-17 .

_:30387995-a336-4ad1-aa4b-1d76ecc1a563 a essentia:Median ;
    afo:value 7.385668e+00 .

_:30631b26-4079-4bde-83ba-10337694e9f3 a essentia:SecondDerivativeVariance ;
    afo:value 1.361996e-01 .

_:3095c486-2a72-4cee-b19e-4270fd0974a0 a essentia:DerivativeMean ;
    afo:values _:1c48f463-bd66-4937-9639-c67943310f98 .

_:309be1cc-9b04-4295-b7ad-e2211f2916e7 a essentia:DerivativeMean ;
    afo:value 0 .

_:312a1f62-6601-4a27-b8a2-40224c2f51de rdf:first 3.197044e-01 ;
    rdf:rest ( 2.111759e+00 4.423754e+00 2.736408e+00 1.130561e+00 2.083104e+00 5.768721e+00 9.696044e+00 1.221546e+01 1.626871e+01 1.852409e+01 2.490146e+01 3.426637e+01 3.294831e+01 2.334982e+01 2.504535e+01 2.013312e+01 1.656936e+01 2.210559e+01 2.959886e+01 1.443907e+01 1.730256e+01 1.196721e+01 1.258357e+01 5.971703e+00 7.685102e+00 7.853844e+00 6.490549e+00 4.866789e+00 4.380209e+00 3.882975e+00 3.191711e+00 2.585139e+00 1.376654e+00 7.132848e-01 2.712736e-01 8.92332e-02 7.535447e-03 1.399192e-04 2.428599e-05 ) .

_:31951a1d-d434-4c2b-a768-21f96a7f2075 a essentia:BarkBands ;
    event:time _:1a40c3f0-51e8-4c40-8411-b010f0422375 ;
    afo:computed_by _:LowLevelExtractor ;
    afo:feature [ a essentia:Crest ;
            afo:feature [ a essentia:Variance ;
                    afo:value 4.16646e+01 ],
                [ a essentia:Mean ;
                    afo:value 1.4835e+01 ],
                [ a essentia:SecondDerivativeMean ;
                    afo:value 5.937943e+00 ],
                [ a essentia:DerivativeVariance ;
                    afo:value 1.280984e+01 ],
                [ a essentia:DerivativeMean ;
                    afo:value 3.741315e+00 ],
                [ a essentia:Minimum ;
                    afo:value 2.072386e+00 ],
                [ a essentia:Maximum ;
                    afo:value 2.666581e+01 ],
                [ a essentia:SecondDerivativeVariance ;
                    afo:value 2.781561e+01 ],
                [ a essentia:Median ;
                    afo:value 1.472572e+01 ] ] .

_:3443f21f-0de6-49c8-97bb-7aeb601139a3 a essentia:Maximum ;
    afo:value 47498504 .

_:34504a71-d918-4bfc-92cb-4ee99c6852ce a essentia:SecondDerivativeMean ;
    afo:value 5.987357e+02 .

_:34c1fb1f-297e-4dcc-a16f-13a343d0e830 a essentia:Mean ;
    afo:value 5.143165e-03 .

_:34ede146-ab03-41f0-b32c-ba428a36527f a essentia:DerivativeMean ;
    afo:value 2.016333e-02 .

_:3567c9bc-84a8-413f-a4ef-14d0cb8c2412 a essentia:SecondPeakSpread ;
    event:time _:1a40c3f0-51e8-4c40-8411-b010f0422375 ;
    afo:computed_by _:LowLevelExtractor ;
    afo:feature _:10ff5ac9-cfc1-4d5f-b9d3-8a371cafec36,
        _:136210f6-49f8-4952-8e58-fadd35dc8151,
        _:1acf6745-d59b-430b-a5ea-de40d1ae2081,
        _:1d8d0088-22b7-4097-b3f1-e2ba9775b6d9,
        [ a essentia:Variance ;
            afo:value 0 ],
        [ a essentia:SecondDerivativeMean ;
            afo:value 0 ],
        [ a essentia:DerivativeVariance ;
            afo:value 0 ],
        [ a essentia:DerivativeMean ;
            afo:value 0 ],
        [ a essentia:Maximum ;
            afo:value 0 ] .

_:3671ca73-d126-468b-b909-66c67cddb12a a essentia:DerivativeMean ;
    afo:value 4.397138e+00 .

_:36b7dbd5-f8a6-4d27-85e1-6058c1a800ed a essentia:Variance ;
    afo:value 0 .

_:36fb17b1-ce00-40cf-a43b-5c6aee6897f5 a essentia:SecondDerivativeMean ;
    afo:value 5.371699e+00 .

_:37b15cfc-9bba-4ef8-85e5-bdacfcfc5fdd a essentia:MelBands ;
    event:time _:1a40c3f0-51e8-4c40-8411-b010f0422375 ;
    afo:computed_by _:LowLevelExtractor ;
    afo:feature _:23111b16-c28b-4aea-8a20-35b3161095ba,
        _:3095c486-2a72-4cee-b19e-4270fd0974a0,
        [ a essentia:Minimum ;
            afo:values ( 1.55564e-24 2.197198e-24 9.443025e-25 9.59717e-25 8.296882e-25 1.373587e-24 2.174163e-24 1.084772e-24 2.859312e-24 1.960908e-24 1.041983e-24 1.628482e-24 3.056335e-24 3.146497e-24 2.384337e-24 3.8827e-24 2.905662e-24 4.010232e-24 4.345397e-24 3.272316e-24 2.993994e-24 4.344395e-24 4.770088e-24 4.241987e-24 3.629153e-24 4.003607e-24 4.121863e-24 4.22907e-24 5.613595e-24 5.061739e-24 4.329653e-24 4.679037e-24 5.750297e-24 5.95401e-24 5.495448e-24 6.981649e-24 5.869139e-24 5.305209e-24 6.662122e-24 6.369735e-24 ) ],
        [ a essentia:Median ;
            afo:values ( 5.694643e-04 5.777128e-04 5.158084e-05 2.671318e-05 3.978483e-05 4.147819e-05 2.709186e-05 1.488035e-05 1.340909e-05 1.484297e-05 1.10853e-05 5.862222e-06 4.279058e-06 4.736743e-06 5.218366e-06 3.280399e-06 2.235362e-06 2.425799e-06 2.921451e-06 2.094505e-06 1.420597e-06 1.700307e-06 2.353896e-06 1.440592e-06 1.143452e-06 5.695342e-07 8.248391e-07 8.726284e-07 8.649919e-07 4.321297e-07 3.553332e-07 2.28761e-07 2.112209e-07 3.080651e-07 2.651366e-07 3.121632e-07 3.753372e-07 3.356195e-07 3.15009e-07 2.478102e-07 ) ],
        [ a essentia:Maximum ;
            afo:values ( 6.119609e-02 3.743739e-02 6.759148e-03 6.319739e-03 9.998654e-03 9.130176e-03 8.029483e-03 1.028548e-02 9.907212e-03 9.003105e-03 1.105049e-02 1.366564e-02 1.077025e-02 1.064453e-02 1.017762e-02 2.902789e-03 3.371776e-03 1.966344e-03 4.36477e-03 3.242224e-03 1.321191e-03 1.520442e-03 4.694489e-04 1.079214e-03 4.56614e-04 4.166712e-04 2.372075e-04 1.944159e-04 2.382675e-04 1.239859e-04 1.786505e-04 1.141678e-04 8.339861e-05 8.629983e-05 9.553047e-05 1.098228e-04 1.23429e-04 5.58281e-05 5.172373e-05 3.567438e-05 ) ],
        [ a essentia:Mean ;
            afo:values ( 6.383987e-03 3.172742e-03 4.405669e-04 1.242e-04 2.521297e-04 2.797871e-04 2.388891e-04 2.061576e-04 1.651868e-04 1.769984e-04 1.944131e-04 1.570971e-04 1.071276e-04 8.955605e-05 8.085124e-05 4.070806e-05 3.213817e-05 3.421369e-05 4.303332e-05 3.051426e-05 1.647498e-05 2.01104e-05 1.793846e-05 1.172343e-05 1.393761e-05 5.637774e-06 6.358392e-06 6.632124e-06 7.424417e-06 3.927424e-06 4.373127e-06 3.201818e-06 2.69756e-06 2.766034e-06 2.659953e-06 2.578001e-06 2.348936e-06 2.214588e-06 1.840493e-06 1.265847e-06 ) ],
        [ a essentia:SecondDerivativeVariance ;
            afo:values ( 5.302341e-05 4.977852e-05 1.941903e-06 1.165744e-07 4.199635e-07 6.543447e-07 6.590443e-07 7.180657e-07 5.419942e-07 4.8271e-07 6.919581e-07 6.939654e-07 2.653834e-07 1.449775e-07 8.559569e-08 3.754586e-08 2.639028e-08 1.748752e-08 6.043445e-08 3.108758e-08 4.776708e-09 5.519491e-09 4.516929e-09 1.409637e-09 1.688203e-09 4.051465e-10 4.695322e-10 2.650733e-10 3.309725e-10 1.187793e-10 4.079924e-10 1.313198e-10 7.250497e-11 7.681498e-11 8.100112e-11 5.859645e-11 3.749106e-11 3.841009e-11 1.734967e-11 9.67978e-12 ) ],
        [ a essentia:DerivativeVariance ;
