@prefix afo: <https://w3id.org/afo/onto/1.1#> .
@prefix dc: <http://purl.org/dc/elements/1.1/> .
@prefix essentia: <http://sovarr.c4dm.eecs.qmul.ac.uk/af/essentia/> .
@prefix event: <http://purl.org/NET/c4dm/event.owl#> .
@prefix foaf: <http://xmlns.com/foaf/0.1/> .
@prefix mo: <http://purl.org/ontology/mo/> .
@prefix rdf: <http://www.w3.org/1999/02/22-rdf-syntax-ns#> .
@prefix rdfs: <http://www.w3.org/2000/01/rdf-schema#> .
@prefix tl: <http://purl.org/NET/c4dm/timeline.owl#> .
@prefix xml: <http://www.w3.org/XML/1998/namespace> .
@prefix xsd: <http://www.w3.org/2001/XMLSchema#> .

<http://musicbrainz.org/release/ea71d0d3-4a60-4bd3-9cfe-9c0eec380ea4> a mo:Release ;
    dc:date "2012-07-27" ;
    dc:title "Blur 21: The Box" ;
    mo:catalogue_number "5099962491129" ;
    mo:publisher [ a mo:Label ;
            foaf:name "Parlophone" ] ;
    mo:track <http://musicbrainz.org/recording/443aff2f-ec4c-49b4-8642-05ebe2fb54a4> ;
    essentia:asin "B007SAKSF2" ;
    essentia:barcode "5099962491129" ;
    foaf:maker <http://musicbrainz.org/artist/ba853904-ae25-4ebb-89d6-c44cfbd71bd2> .

<10.+Red+Necks+(take+two).flac> a mo:AudioFile ;
    mo:encodes [ a essentia:Signal ;
            mo:sample_rate "44100"^^xsd:interger ;
            mo:time _:3f4969d8-d891-44ed-8ebe-17c6406d68d7 ;
            essentia:bit_rate "0"^^xsd:float ;
            essentia:codec "flac"^^xsd:string ;
            essentia:downmix "mix"^^xsd:string ;
            essentia:equal_loudness "0"^^xsd:float ;
            essentia:lossless true ;
            essentia:md5_encoded "0f5bcdb405f86b53f3c9d94eacadd2a6"^^xsd:string ;
            essentia:replay_gain "-12.0883045197"^^xsd:float ] .

<http://musicbrainz.org/artist/ba853904-ae25-4ebb-89d6-c44cfbd71bd2> a mo:MusicArtist ;
    foaf:name "Blur" .

<http://musicbrainz.org/recording/443aff2f-ec4c-49b4-8642-05ebe2fb54a4> a mo:Track ;
    dc:title "Red Necks (take two)" ;
    mo:available_as <10.+Red+Necks+(take+two).flac> ;
    mo:genre [ a mo:Genre ] ;
    mo:track_number "10" .

[] a essentia:VersionInfo .

_:000f54ce-d4ae-47bf-af7e-8d059ad82619 a essentia:Mean ;
    afo:value 8.348178e+00 .

_:001af980-659f-4c38-9c0a-f87c75e76a45 a essentia:Minimum ;
    afo:value 0 .

_:0029127c-2cd7-458c-a6b1-4a049776309b a essentia:SecondDerivativeMean ;
    afo:value 3.572981e+00 .

_:0058baf6-2edf-49e6-9d19-be91446ab6d5 a essentia:Mean ;
    afo:value 8.214468e+02 .

_:015c87f9-798e-48fe-bcbc-f666c7212fb7 a essentia:KeyStrength ;
    event:time _:3f4969d8-d891-44ed-8ebe-17c6406d68d7 ;
    afo:value 6.419885e-01 .

_:015db90b-687e-4e89-80d6-7699b304a988 a essentia:DerivativeMean ;
    afo:value 8.152542e-01 .

_:017a5f16-ad1c-4c8f-9534-389b74a62707 a essentia:SecondDerivativeVariance ;
    afo:values ( 8.741329e-03 4.63718e-03 3.741241e-03 2.127506e-03 1.630702e-03 1.544924e-03 ) .

_:020182ec-d6fd-459d-9cee-2c6d3f1cab0c a essentia:DerivativeMean ;
    afo:value 0 .

_:0230bf1f-9dcc-4a68-b245-2bc1ec4812cb a essentia:Mean ;
    afo:value 1.879699e-01 .

_:03026ddc-4b72-4e63-b4f4-2ab88690b71a a essentia:Median ;
    afo:value 7.659575e-01 .

_:03c6bb7a-d256-4522-ba4c-f4001435adbc a essentia:Maximum ;
    afo:value 1.499947e-01 .

_:03ffc941-1910-4690-8e23-de8a1327e864 a essentia:SecondDerivativeMean ;
    afo:values ( 1.213521e-04 2.209258e-03 2.832531e-03 1.466366e-03 1.036149e-02 2.122355e-03 7.296313e-04 5.24113e-04 3.746886e-04 3.474115e-04 2.460348e-04 1.134017e-04 1.120966e-04 1.007825e-04 1.135311e-04 2.557688e-04 1.143268e-04 2.319219e-05 2.170919e-05 2.975451e-05 3.106165e-05 5.084645e-05 6.54008e-05 3.398768e-05 1.169826e-05 2.039426e-06 2.329739e-07 ) .

_:044d6091-c34f-4b4f-9dca-924d192f13b2 a essentia:Mean ;
    afo:value 3.099413e-01 .

_:0484338d-d004-4387-bec7-68d4d69a6009 a essentia:SecondDerivativeVariance ;
    afo:value 1.007313e-16 .

_:04a4025d-7744-484d-9acd-e058f7aba563 a essentia:DerivativeVariance ;
    afo:value 1.830211e+02 .

_:05aaaa9c-83f1-4dc2-85cf-606a54f97637 a essentia:SilenceRate ;
    event:time _:3f4969d8-d891-44ed-8ebe-17c6406d68d7 ;
    afo:computed_by _:LowLevelExtractor ;
    afo:feature [ a essentia:SecondDerivativeVariance ;
            afo:value 0 ],
        [ a essentia:Maximum ;
            afo:value 1 ],
        [ a essentia:SecondDerivativeMean ;
            afo:value 0 ],
        [ a essentia:Mean ;
            afo:value 1 ],
        [ a essentia:Variance ;
            afo:value 0 ],
        [ a essentia:DerivativeVariance ;
            afo:value 0 ],
        [ a essentia:DerivativeMean ;
            afo:value 0 ],
        [ a essentia:Minimum ;
            afo:value 1 ],
        [ a essentia:Median ;
            afo:value 1 ] .

_:060a31cd-70e8-4363-9ef2-4d3f96de2540 a essentia:Covariance ;
    afo:dimensions ( 13 13 ) ;
    afo:values ( 3.601748e+04 6.412999e+03 -2.590928e+03 1.247816e+03 -2.402139e+03 2.995716e+02 -1.716858e+03 3.673436e+01 -6.701216e+02 -6.392224e+02 -4.291177e+02 -2.442237e+02 -8.128498e+01 6.412999e+03 4.116402e+03 1.901946e+01 -4.021126e+01 2.030756e+02 -3.868507e+02 -6.838993e+01 -9.495739e+01 -5.448078e+01 -3.617046e+02 -1.366616e+01 -2.366756e+02 -3.788287e+01 -2.590928e+03 1.901946e+01 1.816616e+03 3.54459e+02 -6.209586e+01 7.125842e+01 1.862836e+01 -1.136477e+02 7.789436e+01 1.214247e+01 -2.54398e+01 -5.641059e+01 -1.377835e+01 1.247816e+03 -4.021126e+01 3.54459e+02 6.532628e+02 -1.696962e+02 1.175213e+02 -4.687355e+01 -8.144339e+01 4.843342e+01 1.221848e+01 -1.73931e+01 -6.453949e+01 -3.295192e+01 -2.402139e+03 2.030756e+02 -6.209586e+01 -1.696962e+02 6.060411e+02 -1.1027e+02 2.064826e+02 2.297741e+00 3.957267e+01 -2.621895e+01 1.27404e+01 1.017029e+01 4.97642e+00 2.995716e+02 -3.868507e+02 7.125842e+01 1.175213e+02 -1.1027e+02 3.179969e+02 -6.072274e+00 5.671735e+00 -5.209755e+01 2.329777e+01 -1.077004e+01 1.6239e+01 -4.694888e+01 -1.716858e+03 -6.838993e+01 1.862836e+01 -4.687355e+01 2.064826e+02 -6.072274e+00 3.346559e+02 3.772963e+01 4.300877e+00 -2.994087e+01 1.270614e+01 5.533028e+00 -1.555429e+01 3.673436e+01 -9.495739e+01 -1.136477e+02 -8.144339e+01 2.297741e+00 5.671735e+00 3.772963e+01 1.971577e+02 8.531462e+00 -5.557241e+01 -3.914917e+01 3.024235e+01 3.094477e+00 -6.701216e+02 -5.448078e+01 7.789436e+01 4.843342e+01 3.957267e+01 -5.209755e+01 4.300877e+00 8.531462e+00 1.857844e+02 1.703364e+01 -4.904854e-01 -3.33965e+01 8.859881e+00 -6.392224e+02 -3.617046e+02 1.214247e+01 1.221848e+01 -2.621895e+01 2.329777e+01 -2.994087e+01 -5.557241e+01 1.703364e+01 2.001814e+02 5.282076e+01 -3.184467e+01 -3.812759e+01 -4.291177e+02 -1.366616e+01 -2.54398e+01 -1.73931e+01 1.27404e+01 -1.077004e+01 1.270614e+01 -3.914917e+01 -4.904854e-01 5.282076e+01 1.379708e+02 -9.909596e+00 -1.62553e+01 -2.442237e+02 -2.366756e+02 -5.641059e+01 -6.453949e+01 1.017029e+01 1.6239e+01 5.533028e+00 3.024235e+01 -3.33965e+01 -3.184467e+01 -9.909596e+00 1.264712e+02 3.888295e+01 -8.128498e+01 -3.788287e+01 -1.377835e+01 -3.295192e+01 4.97642e+00 -4.694888e+01 -1.555429e+01 3.094477e+00 8.859881e+00 -3.812759e+01 -1.62553e+01 3.888295e+01 9.284715e+01 ) .

_:062345c1-6ae6-4dbb-aba2-6b0e53830bac a essentia:Skewness ;
    afo:feature [ a essentia:SecondDerivativeVariance ;
            afo:value 3.468624e+00 ],
        [ a essentia:SecondDerivativeMean ;
            afo:value 1.473878e+00 ],
        [ a essentia:DerivativeMean ;
            afo:value 9.511177e-01 ],
        [ a essentia:Minimum ;
            afo:value -2.002574e+00 ],
        [ a essentia:DerivativeVariance ;
            afo:value 1.469949e+00 ],
        [ a essentia:Median ;
            afo:value 2.428297e+00 ],
        [ a essentia:Maximum ;
            afo:value 1.440419e+01 ],
        [ a essentia:Variance ;
            afo:value 2.973718e+00 ],
        [ a essentia:Mean ;
            afo:value 2.569445e+00 ] .

_:066c818a-661c-4150-a0af-a518ad28cc9c a essentia:BPM ;
    event:time _:3f4969d8-d891-44ed-8ebe-17c6406d68d7 ;
    afo:value 1.442057e+02 .

_:069e1503-8546-4085-b6f2-77aea7f90437 a essentia:SecondDerivativeVariance ;
    afo:value 4.029659e+02 .

_:06bc5ddd-199e-4ef9-a868-5bab8fb189c7 a essentia:Minimum ;
    afo:value -1.230658e+00 .

_:06c1e05e-5ba3-4b0f-8764-d5359666a0d8 a essentia:DerivativeMean ;
    afo:value 2.982363e-03 .

_:06fcee39-5dc5-4cc2-bf29-ac5286e0a923 a essentia:Covariance ;
    afo:dimensions ( 13 13 ) ;
    afo:values ( 1.582166e+04 1.654822e+03 -6.426957e+02 6.485109e+01 -3.120591e+02 -1.387361e+02 -6.87071e+02 1.623645e+02 -2.254278e+02 -3.284034e+01 -4.351767e+02 2.06897e+01 -8.413352e+01 1.654822e+03 3.280615e+03 1.161699e+02 2.641419e+02 2.772209e+02 -2.184269e+02 4.549675e+01 1.110944e+02 1.305337e+00 -2.799496e+01 -6.662188e+01 -2.086027e+01 9.053168e+00 -6.426957e+02 1.161699e+02 1.591539e+03 3.476825e+02 4.959064e+01 2.16868e+02 -1.2711e+01 -4.48982e+01 -4.243892e+01 4.130158e+01 3.635809e+01 -2.709957e+01 -6.147239e+01 6.485109e+01 2.641419e+02 3.476825e+02 4.81796e+02 8.495285e+01 7.997086e+01 -1.349691e+01 9.175666e+00 2.907559e+01 3.534503e+01 9.225755e+00 -3.441966e+00 -2.451136e+01 -3.120591e+02 2.772209e+02 4.959064e+01 8.495285e+01 2.666338e+02 3.280059e+01 -2.56847e+01 5.52236e+00 1.299658e+01 1.082604e+01 -1.687682e+00 -1.865919e+01 2.336732e+00 -1.387361e+02 -2.184269e+02 2.16868e+02 7.997086e+01 3.280059e+01 3.076413e+02 4.845684e+01 -4.595061e+01 -3.769751e+01 3.08776e+01 5.044613e+01 -1.100633e+01 -2.038067e+01 -6.87071e+02 4.549675e+01 -1.2711e+01 -1.349691e+01 -2.56847e+01 4.845684e+01 2.71316e+02 6.343122e+01 -1.232434e+01 -3.631283e+01 4.9539e+01 3.001287e+01 -1.250969e+01 1.623645e+02 1.110944e+02 -4.48982e+01 9.175666e+00 5.52236e+00 -4.595061e+01 6.343122e+01 2.761741e+02 9.793618e+01 -6.99229e+01 -2.834766e+01 -4.235433e-01 -3.839062e+00 -2.254278e+02 1.305337e+00 -4.243892e+01 2.907559e+01 1.299658e+01 -3.769751e+01 -1.232434e+01 9.793618e+01 1.720724e+02 3.348995e+00 -1.592511e+01 -2.214762e+01 -3.119054e-01 -3.284034e+01 -2.799496e+01 4.130158e+01 3.534503e+01 1.082604e+01 3.08776e+01 -3.631283e+01 -6.99229e+01 3.348995e+00 1.367179e+02 3.734689e+01 1.126819e+01 6.953916e+00 -4.351767e+02 -6.662188e+01 3.635809e+01 9.225755e+00 -1.687682e+00 5.044613e+01 4.9539e+01 -2.834766e+01 -1.592511e+01 3.734689e+01 1.316009e+02 3.014916e+01 -9.228837e+00 2.06897e+01 -2.086027e+01 -2.709957e+01 -3.441966e+00 -1.865919e+01 -1.100633e+01 3.001287e+01 -4.235433e-01 -2.214762e+01 1.126819e+01 3.014916e+01 7.94527e+01 2.609612e+01 -8.413352e+01 9.053168e+00 -6.147239e+01 -2.451136e+01 2.336732e+00 -2.038067e+01 -1.250969e+01 -3.839062e+00 -3.119054e-01 6.953916e+00 -9.228837e+00 2.609612e+01 9.190773e+01 ) .

_:08fe5f27-251b-4753-8fef-53ac9a55c3cc a essentia:DerivativeMean ;
    afo:value 2.189719e+00 .

_:0957612d-9fd8-4351-92ab-229e53cbf0a9 a essentia:DerivativeVariance ;
    afo:value 1.745999e-01 .

_:0a1643e4-10dd-4c6c-a01d-942befbd84ee a essentia:SecondDerivativeMean ;
    afo:value 5.958949e+00 .

_:0a71f88e-252a-43c5-b43e-59e7ff41a845 a essentia:Variance ;
    afo:value 0 .

_:0aee043a-fe04-4906-81d0-83a8d51b3717 rdf:first 4.356589e+01 ;
    rdf:rest ( 6.976744e-01 1.689923e+01 6.20155e+00 0 0 2.55814e+00 0 4.651163e-01 0 8.527132e-01 0 0 0 0 1.627907e+00 0 9.534883e+00 0 2.325581e-01 6.976744e-01 5.193799e+00 8.75969e+00 2.713178e+00 ) .

_:0be9aa99-f7a0-4d36-89fd-b5c5e305cad3 a essentia:Variance ;
    afo:value 3.217021e-17 .

_:0bf2579a-629c-47b3-83a6-b89df371bfdd rdf:first 7.037065e-02 ;
    rdf:rest ( 5.289171e-01 2.541262e+00 4.784802e+00 5.667627e+00 3.989722e+01 5.681389e+01 1.194453e+01 1.05823e+01 1.018287e+01 1.114864e+01 9.12496e+00 1.005815e+01 9.125468e+00 7.897721e+00 4.517172e+00 5.325948e+00 5.574223e+00 4.632487e+00 9.984921e+00 1.317585e+01 5.563522e+00 1.526947e+00 1.110757e+00 1.177392e+00 1.384478e+00 1.228264e+00 1.336612e+00 1.856094e+00 1.795694e+00 1.809642e+00 1.03488e+00 4.530977e-01 1.844078e-01 5.341767e-02 1.366011e-02 3.306072e-03 5.377776e-04 3.707883e-05 1.884074e-05 ) .

_:0d375e73-589a-43cb-81db-d3305b4eface a essentia:Maximum ;
    afo:value 7.659575e-01 .

_:0d5ea077-a895-434c-84d8-f41199de52cb a essentia:Maximum ;
    afo:value 1.040365e+01 .

_:0e992cd7-55e1-4533-96e0-3b72235d3316 a essentia:Mean ;
    afo:value 7.603181e+00 .

_:0efa4283-a687-4ea5-a68c-f0c90b11057b a essentia:EnergyBand ;
    event:time _:3f4969d8-d891-44ed-8ebe-17c6406d68d7 ;
    afo:computed_by _:LowLevelExtractor ;
    afo:feature _:06c1e05e-5ba3-4b0f-8764-d5359666a0d8,
        [ a essentia:DerivativeVariance ;
            afo:value 5.157147e-05 ],
        [ a essentia:Minimum ;
            afo:value 6.196964e-23 ],
        [ a essentia:Maximum ;
            afo:value 6.499262e-02 ],
        [ a essentia:Median ;
            afo:value 2.247385e-03 ],
        [ a essentia:SecondDerivativeMean ;
            afo:value 4.6371e-03 ],
        [ a essentia:Variance ;
            afo:value 6.405088e-05 ],
        [ a essentia:Mean ;
            afo:value 4.497259e-03 ],
        [ a essentia:SecondDerivativeVariance ;
            afo:value 1.126296e-04 ] .

_:0f305d58-f666-4cdd-abf5-c7a15fdf608e a essentia:Median ;
    afo:value -1.888412e-09 .

_:0f869cc3-905a-4f77-aed4-51c473bd8742 a essentia:Loudness ;
    event:time _:3f4969d8-d891-44ed-8ebe-17c6406d68d7 ;
    afo:feature [ a essentia:Mean ;
            afo:value 9.518392e-01 ] .

_:0fd87a9e-99b4-497c-9d0c-2d7c22ae2f5f a essentia:SecondDerivativeMean ;
    afo:value 0 .

_:1053afa2-e127-4d97-8710-d49768918c37 rdf:first -6.522827e-01 ;
    rdf:rest ( -7.584681e-01 -7.646347e-01 -7.842516e-01 -8.002694e-01 -8.124465e-01 ) .

_:10e182a4-70fc-4ea4-9877-f48b6cce49b0 a essentia:SecondDerivativeVariance ;
    afo:value 1.904047e+02 .

_:11509269-d01f-4cb0-b168-e4cbdc1c5597 a essentia:Median ;
    afo:value 5.163526e-01 .

_:117b73bf-0a93-441e-8bbe-84ea45a2f484 a essentia:SecondDerivativeVariance ;
    afo:value 1.589504e+12 .

_:11a98fae-0424-422e-a974-89a3e35cc1c3 a essentia:DerivativeVariance ;
    afo:value 3.907378e-17 .

_:11af845c-7b7f-4845-b99c-68dcdd717be9 rdf:first 3.288978e-02 ;
    rdf:rest ( 3.200287e-02 3.175448e-02 3.559529e-02 3.68267e-02 3.736347e-02 4.983135e-02 5.139969e-02 7.594921e-02 6.924054e-02 6.987667e-02 5.001406e-02 4.529414e-02 4.229378e-02 4.378903e-02 5.241738e-02 5.301138e-02 3.880989e-02 3.184581e-02 2.827432e-02 3.264487e-02 3.836236e-02 2.991571e-02 4.602463e-02 4.153026e-02 3.006045e-02 2.385146e-02 2.921839e-02 3.191442e-02 5.246511e-02 6.488876e-02 4.279379e-02 3.436268e-02 3.093205e-02 3.318528e-02 3.872578e-02 ) .

_:11c9080c-1333-46ad-a04f-8fae87e427e9 a essentia:Variance ;
    afo:value 4.692377e-03 .

_:120d75f0-f777-43b6-9f64-648676b42ecc rdf:first 6.144441e-04 ;
    rdf:rest ( 1.027424e-03 7.763301e-04 1.268425e-03 2.302305e-03 2.766468e-04 1.573958e-04 1.10024e-04 9.046134e-05 5.340286e-05 5.133614e-05 3.843165e-05 3.049855e-05 1.322416e-05 1.245491e-05 1.14661e-05 1.060854e-05 7.0836e-06 8.858368e-06 1.680801e-05 1.59195e-05 6.692723e-06 2.219227e-06 9.856456e-07 9.488859e-07 7.512086e-07 1.010474e-06 9.262882e-07 7.810357e-07 8.111334e-07 7.732594e-07 1.140167e-06 9.721169e-07 1.045849e-06 1.065265e-06 1.064628e-06 4.656983e-07 3.514533e-07 2.203234e-07 1.392771e-07 ) .

_:13833d35-d922-4027-b925-2ecb490c7421 a essentia:Minimum ;
    afo:value 0 .

_:13ea2d0d-6266-48e5-9180-7721d0bf0a33 a essentia:SecondDerivativeMean ;
    afo:value 5.775016e-01 .

_:14463993-c58e-498a-bccd-7c55ec6eb66d a essentia:Kurtosis ;
    afo:feature _:08fe5f27-251b-4753-8fef-53ac9a55c3cc,
        [ a essentia:SecondDerivativeMean ;
            afo:value 3.554389e+00 ],
        [ a essentia:Mean ;
            afo:value 2.876695e+00 ],
        [ a essentia:DerivativeVariance ;
            afo:value 1.028375e+01 ],
        [ a essentia:Maximum ;
            afo:value 4.017159e+01 ],
        [ a essentia:Median ;
            afo:value 8.942482e-01 ],
        [ a essentia:Variance ;
            afo:value 2.496612e+01 ],
        [ a essentia:SecondDerivativeVariance ;
            afo:value 2.361336e+01 ],
        [ a essentia:Minimum ;
            afo:value -1.84965e+00 ] .

_:14f3e7f8-6cc9-4b76-a1f9-647f2e02dc8c a essentia:Minimum ;
    afo:value 4.438642e+00 .

_:1538fa5f-779f-4f3d-80f0-88287f173a33 a essentia:SecondDerivativeMean ;
    afo:value 8.803184e-01 .

_:156611e9-d504-405e-b187-d9ebb03acdd4 a essentia:SecondDerivativeMean ;
    afo:value 0 .

_:15c5ac66-9967-4c38-94b2-4f4df0ccfe1b a essentia:SecondDerivativeMean ;
    afo:values ( 6.850109e-01 8.606007e-01 8.639541e-01 9.022658e-01 7.922208e-01 7.282142e-01 ) .

_:15dfb652-3e45-4d83-82a0-9d7d7dc034ea a essentia:DerivativeVariance ;
    afo:value 982718742528 .

_:16894e4c-0342-44b0-b86c-341f2a70014f a essentia:Variance ;
    afo:value 0 .

_:16cacec8-2af6-4278-b9ab-ff4d0c27a45c rdf:first 3.922428e-03 ;
    rdf:rest ( 1.836867e-03 1.739248e-03 1.077991e-03 8.017637e-04 7.038916e-04 ) .

_:16f91e44-3068-477b-97db-d91c9ebfd266 a essentia:TuningFrequency ;
    event:time _:3f4969d8-d891-44ed-8ebe-17c6406d68d7 ;
    afo:value 4.412726e+02 .

_:16fad61c-2074-4137-9908-87d1acfb300c a essentia:Minimum ;
    afo:value 6.068717e-01 .

_:172d2d30-a968-4b52-9c60-0e2ebf56a48f a essentia:Median ;
    afo:value 2.472027e+01 .

_:175e6d9e-cd42-48de-8ccc-4d99eeabe7cd a essentia:Minimum ;
    afo:values [ rdf:first 0 ;
            rdf:rest [ rdf:first 0 ;
                    rdf:rest [ rdf:first 0 ;
                            rdf:rest [ rdf:first 0 ;
                                    rdf:rest [ rdf:first 0 ;
                                            rdf:rest [ rdf:first 0 ;
                                                    rdf:rest [ rdf:first 0 ;
                                                            rdf:rest [ rdf:first 0 ;
                                                                    rdf:rest [ rdf:first 0 ;
                                                                            rdf:rest [ rdf:first 0 ;
                                                                                    rdf:rest [ rdf:first 0 ;
                                                                                            rdf:rest [ rdf:first 0 ;
                                                                                                    rdf:rest [ rdf:first 0 ;
                                                                                                            rdf:rest [ rdf:first 0 ;
                                                                                                                    rdf:rest [ rdf:first 0 ;
                                                                                                                            rdf:rest [ rdf:first 0 ;
                                                                                                                                    rdf:rest [ rdf:first 0 ;
                                                                                                                                            rdf:rest [ rdf:first 0 ;
                                                                                                                                                    rdf:rest [ rdf:first 0 ;
                                                                                                                                                            rdf:rest [ rdf:first 0 ;
                                                                                                                                                                    rdf:rest [ rdf:first 0 ;
                                                                                                                                                                            rdf:rest [ rdf:first 0 ;
                                                                                                                                                                                    rdf:rest [ rdf:first 0 ;
                                                                                                                                                                                            rdf:rest [ rdf:first 0 ;
                                                                                                                                                                                                    rdf:rest [ rdf:first 0 ;
                                                                                                                                                                                                            rdf:rest [ rdf:first 0 ;
                                                                                                                                                                                                                    rdf:rest [ rdf:first 0 ;
                                                                                                                                                                                                                            rdf:rest [ rdf:first 0 ;
                                                                                                                                                                                                                                    rdf:rest [ rdf:first 0 ;
                                                                                                                                                                                                                                            rdf:rest [ rdf:first 0 ;
                                                                                                                                                                                                                                                    rdf:rest [ rdf:first 0 ;
                                                                                                                                                                                                                                                            rdf:rest [ rdf:first 0 ;
                                                                                                                                                                                                                                                                    rdf:rest [ rdf:first 0 ;
                                                                                                                                                                                                                                                                            rdf:rest [ rdf:first 0 ;
                                                                                                                                                                                                                                                                                    rdf:rest [ rdf:first 0 ;
                                                                                                                                                                                                                                                                                            rdf:rest [ rdf:first 0 ;
                                                                                                                                                                                                                                                                                                    rdf:rest () ] ] ] ] ] ] ] ] ] ] ] ] ] ] ] ] ] ] ] ] ] ] ] ] ] ] ] ] ] ] ] ] ] ] ] ] .

_:176cd828-18a0-4957-98eb-7846d9feae7d a essentia:DerivativeMean ;
    afo:value 5.674101e-01 .

_:1786ea06-e117-45cd-b522-dfbe711a0da9 a essentia:Mean ;
    afo:value 9.099558e-03 .

_:17969c17-ae14-4bec-b951-651130775fea a essentia:Variance ;
    afo:value 6.827821e-03 .

_:17a2d0e3-8061-477a-a397-f722ea9be92d a essentia:Median ;
    afo:value 1 .

_:1802454a-a22c-4dd3-b83b-44464e964385 a essentia:StrongPeak ;
    event:time _:3f4969d8-d891-44ed-8ebe-17c6406d68d7 ;
    afo:computed_by _:LowLevelExtractor ;
    afo:feature [ a essentia:Mean ;
            afo:value 4.822873e-01 ],
        [ a essentia:SecondDerivativeMean ;
            afo:value 5.487728e-01 ],
        [ a essentia:Maximum ;
            afo:value 4.700131e+00 ],
        [ a essentia:DerivativeVariance ;
            afo:value 2.826675e-01 ],
        [ a essentia:Median ;
            afo:value 2.76985e-01 ],
        [ a essentia:DerivativeMean ;
            afo:value 3.202293e-01 ],
        [ a essentia:Minimum ;
            afo:value 0 ],
        [ a essentia:Variance ;
            afo:value 3.329989e-01 ],
        [ a essentia:SecondDerivativeVariance ;
            afo:value 7.3259e-01 ] .

_:185c47d5-9901-4bc8-b0de-e73850575fd6 a essentia:Median ;
    afo:value 144 .

_:18dfb065-109c-4748-853d-4d74640b78ce a essentia:Median ;
    afo:values ( 1.474144e-02 8.522183e-03 6.504066e-03 7.310076e-03 8.357625e-03 1.701739e-02 1.933091e-02 5.583741e-02 2.182197e-01 3.20997e-01 1.259367e-01 1.02168e-02 5.789892e-03 9.202129e-03 2.657648e-02 3.994709e-02 2.631631e-02 1.058422e-02 7.710502e-03 8.369777e-03 1.987233e-02 2.373592e-02 3.060533e-02 1.544225e-02 1.135299e-02 6.729898e-03 4.759687e-03 4.998518e-03 2.549992e-02 1.373264e-01 1.715596e-01 8.190709e-02 7.300486e-03 5.128325e-03 5.572706e-03 1.121059e-02 ) .

_:19935383-1440-4438-875b-c966d626ba01 a essentia:Minimum ;
    afo:value 2.364201e+00 .

_:19d45080-51ab-49c5-a5ca-fbcec1fcc3f8 a essentia:SecondDerivativeMean ;
    afo:value 0 .

_:1a144b91-862d-4a38-ac37-7fd1d9658c56 a essentia:SecondDerivativeMean ;
    afo:value 4.701067e+00 .

_:1acb29a1-52e3-4e10-86c9-572edf911b2d a essentia:Variance ;
    afo:value 2.97708e+01 .

_:1b23b07b-00b9-4339-9a35-dc69dbb05612 a essentia:DerivativeMean ;
    afo:value 1.018797e-02 .

_:1b2536ab-562c-4ebf-82cd-0d62bf099bc0 a essentia:SecondDerivativeVariance ;
    afo:value 2.601449e-03 .

_:1b38182c-12b8-41aa-880b-d19fa82fa95a a essentia:Minimum ;
    afo:value 2.963209e+00 .

_:1d28f61f-cbb1-400f-83c9-fb28300fc4da a essentia:BarkBands ;
    event:time _:3f4969d8-d891-44ed-8ebe-17c6406d68d7 ;
    afo:computed_by _:LowLevelExtractor ;
    afo:feature [ a essentia:Kurtosis ;
            afo:feature _:000f54ce-d4ae-47bf-af7e-8d059ad82619,
                [ a essentia:Median ;
                    afo:value 4.78677e+00 ],
                [ a essentia:Variance ;
                    afo:value 1.375014e+02 ],
                [ a essentia:Minimum ;
                    afo:value -1.93448e+00 ],
                [ a essentia:SecondDerivativeVariance ;
                    afo:value 2.628291e+02 ],
                [ a essentia:SecondDerivativeMean ;
                    afo:value 1.027229e+01 ],
                [ a essentia:DerivativeVariance ;
                    afo:value 9.759901e+01 ],
                [ a essentia:DerivativeMean ;
                    afo:value 6.238458e+00 ],
                [ a essentia:Maximum ;
                    afo:value 1.623037e+02 ] ] .

_:1d47136d-9eff-4223-9794-05896558704b a essentia:Minimum ;
    afo:value 0 .

_:1d6de68a-143b-468f-bed9-25bb40897162 a essentia:Spread ;
    event:time _:3f4969d8-d891-44ed-8ebe-17c6406d68d7 ;
    afo:computed_by _:LowLevelExtractor ;
    afo:feature _:117b73bf-0a93-441e-8bbe-84ea45a2f484,
        _:15dfb652-3e45-4d83-82a0-9d7d7dc034ea,
        [ a essentia:Median ;
            afo:value 3.141307e+06 ],
        [ a essentia:DerivativeMean ;
            afo:value 7.596782e+05 ],
        [ a essentia:Mean ;
            afo:value 3.847848e+06 ],
        [ a essentia:Maximum ;
            afo:value 40851308 ],
        [ a essentia:Variance ;
            afo:value 7.385457e+12 ],
        [ a essentia:Minimum ;
            afo:value 6.589941e+05 ],
        [ a essentia:SecondDerivativeMean ;
            afo:value 1.06064e+06 ] .

_:1d835134-c1bc-4827-b36c-35c1d28bdb25 a essentia:SecondDerivativeMean ;
    afo:value 5.765368e-02 .

_:1d85ae0a-1c00-41a6-a24a-d1ef89999ee3 a essentia:Variance ;
    afo:value 1.893189e+01 .

_:1d954f64-c405-43f1-baac-7d2ee2db8403 a essentia:Maximum ;
    afo:value 3.038719e+02 .

_:1e69c336-bc76-4749-9656-389737dab87f a essentia:DerivativeMean ;
    afo:value 5.656315e-01 .

_:1eb997ae-f090-4467-81a8-f8de09496f6e a essentia:DerivativeVariance ;
    afo:values ( 3.991386e-02 4.110775e-02 2.327173e-03 1.20252e-02 2.02687e-04 2.358804e-03 ) .

_:1f35dd26-ed70-40ee-885b-65fe8553fed0 a essentia:Variance ;
    afo:value 0 .

_:1fbaf692-670a-433b-bde7-d01c4c2d3522 rdf:first 5.341036e-01 ;
    rdf:rest ( 2.325287e-01 3.88739e-02 3.300962e-02 9.507662e-03 1.015816e-02 ) .

_:1fcb5c3d-9ab1-46b1-a5c4-681a18e6baec a essentia:MelBands ;
    event:time _:3f4969d8-d891-44ed-8ebe-17c6406d68d7 ;
    afo:computed_by _:LowLevelExtractor ;
    afo:feature [ a essentia:Kurtosis ;
            afo:feature _:1d954f64-c405-43f1-baac-7d2ee2db8403,
                [ a essentia:Minimum ;
                    afo:value -1.699208e+00 ],
                [ a essentia:DerivativeVariance ;
                    afo:value 4.298706e+02 ],
                [ a essentia:SecondDerivativeMean ;
                    afo:value 1.848503e+01 ],
                [ a essentia:SecondDerivativeVariance ;
                    afo:value 1.170155e+03 ],
                [ a essentia:Median ;
                    afo:value 9.496007e+00 ],
                [ a essentia:Variance ;
                    afo:value 5.369465e+02 ],
                [ a essentia:Mean ;
                    afo:value 1.670387e+01 ],
                [ a essentia:DerivativeMean ;
                    afo:value 1.133077e+01 ] ] .

_:2031a035-a4f1-40cc-9012-aec715dba0d3 rdf:first 1.139123e-02 ;
    rdf:rest ( 1.473738e-02 1.04108e-02 1.328886e-02 3.033577e-02 6.588917e-03 7.494064e-03 2.425017e-03 2.110537e-03 1.141652e-03 6.35597e-04 5.269215e-04 5.754844e-04 2.318498e-04 2.626757e-04 3.244721e-04 2.136453e-04 1.391321e-04 8.902838e-05 1.50071e-04 1.632787e-04 1.120563e-04 3.984635e-05 3.150697e-05 4.939013e-05 6.650896e-05 4.110415e-05 3.142054e-05 6.086546e-05 7.639833e-05 8.058233e-05 9.016512e-05 1.425645e-04 1.526945e-04 8.181044e-05 1.361901e-04 4.363964e-05 4.226655e-05 1.759884e-05 1.954438e-05 ) .

_:2047e61f-a152-45ae-871f-851df65832e2 a essentia:SecondDerivativeVariance ;
    afo:value 1.389767e-03 .

_:20bdc071-f609-4f4e-a80b-bf871ae1effd rdf:first 1.234156e-06 ;
    rdf:rest ( 2.459536e-06 9.769474e-07 4.502245e-06 2.176869e-05 1.526336e-07 6.104246e-08 2.012336e-08 1.624634e-08 5.342012e-09 5.68828e-09 3.216491e-09 1.785044e-09 3.589967e-10 3.564132e-10 2.905412e-10 2.532486e-10 9.110721e-11 1.872587e-10 7.156749e-10 7.118618e-10 1.063881e-10 7.738887e-12 1.963845e-12 3.117727e-12 4.626279e-12 2.830682e-12 2.619836e-12 4.407386e-12 7.952786e-12 8.938709e-12 1.425069e-11 1.613957e-11 2.302362e-11 1.369218e-11 2.801634e-11 3.638255e-12 2.173105e-12 5.723116e-13 3.81003e-13 ) .

_:21af9632-28b2-49df-9909-51552a4caf90 a essentia:Minimum ;
    afo:value 144 .

_:23b05b9a-4483-4cf0-b4c7-d711e2b4f62b a essentia:Variance ;
    afo:value 3.300442e+02 .

_:244b8008-50d4-4e89-8ebf-1013083ac02e a essentia:SecondDerivativeMean ;
    afo:value 9.698679e-01 .

_:247fca39-f045-4b80-8906-762e9cad23c7 a essentia:DerivativeMean ;
    afo:value 6.519208e-02 .

_:24acccc2-1724-4657-b407-0e8cc2e2f677 a essentia:Maximum ;
    afo:value 3.880785e-01 .

_:24c8af6e-d9be-4a34-a8df-32156613911e a essentia:Median ;
    afo:value 3.025547e-01 .

_:26cafdfc-2b9b-4f72-894f-fb007c6d2720 a essentia:DerivativeVariance ;
    afo:value 9.513021e-03 .

_:2800670a-1ac8-4f21-bc17-19aea69e07c2 a essentia:Centroid ;
    event:time _:3f4969d8-d891-44ed-8ebe-17c6406d68d7 ;
    afo:computed_by _:LowLevelExtractor ;
    afo:feature _:0058baf6-2edf-49e6-9d19-be91446ab6d5,
        [ a essentia:Variance ;
            afo:value 7.424854e+05 ],
        [ a essentia:Minimum ;
            afo:value 1.585971e+02 ],
        [ a essentia:DerivativeMean ;
            afo:value 2.323268e+02 ],
        [ a essentia:Median ;
            afo:value 5.413325e+02 ],
        [ a essentia:SecondDerivativeMean ;
            afo:value 3.724785e+02 ],
        [ a essentia:DerivativeVariance ;
            afo:value 1.747031e+05 ],
        [ a essentia:SecondDerivativeVariance ;
            afo:value 3.378679e+05 ],
        [ a essentia:Maximum ;
            afo:value 1.14962e+04 ] .

_:28957a42-5c79-47c4-a490-4afd8c23f03a a essentia:DerivativeVariance ;
    afo:value 8.520802e-04 .

_:2954a7e9-0b04-4ac0-bb6e-db756a9dceaf a essentia:Minimum ;
    afo:values ( -9.722987e-01 -9.736091e-01 -9.716862e-01 -9.687245e-01 -9.589752e-01 -9.600382e-01 ) .

_:296a0c65-6454-4ce4-9b41-31796ad958d9 a essentia:Median ;
    afo:values ( -7.354692e+00 -7.331785e+00 -8.564869e+00 -9.39233e+00 -9.559343e+00 -1.195091e+01 ) .

_:2a195b90-b356-49c3-97b6-daa7a704c86d a essentia:Median ;
    afo:value 2.880859e-02 .

_:2a6fa3aa-16c0-45c2-ab5b-9ac067e51065 a essentia:DerivativeVariance ;
    afo:value 5.876489e-04 .

_:2aba7c3b-1378-4d46-8eda-9b20a5130b47 a essentia:Median ;
    afo:value 8.731353e+00 .

_:2b295735-abe4-436d-9113-ce89e1ab2545 a essentia:SecondDerivativeMean ;
    afo:value 1.035705e-03 .

_:2b491087-99a7-420f-ab99-8aa26a27254b a essentia:SecondDerivativeVariance ;
    afo:values ( 2.724329e-06 6.427314e-06 2.648806e-06 1.150511e-05 5.883087e-05 3.936917e-07 1.146752e-07 4.472543e-08 3.734014e-08 1.282409e-08 1.601882e-08 8.452914e-09 3.797715e-09 8.409879e-10 8.632801e-10 7.04161e-10 6.723255e-10 2.400965e-10 5.351296e-10 2.085029e-09 2.068449e-09 3.089848e-10 2.162368e-11 4.697531e-12 6.479829e-12 1.193865e-11 7.10936e-12 5.883561e-12 9.345203e-12 1.664581e-11 1.877319e-11 3.019926e-11 3.764429e-11 4.899993e-11 3.048241e-11 6.628811e-11 8.970084e-12 5.54259e-12 1.259242e-12 9.519202e-13 ) .

_:2ca14137-96d4-44f1-8940-afdb428359fe a essentia:DerivativeMean ;
    afo:value 1.068215e-02 .

_:2cf8a50c-ce8f-4098-b517-b0d11c281848 a essentia:DerivativeMean ;
    afo:value 2.824535e-02 .

_:2d0d1013-0f57-457f-9160-c09b3a81a73d a essentia:DerivativeVariance ;
    afo:value 3.648752e-07 .

_:2df83ab9-843f-498a-b5a3-0be2f90e10a0 a essentia:Maximum ;
    afo:values ( 2.220872e-03 4.077898e-02 3.744031e-02 1.831396e-02 1.261484e-01 2.722159e-02 3.204562e-02 1.133889e-02 1.106042e-02 4.851179e-03 3.852458e-03 2.016582e-03 2.582515e-03 1.749005e-03 1.129047e-03 2.499789e-03 1.892644e-03 5.806888e-04 1.386638e-03 1.008735e-03 2.943114e-03 5.4729e-03 4.875412e-03 2.869847e-03 1.266501e-03 1.261349e-04 2.918814e-05 ) .

_:2e3eee3a-be82-4e19-bfe0-aa3f63d01044 a essentia:SecondDerivativeMean ;
    afo:value 1.513827e-03 .

_:2e6929ac-5648-4d8a-8018-83f9fb76afeb a essentia:Maximum ;
    afo:value 8.600996e-01 .

_:2e8a379b-d0eb-48db-b19f-b59a015b85d4 a essentia:DerivativeVariance ;
    afo:values ( 4.948396e-08 1.354805e-05 1.691696e-05 3.064278e-06 3.947215e-04 1.127514e-05 1.374435e-06 5.32014e-07 2.620371e-07 2.787006e-07 1.052258e-07 2.920037e-08 2.649087e-08 2.005653e-08 2.907375e-08 1.772925e-07 2.868621e-08 9.118419e-10 2.60551e-09 2.31525e-09 1.079122e-08 3.32594e-08 5.618585e-08 1.650067e-08 2.074263e-09 4.243066e-11 9.339237e-13 ) .

_:2ea18d09-020c-4d5c-bcdc-1e0451eafb9c rdf:first 4.868287e-02 ;
    rdf:rest ( 4.183685e-01 1.692256e+00 3.932644e+00 5.674867e+00 1.889346e+01 2.332978e+01 9.226144e+00 9.884946e+00 1.040956e+01 9.698484e+00 7.899975e+00 6.777264e+00 6.896802e+00 1.030595e+01 4.713178e+00 4.938619e+00 3.899311e+00 2.4078e+00 4.439657e+00 5.558306e+00 3.119281e+00 1.458453e+00 1.344281e+00 8.841534e-01 9.332557e-01 8.831635e-01 8.877541e-01 1.144612e+00 1.122476e+00 1.094088e+00 6.198688e-01 2.841989e-01 1.267106e-01 3.984507e-02 1.091545e-02 2.227795e-03 3.731542e-04 3.880119e-05 1.664641e-05 ) .

_:2f261ce0-c07b-4d30-bf83-3963dd4b954f a essentia:Median ;
    afo:value 7.42781e-06 .

_:2f396b2b-725a-449d-8987-a6dcdb68dd90 a essentia:SecondDerivativeVariance ;
    afo:value 3.489894e-04 .

_:2f8551f9-c2bc-460f-a714-ae3776496d6e a essentia:Minimum ;
    afo:values ( 1.859212e-24 2.989485e-23 2.637609e-23 7.987288e-24 4.064304e-23 2.70011e-23 5.599626e-23 2.94182e-23 5.501813e-23 2.6395e-23 6.21561e-23 3.032814e-23 4.934122e-23 4.80169e-23 1.833272e-22 1.466752e-22 2.778289e-22 1.558817e-22 2.86008e-22 3.586229e-22 5.820921e-22 4.814994e-22 5.362808e-22 7.711213e-22 1.49e-21 1.790648e-21 2.163883e-21 ) .

_:3010786c-817f-45b2-b180-2c41527177a8 a essentia:SecondDerivativeMean ;
    afo:value 1.180537e-02 .

_:31491a28-3fc4-40ce-84bf-2ebd46cedbd3 a essentia:Variance ;
    afo:value 4.857587e-04 .

_:31a7cdc6-8d21-430b-9a00-36f27786ec68 a essentia:DerivativeMean ;
    afo:value 3.735772e+00 .

_:31d4dfdd-d745-496c-b2fe-406bcccb27ce rdf:first 4.039294e-04 ;
    rdf:rest ( 6.157996e-04 4.563456e-04 7.492223e-04 1.298435e-03 1.671701e-04 1.009235e-04 7.087366e-05 5.491032e-05 3.345222e-05 2.972058e-05 2.286698e-05 2.096082e-05 8.745197e-06 7.856037e-06 7.037629e-06 6.261667e-06 4.040703e-06 4.802167e-06 8.991143e-06 8.561032e-06 3.712355e-06 1.30619e-06 6.442704e-07 6.523112e-07 4.661178e-07 5.943481e-07 5.505323e-07 4.995853e-07 5.199043e-07 5.175507e-07 7.217109e-07 6.165938e-07 6.763612e-07 6.653985e-07 6.656565e-07 3.054093e-07 2.280218e-07 1.482701e-07 9.358754e-08 ) .

_:32d2e420-e4e3-4e4e-a6b5-10b8b0d0bc8c a essentia:DerivativeVariance ;
    afo:value 0 .

_:32e9829a-c342-42b0-8115-efb9192caee6 a essentia:Mean ;
    afo:value 144 .

_:338e158c-2c9d-48d2-a52d-542dafc835bf rdf:first 1 ;
    rdf:rest ( 1 1 1 1 1 1 1 1 1 1 1 1 1 1 1 1 1 1 1 1 1 1 1 1 1 1 1 1 1 1 1 1 1 1 1 ) .

_:33c3053e-eb29-4f03-b3d8-bf1d73304601 a essentia:DerivativeVariance ;
    afo:value 4.695127e-01 .

_:33d8fef6-5f77-43dc-b893-7d4b54334d89 a essentia:FlatnessDB ;
    afo:feature _:11c9080c-1333-46ad-a04f-8fae87e427e9,
        _:24acccc2-1724-4657-b407-0e8cc2e2f677,
        _:28957a42-5c79-47c4-a490-4afd8c23f03a,
        _:2cf8a50c-ce8f-4098-b517-b0d11c281848,
        [ a essentia:Median ;
            afo:value 2.116173e-01 ],
        [ a essentia:Minimum ;
            afo:value 2.679784e-02 ],
        [ a essentia:SecondDerivativeVariance ;
            afo:value 1.896632e-03 ],
        [ a essentia:SecondDerivativeMean ;
            afo:value 4.147007e-02 ],
        [ a essentia:Mean ;
            afo:value 2.103166e-01 ] .

_:3404ed18-4831-4095-8cf4-f96f3174a623 a essentia:Mean ;
    afo:values _:1053afa2-e127-4d97-8710-d49768918c37 .

_:3423cdfe-9aa7-4c48-9dfd-7b8460619e69 a essentia:Variance ;
    afo:value 2.186973e+00 .

_:346f10a0-cd86-4af3-940f-3ac71a96818a a essentia:Mean ;
    afo:value 1.723206e+00 .

_:34dbaee5-bb6f-487e-866d-8de8830593a5 a essentia:SecondDerivativeVariance ;
    afo:value 6.831578e-06 .

_:353dac8b-4dfb-4f60-ac0a-e94affd6b792 a essentia:SecondDerivativeVariance ;
    afo:value 6.013775e-03 .

_:35fc6fd6-5eb6-426f-b032-cf80c16aa279 a essentia:DerivativeMean ;
    afo:value 9.553077e+00 .

_:36a4ba75-0451-4678-8b86-f3b1557d8998 a essentia:SecondDerivativeVariance ;
    afo:value 1.709898e+02 .

_:371e8f5b-6c96-4b37-ac6e-6dfc44d4b808 a essentia:Skewness ;
    event:time _:3f4969d8-d891-44ed-8ebe-17c6406d68d7 ;
    afo:computed_by _:LowLevelExtractor ;
    afo:feature _:244b8008-50d4-4e89-8ebf-1013083ac02e,
        _:33c3053e-eb29-4f03-b3d8-bf1d73304601,
        [ a essentia:Mean ;
            afo:value 2.697508e+00 ],
        [ a essentia:Variance ;
            afo:value 2.186342e+00 ],
        [ a essentia:Maximum ;
            afo:value 1.081686e+01 ],
        [ a essentia:DerivativeMean ;
            afo:value 6.412455e-01 ],
        [ a essentia:SecondDerivativeVariance ;
            afo:value 1.016592e+00 ],
        [ a essentia:Minimum ;
            afo:value -1.768741e-01 ],
        [ a essentia:Median ;
            afo:value 2.380899e+00 ] .

_:371f8954-bc88-418a-b58f-073cd276fc50 a essentia:DerivativeMean ;
    afo:value 7.837901e-03 .

