@prefix afo: <https://w3id.org/afo/onto/1.1#> .
@prefix dc: <http://purl.org/dc/elements/1.1/> .
@prefix essentia: <http://sovarr.c4dm.eecs.qmul.ac.uk/af/essentia/> .
@prefix event: <http://purl.org/NET/c4dm/event.owl#> .
@prefix foaf: <http://xmlns.com/foaf/0.1/> .
@prefix mo: <http://purl.org/ontology/mo/> .
@prefix rdf: <http://www.w3.org/1999/02/22-rdf-syntax-ns#> .
@prefix rdfs: <http://www.w3.org/2000/01/rdf-schema#> .
@prefix tl: <http://purl.org/NET/c4dm/timeline.owl#> .
@prefix xml: <http://www.w3.org/XML/1998/namespace> .
@prefix xsd: <http://www.w3.org/2001/XMLSchema#> .

<http://musicbrainz.org/release/5151d770-a20a-48e8-9913-b432067702f6> a mo:Release ;
    dc:date "2007" ;
    dc:title "I crudeli" ;
    mo:catalogue_number "RED176-2" ;
    mo:publisher [ a mo:Label ;
            foaf:name "Dagored" ] ;
    mo:track <http://musicbrainz.org/recording/525f1880-b93e-4f85-9636-0f29ff770457> ;
    essentia:asin "B000R9IXZS" ;
    essentia:barcode "8013252017629" ;
    foaf:maker <http://musicbrainz.org/artist/a16e47f5-aa54-47fe-87e4-bb8af91a9fdd> .

<10+Seconda+congiura.flac> a mo:AudioFile ;
    mo:encodes [ a essentia:Signal ;
            mo:sample_rate "44100"^^xsd:interger ;
            mo:time _:62eb6306-62e8-4459-8342-5c6c4554faa6 ;
            essentia:bit_rate "0"^^xsd:float ;
            essentia:codec "flac"^^xsd:string ;
            essentia:downmix "mix"^^xsd:string ;
            essentia:equal_loudness "0"^^xsd:float ;
            essentia:lossless true ;
            essentia:md5_encoded "9a80d0f2ead956400ba326b8e7da8936"^^xsd:string ;
            essentia:replay_gain "1.11489677429"^^xsd:float ] .

<http://musicbrainz.org/artist/a16e47f5-aa54-47fe-87e4-bb8af91a9fdd> a mo:MusicArtist ;
    foaf:name "Ennio Morricone" .

<http://musicbrainz.org/recording/525f1880-b93e-4f85-9636-0f29ff770457> a mo:Track ;
    dc:title "Seconda congiura" ;
    mo:available_as <10+Seconda+congiura.flac> ;
    mo:genre [ a mo:Genre ;
            rdfs:label "Soundtrack" ] ;
    mo:track_number "10" .

[] a essentia:VersionInfo .

_:00d4dd72-63b8-4c67-a71c-97a521b3b635 a essentia:Minimum ;
    afo:value 0 .

_:01b1978f-17d2-48c0-9799-4341d98772d6 a essentia:DerivativeMean ;
    afo:value 8.247423e-03 .

_:0258ec6f-ad52-4f95-8034-5ac59dc4f210 a essentia:Variance ;
    afo:value 2277200 .

_:0281a5f0-a8da-4437-bc3b-5c566e245b1d a essentia:SecondDerivativeVariance ;
    afo:value 1.731973e-03 .

_:02bfeb38-391a-4c96-a64f-4ce5078ad258 a essentia:SecondDerivativeMean ;
    afo:value 1.852419e-03 .

_:02dbc5fe-8cbd-4ea7-8921-fa1efc5855d7 a essentia:DerivativeVariance ;
    afo:values ( 3.192108e-04 1.331829e-01 2.89466e+00 3.458421e+01 1.295602e+02 5.822017e+00 2.017702e+01 8.71016e+01 1.288115e+02 3.08682e+03 1.993576e+02 1.143898e+04 1.15291e+03 4.665936e+02 2.107673e+02 2.403116e+01 3.040023e+01 3.682709e+01 1.699958e+01 2.549834e+02 2.333856e+02 2.409647e+02 9.640048e+00 7.712792e+00 6.136513e+00 1.784805e+00 3.952862e+00 1.160059e+01 1.178804e+00 4.062393e-01 1.534751e-01 4.963419e-02 7.377759e-02 1.005246e-01 4.965819e-02 6.970272e-03 8.621713e-04 3.794511e-05 1.831063e-07 2.221288e-10 ) .

_:03cfc869-e9f6-481d-aa42-a39e6babec63 rdf:first 1.820414e-03 ;
    rdf:rest ( 9.95492e-02 7.151976e-02 1.493616e-01 6.958284e-02 3.547934e-02 7.916392e-02 3.650212e-02 1.835195e-01 1.653618e-02 9.324205e-03 7.604143e-03 8.378281e-03 4.819507e-03 7.706097e-03 1.056868e-02 1.918812e-02 1.168461e-03 1.649052e-03 7.882683e-04 3.03591e-03 6.289144e-04 6.06432e-04 3.17317e-04 1.011592e-03 5.104131e-04 7.522749e-05 ) .

_:04125ecd-2030-4f32-ac97-b65dbf6805e6 a essentia:Minimum ;
    afo:value 1.518118e+00 .

_:04c5f5e3-8c81-4387-b066-859050ffdf4c a essentia:DerivativeVariance ;
    afo:values ( 1.270431e-01 1.498434e-01 1.756362e-01 1.327475e-01 1.544546e-01 1.272796e-01 ) .

_:04ccccb9-b1ba-4e94-837a-636138f1d336 a essentia:Mean ;
    afo:values ( 6.237338e-01 1.903366e-01 1.277982e-01 4.257168e-02 4.589213e-02 2.705352e-02 ) .

_:04d8a674-29d3-4cf3-b193-c7888a8a3025 a essentia:Variance ;
    afo:value 1.735121e-04 .

_:05908e58-9c59-4f8c-8074-56fb23eb504a a essentia:Median ;
    afo:value 5.249e-03 .

_:05bc3c9c-936e-4c82-b54b-0c0290826726 a essentia:DerivativeMean ;
    afo:values ( 3.435621e-01 3.444172e-01 3.485092e-01 2.746898e-01 2.105044e-01 1.938775e-01 ) .

_:05d2130b-ceb4-41e5-9f58-27eff3de2fba a essentia:Minimum ;
    afo:value 1.293463e+06 .

_:05d37118-1b42-4ed6-bb5c-b8f271e3ad25 a essentia:Median ;
    afo:value 1.067054e+01 .

_:05e4dad7-395b-4635-a523-84a7587f7b81 a essentia:Median ;
    afo:value 6.609399e+00 .

_:05e701a9-9f12-454c-98a8-37bcdd025d8b a essentia:Minimum ;
    afo:value 0 .

_:05fc3d7f-dd49-4da1-b5d2-37ce1f1fca54 a essentia:HPCP ;
    event:time _:62eb6306-62e8-4459-8342-5c6c4554faa6 ;
    afo:computed_by _:LowLevelExtractor ;
    afo:feature [ a essentia:Entropy ;
            afo:feature [ a essentia:Median ;
                    afo:value 1.404549e+00 ],
                [ a essentia:SecondDerivativeMean ;
                    afo:value 9.124622e-01 ],
                [ a essentia:DerivativeVariance ;
                    afo:value 2.404463e-01 ],
                [ a essentia:DerivativeMean ;
                    afo:value 5.400053e-01 ],
                [ a essentia:Mean ;
                    afo:value 1.44971e+00 ],
                [ a essentia:Variance ;
                    afo:value 8.804851e-01 ],
                [ a essentia:SecondDerivativeVariance ;
                    afo:value 6.304793e-01 ],
                [ a essentia:Maximum ;
                    afo:value 4.615587e+00 ],
                [ a essentia:Minimum ;
                    afo:value 0 ] ] .

_:061a6f7f-af5b-4b1c-9913-fb6a22b10cca a essentia:SecondDerivativeVariance ;
    afo:value 1.982104e+02 .

_:0647414e-824b-4187-a79f-29a15b4430c7 a essentia:SecondDerivativeMean ;
    afo:values ( 1.839513e-04 4.068272e-04 4.505301e-04 2.142071e-04 6.283218e-05 1.09429e-04 1.030667e-04 1.434846e-04 4.489002e-05 1.595966e-04 5.02882e-05 3.439622e-05 2.356318e-05 9.975556e-06 3.421573e-06 5.065842e-06 3.316919e-06 3.310065e-06 4.199717e-06 8.287146e-06 4.873332e-06 4.589793e-06 1.792906e-06 1.348296e-06 9.950933e-07 7.879921e-07 4.822241e-07 3.85411e-07 5.541007e-07 4.661279e-07 4.386235e-07 2.572293e-07 1.563333e-07 9.096831e-08 6.382421e-08 4.727796e-08 4.444917e-08 6.009028e-08 7.304729e-08 7.803269e-08 ) .

_:06d701a7-d256-40db-9c1f-5f7dde1fb0d8 a essentia:Mean ;
    afo:value 4.931497e-05 .

_:07098071-4ddf-4527-9cf0-8c7f916f3cf6 a essentia:Maximum ;
    afo:value 2.268439e-01 .

_:085682d3-a9f7-40da-b0ca-da661ec6fdee a essentia:Minimum ;
    afo:values ( 2.967523e-25 3.273524e-24 1.400169e-24 3.089973e-25 3.813353e-24 1.040675e-23 1.4473e-23 6.938806e-24 1.23494e-23 1.343654e-23 1.70657e-23 2.752813e-23 2.914931e-23 2.347175e-23 2.217791e-23 6.180452e-23 7.498811e-23 8.846054e-23 1.016719e-22 1.163091e-22 2.075951e-22 2.967331e-22 4.049817e-22 5.050957e-22 9.027698e-22 1.15723e-21 1.912047e-21 ) .

_:088bb825-f5ae-44e6-aaa6-c10854d00a5c a essentia:Variance ;
    afo:value 2.69921e+13 .

_:08f74095-0665-4ff5-bf32-8ac403141aeb a essentia:SecondPeakSpread ;
    event:time _:62eb6306-62e8-4459-8342-5c6c4554faa6 ;
    afo:computed_by _:LowLevelExtractor ;
    afo:feature [ a essentia:Median ;
            afo:value 6.212121e-01 ],
        [ a essentia:Maximum ;
            afo:value 6.212121e-01 ],
        [ a essentia:DerivativeMean ;
            afo:value 0 ],
        [ a essentia:Minimum ;
            afo:value 6.212121e-01 ],
        [ a essentia:SecondDerivativeVariance ;
            afo:value 0 ],
        [ a essentia:Mean ;
            afo:value 6.212121e-01 ],
        [ a essentia:SecondDerivativeMean ;
            afo:value 0 ],
        [ a essentia:Variance ;
            afo:value 0 ],
        [ a essentia:DerivativeVariance ;
            afo:value 0 ] .

_:091a5088-7d37-4f80-98be-841cbfe959f8 a essentia:Mean ;
    afo:value 3.366838e-01 .

_:09396096-ae83-45c7-a877-9c5fadabd8bb a essentia:ChordsStrength ;
    event:time _:62eb6306-62e8-4459-8342-5c6c4554faa6 ;
    afo:computed_by _:LowLevelExtractor ;
    afo:feature [ a essentia:DerivativeVariance ;
            afo:value 7.645043e-04 ],
        [ a essentia:SecondDerivativeMean ;
            afo:value 6.37371e-03 ],
        [ a essentia:Maximum ;
            afo:value 7.359304e-01 ],
        [ a essentia:Minimum ;
            afo:value -1 ],
        [ a essentia:Variance ;
            afo:value 2.636748e-02 ],
        [ a essentia:SecondDerivativeVariance ;
            afo:value 1.333221e-03 ],
        [ a essentia:Median ;
            afo:value 5.135432e-01 ],
        [ a essentia:Mean ;
            afo:value 4.989733e-01 ],
        [ a essentia:DerivativeMean ;
            afo:value 6.301782e-03 ] .

_:0a862317-f5b4-4c7b-b5fb-2ccb52de1038 rdf:first 1.222171e+04 ;
    rdf:rest ( 2.791881e+03 -1.294368e+03 2.647041e+02 -7.81839e+02 -1.356612e+02 -3.046704e+02 7.303841e+01 -2.625062e+02 -5.023473e+02 -4.936706e+02 -3.899415e+02 -4.185387e+02 2.791881e+03 3.512538e+03 1.805308e+02 4.820893e+01 -3.176009e+02 -7.735752e+01 -1.550613e+01 2.834424e+02 -1.76395e+02 -2.715289e+02 -3.35803e+02 -3.30641e+02 -3.162833e+02 -1.294368e+03 1.805308e+02 9.65054e+02 -8.150417e+01 1.899962e+01 5.720663e+01 1.169475e+02 9.709128e+01 -3.084495e+01 1.547659e+01 -1.614252e+01 -6.493571e+01 -9.059881e+01 2.647041e+02 4.820893e+01 -8.150417e+01 3.531302e+02 1.216398e+02 5.034604e+01 -1.976453e+01 6.699766e+00 8.899445e+01 8.725435e+00 -1.524051e+01 -2.586854e+00 -7.358731e+00 -7.81839e+02 -3.176009e+02 1.899962e+01 1.216398e+02 3.22472e+02 5.451586e+01 -7.340888e+00 -2.21799e+01 8.128443e+01 7.38367e+01 3.9963e+01 5.206862e+01 5.874518e+01 -1.356612e+02 -7.735752e+01 5.720663e+01 5.034604e+01 5.451586e+01 1.783256e+02 6.97026e+01 4.547186e+01 3.588885e+01 -8.378781e+00 -1.799446e+01 -1.212944e+01 -1.121365e+01 -3.046704e+02 -1.550613e+01 1.169475e+02 -1.976453e+01 -7.340888e+00 6.97026e+01 1.426583e+02 5.974832e+01 -2.646204e+00 6.155256e+00 9.626976e+00 -1.496656e+01 -2.057115e+01 7.303841e+01 2.834424e+02 9.709128e+01 6.699766e+00 -2.21799e+01 4.547186e+01 5.974832e+01 1.468188e+02 1.80476e+01 -2.807395e+01 -4.46757e+01 -6.244185e+01 -4.941285e+01 -2.625062e+02 -1.76395e+02 -3.084495e+01 8.899445e+01 8.128443e+01 3.588885e+01 -2.646204e+00 1.80476e+01 1.726646e+02 6.637519e+01 4.477789e+00 1.649141e+01 1.145644e+01 -5.023473e+02 -2.715289e+02 1.547659e+01 8.725435e+00 7.38367e+01 -8.378781e+00 6.155256e+00 -2.807395e+01 6.637519e+01 1.349927e+02 8.908425e+01 4.983304e+01 3.23004e+01 -4.936706e+02 -3.35803e+02 -1.614252e+01 -1.524051e+01 3.9963e+01 -1.799446e+01 9.626976e+00 -4.46757e+01 4.477789e+00 8.908425e+01 1.48938e+02 8.985428e+01 5.796556e+01 -3.899415e+02 -3.30641e+02 -6.493571e+01 -2.586854e+00 5.206862e+01 -1.212944e+01 -1.496656e+01 -6.244185e+01 1.649141e+01 4.983304e+01 8.985428e+01 1.380545e+02 1.020809e+02 -4.185387e+02 -3.162833e+02 -9.059881e+01 -7.358731e+00 5.874518e+01 -1.121365e+01 -2.057115e+01 -4.941285e+01 1.145644e+01 3.23004e+01 5.796556e+01 1.020809e+02 1.544743e+02 ) .

_:0a9f375e-c891-48e9-87cf-d0f4cabcf522 a essentia:SecondDerivativeVariance ;
    afo:value 3.538867e-06 .

_:0aad193c-1bad-4905-839b-f457800e9dde a essentia:Median ;
    afo:value 4.827586e-01 .

_:0ad6a7f1-4bec-45eb-b609-bf2af7160f48 a essentia:SecondDerivativeVariance ;
    afo:value 8.629719e+00 .

_:0b0b7a96-b711-46cf-aa6e-59e3d1609fd4 a essentia:KeyScale ;
    event:time _:62eb6306-62e8-4459-8342-5c6c4554faa6 ;
    afo:value "minor" .

_:0b111f28-bb40-4104-89ed-e513a8d0a55d a essentia:Mean ;
    afo:value 1.285364e+01 .

_:0bc277a2-0e71-4034-9b48-bd3d76c6e4c3 a essentia:Mean ;
    afo:value 2.00648e+01 .

_:0c8bd7d8-2982-4e4a-aa5c-a077efb6c1d8 a essentia:Median ;
    afo:values ( 1.592804e-04 2.890924e-04 1.443389e-04 9.652714e-05 3.540313e-05 5.399933e-05 2.941988e-05 1.477314e-05 5.577401e-06 8.192662e-06 8.194153e-06 4.754055e-06 2.294652e-06 9.253017e-07 6.085464e-07 5.429839e-07 4.093066e-07 6.582945e-07 8.253973e-07 8.54087e-07 5.967524e-07 4.132051e-07 5.190457e-07 4.062009e-07 1.61178e-07 1.331093e-07 8.09143e-08 6.723015e-08 5.273184e-08 3.005686e-08 2.339061e-08 1.431483e-08 8.658172e-09 5.187391e-09 3.034563e-09 2.27169e-09 1.671728e-09 1.424081e-09 1.310401e-09 1.201073e-09 ) .

_:0cc1e3f0-51dd-4ceb-a7c0-7c720114e390 a essentia:Variance ;
    afo:value 8.494611e-06 .

_:0db100a1-01f1-44d7-ac38-8ce00825ce4f a essentia:Mean ;
    afo:value 4227532 .

_:0e20e433-f565-4bd2-a9d1-fd382e16e10e a essentia:DerivativeMean ;
    afo:value 3.764228e-01 .

_:0e3ae0c9-2324-4e25-8b42-3722eb12c115 a essentia:SecondDerivativeVariance ;
    afo:value 0 .

_:0e972f31-93eb-4d14-a546-3230e241dc53 a essentia:Variance ;
    afo:value 5.266437e-06 .

_:0f18fbae-92b7-4154-b144-c92cd996a363 a essentia:Mean ;
    afo:values ( -6.570078e-01 -7.109325e-01 -7.519906e-01 -7.85695e-01 -8.218498e-01 -7.917842e-01 ) .

_:0f2fd900-a4a1-412c-ae96-9850a33d469e a essentia:Variance ;
    afo:values ( 1.737031e-03 4.00865e+00 5.412819e+01 6.349585e+02 3.532568e+03 8.50122e+01 1.363479e+02 3.610471e+02 7.72644e+02 7.249239e+03 4.561836e+02 2.008436e+04 3.034694e+03 1.353207e+03 5.681392e+02 7.313961e+01 1.51935e+02 1.501357e+02 5.6039e+01 3.25527e+02 3.11537e+02 3.705026e+02 1.359581e+01 6.732518e+00 1.146466e+01 2.649719e+00 5.360032e+00 9.819433e+00 1.389929e+00 4.660326e-01 1.799122e-01 7.429444e-02 1.190951e-01 1.910586e-01 8.717752e-02 1.424561e-02 1.570972e-03 6.45886e-05 3.375412e-07 1.535987e-09 ) .

_:0f43831c-b420-4b9d-b9ac-51fe89fb2b27 a essentia:Minimum ;
    afo:value 4.75734e-01 .

_:0fcc2038-42ec-4450-b65d-94fa7ec86ae6 a essentia:Mean ;
    afo:value 6.750392e+00 .

_:10386d9e-2818-4cf6-8f1f-aea8e06c8cfe a essentia:Maximum ;
    afo:value 2.603941e+01 .

_:1080406c-844f-4782-8e06-d6904df4ff58 a essentia:Maximum ;
    afo:value 2.24722e-01 .

_:10aec281-02fe-4b1c-80e0-412897a3e4b6 a essentia:SecondDerivativeVariance ;
    afo:value 3.215001e+01 .

_:11f818e6-3a06-4a4a-87fe-d6219805ed54 a essentia:Median ;
    afo:value 1 .

_:123be3f7-a591-4d9c-8899-7969f3cf8eb5 a essentia:Mean ;
    afo:value 4.201458e-01 .

_:1290a41c-1925-4121-9ea5-a11c5d261ca6 a essentia:Median ;
    afo:value 2.180247e-02 .

_:12e51e35-d48a-470b-bdaf-83718decf570 a essentia:Median ;
    afo:value 6.438289e+00 .

_:12e7a8ef-1cd5-4b09-b6ba-3081bff4b9ec a essentia:SecondDerivativeVariance ;
    afo:value 4.635633e-01 .

_:132f8fee-bb5e-4395-9d16-354208427dec a essentia:SilenceRate ;
    event:time _:62eb6306-62e8-4459-8342-5c6c4554faa6 ;
    afo:computed_by _:LowLevelExtractor ;
    afo:feature _:01b1978f-17d2-48c0-9799-4341d98772d6,
        [ a essentia:Mean ;
            afo:value 9.647827e-01 ],
        [ a essentia:Median ;
            afo:value 1 ],
        [ a essentia:DerivativeVariance ;
            afo:value 8.179947e-03 ],
        [ a essentia:Variance ;
            afo:value 3.397341e-02 ],
        [ a essentia:Maximum ;
            afo:value 1 ],
        [ a essentia:SecondDerivativeMean ;
            afo:value 1.649768e-02 ],
        [ a essentia:Minimum ;
            afo:value 0 ],
        [ a essentia:SecondDerivativeVariance ;
            afo:value 1.725862e-02 ] .

_:13b0c3dd-e4f4-4466-a213-00ab62c99df3 a essentia:Maximum ;
    afo:value 2.075074e+03 .

_:144d8d20-43cf-485a-ad9d-e5b3afb72d67 a essentia:Mean ;
    afo:value 3.945423e-02 .

_:1474eaad-17d7-42dd-a522-98e82f8d0c41 a essentia:BarkBands ;
    event:time _:62eb6306-62e8-4459-8342-5c6c4554faa6 ;
    afo:computed_by _:LowLevelExtractor ;
    afo:feature [ a essentia:Skewness ;
            afo:feature [ a essentia:SecondDerivativeVariance ;
                    afo:value 2.870607e+00 ],
                [ a essentia:SecondDerivativeMean ;
                    afo:value 1.099812e+00 ],
                [ a essentia:Variance ;
                    afo:value 6.631954e+00 ],
                [ a essentia:DerivativeVariance ;
                    afo:value 1.099218e+00 ],
                [ a essentia:DerivativeMean ;
                    afo:value 7.006139e-01 ],
                [ a essentia:Minimum ;
                    afo:value -2.726744e+00 ],
                [ a essentia:Maximum ;
                    afo:value 1.880419e+01 ],
                [ a essentia:Mean ;
                    afo:value 2.468339e+00 ],
                [ a essentia:Median ;
                    afo:value 1.883356e+00 ] ] .

_:14eb4a5b-a784-4a74-b501-4c0af7dc65da rdf:first 6.825869e-08 ;
    rdf:rest ( 7.697325e-07 1.643577e-06 1.828184e-07 3.472839e-08 8.758114e-08 1.415256e-07 7.14784e-07 2.748276e-08 1.162236e-06 4.616116e-08 2.014131e-08 7.1855e-09 1.673552e-09 1.559604e-10 6.880345e-10 2.688443e-10 1.263642e-10 3.34906e-10 3.327798e-09 6.322826e-10 1.267005e-09 3.690739e-11 2.071178e-11 1.496621e-11 1.028291e-11 3.996653e-12 2.069546e-12 5.223808e-12 5.276121e-12 1.232915e-11 1.253693e-12 4.794474e-13 2.934092e-13 1.68843e-13 6.608748e-14 4.549895e-14 8.408583e-14 1.519961e-13 2.199313e-13 ) .

_:15379f17-e262-4804-a6e4-1189c7ab8837 a essentia:Minimum ;
    afo:values [ rdf:first 0 ;
            rdf:rest [ rdf:first 0 ;
                    rdf:rest [ rdf:first 0 ;
                            rdf:rest [ rdf:first 0 ;
                                    rdf:rest [ rdf:first 0 ;
                                            rdf:rest [ rdf:first 0 ;
                                                    rdf:rest () ] ] ] ] ] ] .

_:15864504-8214-4265-927e-bbe1676201ae a essentia:Maximum ;
    afo:value 1.985361e+04 .

_:15b52d45-2b2b-4372-93b2-854329b2abed rdf:first 7.304092e+00 ;
    rdf:rest ( 8.021891e+00 7.477927e+00 6.569098e+00 6.639788e+00 4.76978e+00 ) .

_:164be1b5-fc08-4d8f-8218-b81bfd88fc8a a essentia:Spread ;
    afo:feature _:05e4dad7-395b-4635-a523-84a7587f7b81,
        _:061a6f7f-af5b-4b1c-9913-fb6a22b10cca,
        [ a essentia:SecondDerivativeMean ;
            afo:value 6.647422e+00 ],
        [ a essentia:Maximum ;
            afo:value 1.795131e+02 ],
        [ a essentia:DerivativeVariance ;
            afo:value 8.163107e+01 ],
        [ a essentia:DerivativeMean ;
            afo:value 4.163923e+00 ],
        [ a essentia:Minimum ;
            afo:value 1.413721e-01 ],
        [ a essentia:Mean ;
            afo:value 1.453145e+01 ],
        [ a essentia:Variance ;
            afo:value 5.740549e+02 ] .

_:165f54f5-5ed4-449f-bc9d-da9843e29460 a essentia:Minimum ;
    afo:value -3.768914e+00 .

_:166414f3-24f8-4688-bc9c-ae9f54b0732b a essentia:Maximum ;
    afo:value 3.837132e-01 .

_:16be16a7-d407-457b-8d3d-c33ee3094da4 a essentia:DerivativeMean ;
    afo:value 9.971262e-01 .

_:170b4225-945a-4ad5-9d47-abbfb9745a0e a essentia:Maximum ;
    afo:value 136 .

_:177e8c64-58b2-4eb0-9be5-cecfcf4fc712 rdf:first 8.345571e-04 ;
    rdf:rest ( 1.334766e-01 4.772725e+00 5.008981e+01 9.376276e+01 9.814716e+00 4.114886e+01 1.873466e+02 2.643523e+02 8.319507e+03 5.32365e+02 2.311048e+04 2.162971e+03 1.203195e+03 4.546086e+02 5.48382e+01 5.648515e+01 6.865463e+01 3.527144e+01 6.729808e+02 5.856445e+02 5.862258e+02 2.59966e+01 2.15013e+01 1.483769e+01 4.793476e+00 9.723986e+00 3.21722e+01 3.037676e+00 1.106385e+00 4.213887e-01 1.276959e-01 1.985401e-01 2.536511e-01 1.313389e-01 1.818983e-02 2.266472e-03 1.00049e-04 4.762469e-07 5.157762e-10 ) .

_:17923d4c-5c3a-4a76-b337-2792dd35108f a essentia:Median ;
    afo:value -1.333721e-09 .

_:18b55274-d31f-4613-807d-09325f103285 a essentia:DerivativeMean ;
    afo:value 2.164949e-02 .

_:19474b17-5c81-4627-b0f4-c6027f68d22c a essentia:Mean ;
    afo:value 9.717543e+02 .

_:1977c9cf-1216-4da3-a47f-0b3f3658a3a0 a essentia:Maximum ;
    afo:value 4.827586e-01 .

_:19c1dc6a-65fb-4ba0-869b-ddab5ad86f96 a essentia:Danceability ;
    event:time _:62eb6306-62e8-4459-8342-5c6c4554faa6 ;
    afo:value 9.25411e-01 .

_:1a1a206c-39a8-428f-9b7e-015ee423dead a essentia:DerivativeMean ;
    afo:value 0 .

_:1aa7ef6f-7aea-48a0-bb96-7b9ab98d974d a essentia:SecondDerivativeMean ;
    afo:value 0 .

_:1bcc6b0c-09ec-44fc-92c2-2860060a6541 a essentia:Median ;
    afo:value 136 .

_:1bfabdb4-695c-4005-94aa-9ea5f4e06b7c a essentia:ChordsScale ;
    event:time _:62eb6306-62e8-4459-8342-5c6c4554faa6 ;
    afo:value "major" .

_:1c3ee820-1aaf-42d6-9886-f8be69c7f350 a essentia:Maximum ;
    afo:value 8.300547e+00 .

_:1c4538af-2323-41db-a4d4-e22f6475688d a essentia:DerivativeVariance ;
    afo:values ( 4.622196e-08 5.47105e-07 1.482958e-06 2.117985e-07 1.653871e-08 4.03346e-08 6.595766e-08 2.651884e-07 1.0373e-08 5.773152e-07 2.506904e-08 7.879447e-09 3.280789e-09 7.722289e-10 8.112892e-11 3.853304e-10 1.394668e-10 6.0255e-11 1.56798e-10 1.191006e-09 2.847552e-10 5.074172e-10 1.38464e-11 7.636434e-12 5.347246e-12 4.101395e-12 1.6655e-12 7.651885e-13 2.125757e-12 2.082243e-12 4.44262e-12 4.812016e-13 1.87993e-13 1.055013e-13 6.032706e-14 2.590445e-14 1.742308e-14 3.12271e-14 5.617245e-14 8.878309e-14 ) .

_:1c532de8-6841-4a3b-bd4c-295cf016238b rdf:first -8.199055e+02 ;
    rdf:rest ( 1.662104e+02 8.737057e+00 3.874006e+01 8.548149e+00 -1.956289e-02 1.571425e-01 4.812401e+00 1.120108e+01 9.819096e-01 -1.749198e+00 -7.933386e-01 5.801653e-01 ) .

_:1d9b2361-c659-4081-8230-e045b00c0099 rdf:first 1.276516e-04 ;
    rdf:rest ( 3.176833e-04 4.613325e-04 2.160753e-04 4.747623e-05 7.944121e-05 6.790484e-05 8.871093e-05 2.772681e-05 1.120339e-04 3.541032e-05 2.179019e-05 1.583708e-05 6.117958e-06 2.262399e-06 3.508345e-06 2.123523e-06 2.136492e-06 2.540417e-06 4.865516e-06 3.093896e-06 2.822143e-06 1.063938e-06 7.840611e-07 5.79338e-07 4.805557e-07 2.967022e-07 2.31499e-07 3.407927e-07 2.824781e-07 2.589083e-07 1.551046e-07 9.561772e-08 5.607111e-08 3.889278e-08 2.931961e-08 2.734565e-08 3.638588e-08 4.378523e-08 4.890882e-08 ) .

_:1da99845-7ceb-4155-9564-f63a95488f1c a essentia:ChordsHistogram ;
    event:time _:62eb6306-62e8-4459-8342-5c6c4554faa6 ;
    afo:value ( 3.400893e+00 8.416351e+00 8.10718e+00 6.973548e+00 0 1.374098e-01 0 5.358983e+00 6.046032e+00 1.463415e+01 7.901065e-01 9.275163e-01 3.435246e-02 7.69495e+00 3.881828e+00 4.465819e+00 5.084164e+00 5.46204e+00 1.030574e-01 5.977327e+00 0 7.935417e+00 2.404672e-01 4.32841e+00 ) .

_:1f8e9a60-aa6d-4401-a794-9467c608054a a essentia:DerivativeVariance ;
    afo:value 1.475277e-01 .

_:1f904726-6e8b-4e63-9d20-c9fa0d3840fd a essentia:Mean ;
    afo:value 7.958432e-01 .

_:20833ad6-0a4d-4344-b7ec-67938d52bc0f rdf:first -9.811354e-01 ;
    rdf:rest ( -9.761916e-01 -9.83323e-01 -9.832219e-01 -9.811991e-01 -9.807842e-01 ) .

_:208d5486-1ce5-4501-9671-647085627703 a essentia:Median ;
    afo:values ( 1.559688e-02 1.218874e-01 6.202818e-01 7.493709e-01 6.509467e-01 1.332202e+00 1.19263e+00 2.432851e+00 2.00017e+00 1.533649e+00 9.792643e-01 1.432224e+00 1.800602e+00 1.306177e+00 6.776993e-01 3.71379e-01 2.883397e-01 2.694737e-01 5.458062e-01 7.280146e-01 6.103793e-01 4.986983e-01 5.69823e-01 2.559627e-01 1.661019e-01 1.124568e-01 7.784086e-02 4.636762e-02 2.439421e-02 1.172832e-02 5.436183e-03 3.110832e-03 2.079677e-03 1.514209e-03 9.364833e-04 4.909465e-04 2.273529e-04 8.236746e-05 2.571929e-05 9.679931e-06 ) .

_:2091b235-bd6d-4d12-af18-959fae7fd28d a essentia:Minimum ;
    afo:value -6.50974e-08 .

_:20e0af66-c4e3-42c4-99e1-760b6518ac85 rdf:first 5.798302e-01 ;
    rdf:rest ( 5.791827e-01 5.782561e-01 4.490435e-01 3.396502e-01 2.865144e-01 ) .

_:211d45c3-843d-4e52-8a37-5ae081ebc38d a essentia:Variance ;
    afo:value 0 .

_:212a7875-d239-4fab-ab4b-97654ff88c71 a essentia:DerivativeVariance ;
    afo:value 0 .

_:215d9aac-db22-4361-833d-dccee0c7c765 a essentia:RollOff ;
    event:time _:62eb6306-62e8-4459-8342-5c6c4554faa6 ;
    afo:computed_by _:LowLevelExtractor ;
    afo:feature _:15864504-8214-4265-927e-bbe1676201ae,
        [ a essentia:DerivativeVariance ;
            afo:value 7.170691e+05 ],
        [ a essentia:SecondDerivativeVariance ;
            afo:value 1.65353e+06 ],
        [ a essentia:Mean ;
            afo:value 1.095759e+03 ],
        [ a essentia:Median ;
            afo:value 3.660645e+02 ],
        [ a essentia:SecondDerivativeMean ;
            afo:value 4.750515e+02 ],
        [ a essentia:Minimum ;
            afo:value 2.15332e+01 ],
        [ a essentia:DerivativeMean ;
            afo:value 2.785072e+02 ],
        [ a essentia:Variance ;
            afo:value 7471748 ] .

_:226f502d-42b3-4d9b-b76b-8c6edd39efed a essentia:FlatnessDB ;
    afo:feature _:166414f3-24f8-4688-bc9c-ae9f54b0732b,
        [ a essentia:SecondDerivativeMean ;
            afo:value 2.152205e-02 ],
        [ a essentia:Minimum ;
            afo:value 2.522419e-02 ],
        [ a essentia:SecondDerivativeVariance ;
            afo:value 5.628609e-04 ],
        [ a essentia:DerivativeMean ;
            afo:value 1.430174e-02 ],
        [ a essentia:Mean ;
            afo:value 2.028309e-01 ],
        [ a essentia:Median ;
            afo:value 2.180595e-01 ],
        [ a essentia:Variance ;
            afo:value 4.645663e-03 ],
        [ a essentia:DerivativeVariance ;
            afo:value 2.672897e-04 ] .

_:238e9f7f-2841-4de0-84e9-1625b97397b0 a essentia:SecondDerivativeMean ;
    afo:values _:20e0af66-c4e3-42c4-99e1-760b6518ac85 .

_:240c0f24-5723-477d-9fe0-ddb5423a3694 a essentia:DerivativeVariance ;
    afo:value 4.487476e-03 .

_:24af9f4f-9f50-4086-9756-5e8db71ac553 a essentia:DerivativeMean ;
    afo:value 3.1898e+00 .

_:25a6bfb6-6cec-4320-8228-664f80be5e1e a essentia:DerivativeMean ;
    afo:value 1.432943e-03 .

_:26b81d28-6092-4c31-bcd4-13353b803105 rdf:first 9.026816e-09 ;
    rdf:rest ( 1.530143e-06 2.090895e-06 1.174406e-05 2.682558e-06 1.020127e-06 5.969338e-06 9.79948e-07 1.679115e-05 3.329011e-07 1.480062e-07 4.412207e-08 2.739074e-08 1.305358e-08 1.694112e-08 1.49004e-07 1.025035e-07 3.400538e-09 2.501803e-09 8.691414e-10 4.288612e-09 7.763283e-10 1.876086e-10 1.680952e-10 8.740717e-10 2.932575e-10 6.805282e-12 ) .

_:2741977e-9261-4c3c-9899-2b0cbeecefa3 a essentia:DerivativeVariance ;
    afo:value 3.319288e-02 .

_:2789f2d3-95fb-4903-9d55-c0f213bb7364 a essentia:MelBands ;
    event:time _:62eb6306-62e8-4459-8342-5c6c4554faa6 ;
    afo:computed_by _:LowLevelExtractor ;
    afo:feature _:164be1b5-fc08-4d8f-8218-b81bfd88fc8a .

_:2ab93d65-4928-4e0a-8b28-c744983881f6 a essentia:Variance ;
    afo:values ( 7.43754e-02 2.075177e-02 3.02103e-02 8.993719e-02 4.199511e-02 3.259909e-02 4.043711e-02 3.239441e-02 6.141564e-02 3.836652e-02 8.966705e-03 6.961601e-03 1.075002e-02 1.276805e-02 1.041016e-02 7.847268e-03 8.779881e-03 2.519271e-02 5.31384e-02 2.277604e-02 2.75684e-02 7.207648e-02 1.124458e-01 1.392118e-01 1.079467e-01 4.668921e-02 2.598501e-02 5.958213e-02 3.458719e-02 3.161277e-02 7.411712e-02 3.934737e-02 5.962556e-02 9.787966e-02 4.032684e-02 6.747898e-02 ) .

_:2aec7404-9f7b-4893-bec4-17f5112cddbb a essentia:Median ;
    afo:value 2.064399e+00 .

_:2b71b2fc-1139-4946-bab2-5e3389e71c77 a essentia:Mean ;
    afo:values ( -1.747486e+02 1.297942e+02 -8.644067e+01 2.189663e+01 -3.395827e+01 -7.684566e+00 -2.095142e+01 8.152809e+00 -1.198976e+01 3.21427e-01 -1.566177e+01 4.200065e-01 -2.256082e+00 ) .

_:2b74893b-32ef-41eb-9e72-ddba5428a48e a essentia:Variance ;
    afo:values ( 1.099873e-06 1.236088e-05 3.609719e-05 5.341886e-06 1.080151e-07 1.743455e-07 3.084531e-07 6.570815e-07 2.050462e-08 1.02711e-06 7.045321e-08 2.371578e-08 8.686795e-09 2.241457e-09 3.172461e-10 2.115715e-09 4.633747e-10 1.681358e-10 5.569892e-10 8.540255e-10 5.348511e-10 6.741351e-10 2.440287e-11 8.272871e-12 4.429601e-12 6.75169e-12 3.936471e-12 9.599232e-13 2.584196e-12 2.955638e-12 3.557883e-12 5.692884e-13 2.154553e-13 1.176175e-13 6.918045e-14 3.205395e-14 2.636347e-14 4.846625e-14 8.966218e-14 1.70039e-13 ) .

_:2b7ebfee-5ea8-4bd8-b003-20c0323b7fcc a essentia:Variance ;
    afo:value 7.173584e-04 .

_:2bce6a2b-a9e6-4ae1-98e6-f3bb85b143bb rdf:first 5.32684e-02 ;
    rdf:rest ( 3.210317e-02 3.96253e-02 4.145378e-02 3.695723e-02 5.005014e-02 4.338345e-02 4.630196e-02 4.685982e-02 3.181836e-02 2.368973e-02 1.534388e-02 1.813608e-02 2.723644e-02 2.023609e-02 2.034311e-02 2.143538e-02 2.650247e-02 1.926726e-02 2.483351e-02 1.824059e-02 2.474833e-02 1.780856e-01 2.12204e-01 3.260173e-02 3.749965e-02 2.569626e-02 1.463912e-02 2.979896e-02 5.178797e-02 7.008784e-02 7.796793e-02 7.999098e-02 7.950184e-02 7.746378e-02 8.403146e-02 ) .

_:2bdd70ed-22f2-4d9b-ba60-dc782addc7e1 a essentia:Minimum ;
    afo:values ( 4.264293e-23 6.635627e-22 2.160562e-21 5.167218e-21 8.285224e-21 9.012291e-21 4.200577e-20 7.577757e-20 1.28751e-19 1.911793e-19 2.136629e-19 3.401332e-19 5.78446e-19 5.947121e-19 1.301159e-18 1.264673e-18 1.581843e-18 1.679368e-18 2.753604e-18 1.738731e-18 4.19699e-18 4.355973e-18 5.608745e-18 6.78433e-18 5.892519e-18 5.810209e-18 1.00095e-17 8.037621e-18 1.037339e-17 1.206449e-17 1.134581e-17 1.026097e-17 9.081964e-18 8.704188e-18 5.921377e-18 3.806489e-18 2.081778e-18 8.452555e-19 2.286471e-19 2.683348e-20 ) .

_:2c5e1b19-d409-44bf-8759-ae16e70c1a2f rdf:first 1 ;
    rdf:rest ( 1 1 1 1 1 1 1 1 1 1 1 1 1 1 1 1 1 1 1 1 1 1 1 1 1 1 1 1 1 1 1 1 1 1 1 ) .

_:2c6c354b-1d14-41cf-baba-3d996aaac9bc a essentia:SecondDerivativeMean ;
    afo:value 8.237428e-03 .

_:2cca9b7c-2e3e-4ae3-8f4f-62b2710a3e3f a essentia:FirstPeakSpread ;
    event:time _:62eb6306-62e8-4459-8342-5c6c4554faa6 ;
    afo:computed_by _:LowLevelExtractor ;
    afo:feature _:0aad193c-1bad-4905-839b-f457800e9dde,
        _:1977c9cf-1216-4da3-a47f-0b3f3658a3a0,
        _:1aa7ef6f-7aea-48a0-bb96-7b9ab98d974d,
        [ a essentia:DerivativeVariance ;
            afo:value 0 ],
        [ a essentia:DerivativeMean ;
            afo:value 0 ],
        [ a essentia:Minimum ;
            afo:value 4.827586e-01 ],
        [ a essentia:Mean ;
            afo:value 4.827586e-01 ],
        [ a essentia:Variance ;
            afo:value 0 ],
        [ a essentia:SecondDerivativeVariance ;
            afo:value 0 ] .

_:2d3f706c-cd84-4f24-9c85-134211902e6f a essentia:MFCC ;
    event:time _:62eb6306-62e8-4459-8342-5c6c4554faa6 ;
    afo:computed_by _:LowLevelExtractor ;
    afo:feature [ a essentia:Covariance ;
            afo:dimensions ( 13 13 ) ;
            afo:values _:0a862317-f5b4-4c7b-b5fb-2ccb52de1038 ],
        [ a essentia:InverseCovariance ;
            afo:dimensions ( 13 13 ) ;
            afo:values ( 1.716228e-04 -6.764728e-05 2.329879e-04 -1.700033e-04 3.010247e-04 -1.083763e-04 2.349874e-04 8.948957e-06 1.723115e-04 3.173636e-05 2.109979e-04 -6.281051e-05 3.097703e-04 -6.764728e-05 5.444551e-04 -1.05579e-04 -1.959422e-04 8.396294e-05 3.807204e-04 1.894835e-04 -9.018478e-04 5.128959e-04 -9.432237e-05 6.315313e-04 -2.687739e-05 3.551464e-04 2.329879e-04 -1.05579e-04 1.616989e-03 1.034319e-04 2.912232e-05 -2.06905e-04 -3.746867e-04 -4.974541e-04 7.057015e-04 -5.664293e-04 5.673635e-04 -2.064652e-04 1.122907e-03 -1.700033e-04 -1.959422e-04 1.034319e-04 4.196622e-03 -1.75791e-03 -6.508742e-04 1.792144e-04 4.858593e-04 -2.202687e-03 1.290222e-03 -1.016111e-03 2.560695e-04 3.049741e-04 3.010247e-04 8.396294e-05 2.912232e-05 -1.75791e-03 5.381302e-03 -1.472172e-03 1.248491e-03 -9.153562e-06 1.537263e-04 -2.202803e-03 1.15967e-03 -3.783671e-04 -8.050588e-04 -1.083763e-04 3.807204e-04 -2.06905e-04 -6.508742e-04 -1.472172e-03 8.708997e-03 -4.174661e-03 -1.028968e-03 -1.284128e-03 1.899565e-03 8.493934e-04 -3.933348e-04 2.797419e-04 2.349874e-04 1.894835e-04 -3.746867e-04 1.792144e-04 1.248491e-03 -4.174661e-03 1.205416e-02 -4.256577e-03 1.785304e-03 -1.305301e-03 -1.274243e-03 -1.723581e-04 1.011831e-03 8.948957e-06 -9.018478e-04 -4.974541e-04 4.858593e-04 -9.153562e-06 -1.028968e-03 -4.256577e-03 1.281275e-02 -3.740515e-03 2.645036e-03 -1.612632e-03 4.248585e-03 -1.108543e-03 1.723115e-04 5.128959e-04 7.057015e-04 -2.202687e-03 1.537263e-04 -1.284128e-03 1.785304e-03 -3.740515e-03 1.162264e-02 -8.145509e-03 5.925315e-03 -2.884569e-03 1.239535e-03 3.173636e-05 -9.432237e-05 -5.664293e-04 1.290222e-03 -2.202803e-03 1.899565e-03 -1.305301e-03 2.645036e-03 -8.145509e-03 1.997516e-02 -1.199037e-02 3.16118e-03 1.076179e-04 2.109979e-04 6.315313e-04 5.673635e-04 -1.016111e-03 1.15967e-03 8.493934e-04 -1.274243e-03 -1.612632e-03 5.925315e-03 -1.199037e-02 2.048626e-02 -1.023484e-02 2.228044e-03 -6.281051e-05 -2.687739e-05 -2.064652e-04 2.560695e-04 -3.783671e-04 -3.933348e-04 -1.723581e-04 4.248585e-03 -2.884569e-03 3.16118e-03 -1.023484e-02 2.239106e-02 -1.028583e-02 3.097703e-04 3.551464e-04 1.122907e-03 3.049741e-04 -8.050588e-04 2.797419e-04 1.011831e-03 -1.108543e-03 1.239535e-03 1.076179e-04 2.228044e-03 -1.028583e-02 1.466642e-02 ) ],
        [ a essentia:Mean ;
            afo:values _:1c532de8-6841-4a3b-bd4c-295cf016238b ] .

_:2d4b5166-752a-4eff-aee6-1fae9b9fb53a a essentia:Variance ;
    afo:value 4.369817e+01 .

_:2dadea44-26f3-41bc-a70f-eb2edfb1bd0c a essentia:Maximum ;
    afo:value 1.679761e-01 .

_:2ddd4cb9-2bdf-4245-9155-16223fc364b9 a essentia:SecondDerivativeVariance ;
    afo:value 3.297577e-01 .

_:2df0c599-0448-4edc-b65b-c456cf5578c7 a essentia:SecondDerivativeMean ;
    afo:value 2.289896e-01 .

_:2e2552ac-0e83-4f50-ae6c-76d679dba007 a essentia:GFCC ;
    event:time _:62eb6306-62e8-4459-8342-5c6c4554faa6 ;
    afo:computed_by _:LowLevelExtractor ;
    afo:feature _:2b71b2fc-1139-4946-bab2-5e3389e71c77,
        [ a essentia:Covariance ;
            afo:dimensions ( 13 13 ) ;
            afo:values ( 2.68244e+04 4.56759e+03 -3.527249e+03 5.125626e+02 -1.471982e+03 -4.251165e+02 -5.58087e+02 -5.862072e+02 -5.881058e+02 -1.187756e+03 -5.725292e+02 -6.741477e+02 -2.710723e+02 4.56759e+03 3.688011e+03 -2.776487e+02 -3.343094e+02 -2.306855e+02 -3.965942e+02 2.4883e+02 -6.196072e+02 -2.274131e+02 -1.082037e+03 -2.15676e+02 -4.010669e+02 -1.281086e+02 -3.527249e+03 -2.776487e+02 1.396334e+03 -7.916753e+01 1.186516e+02 1.4897e+02 1.039571e+02 6.327488e+01 -6.754758e+01 1.565818e+01 5.305834e-02 5.683807e+01 -6.472691e+00 5.125626e+02 -3.343094e+02 -7.916753e+01 4.575793e+02 1.293716e+02 5.428274e+01 -2.492676e+01 -1.237852e+01 2.781528e+01 1.602687e+00 -9.085084e+01 -5.536421e+01 1.16341e+01 -1.471982e+03 -2.306855e+02 1.186516e+02 1.293716e+02 3.909955e+02 3.899068e+01 4.539535e+01 4.724222e+01 1.038507e+02 8.836693e+01 -6.672825e+00 2.782402e+01 3.694949e+01 -4.251165e+02 -3.965942e+02 1.4897e+02 5.428274e+01 3.899068e+01 2.097162e+02 2.828592e+01 4.712373e+01 -1.092763e+01 6.59276e+01 9.685594e-01 3.281863e+01 1.152917e+01 -5.58087e+02 2.4883e+02 1.039571e+02 -2.492676e+01 4.539535e+01 2.828592e+01 2.222058e+02 -4.540085e+01 -1.85516e+01 -1.054319e+02 -4.255026e+01 -2.957867e+01 -1.809656e+01 -5.862072e+02 -6.196072e+02 6.327488e+01 -1.237852e+01 4.724222e+01 4.712373e+01 -4.540085e+01 2.492345e+02 9.610447e+01 2.725944e+02 6.253252e+01 9.208531e+01 3.128489e+01 -5.881058e+02 -2.274131e+02 -6.754758e+01 2.781528e+01 1.038507e+02 -1.092763e+01 -1.85516e+01 9.610447e+01 1.636415e+02 1.547711e+02 4.1239e+01 3.270201e+01 3.078537e+01 -1.187756e+03 -1.082037e+03 1.565818e+01 1.602687e+00 8.836693e+01 6.59276e+01 -1.054319e+02 2.725944e+02 1.547711e+02 5.527711e+02 1.625928e+02 2.006238e+02 5.655204e+01 -5.725292e+02 -2.15676e+02 5.305834e-02 -9.085084e+01 -6.672825e+00 9.685594e-01 -4.255026e+01 6.253252e+01 4.1239e+01 1.625928e+02 1.814135e+02 1.010435e+02 8.549099e+00 -6.741477e+02 -4.010669e+02 5.683807e+01 -5.536421e+01 2.782402e+01 3.281863e+01 -2.957867e+01 9.208531e+01 3.270201e+01 2.006238e+02 1.010435e+02 1.939134e+02 5.58556e+01 -2.710723e+02 -1.281086e+02 -6.472691e+00 1.16341e+01 3.694949e+01 1.152917e+01 -1.809656e+01 3.128489e+01 3.078537e+01 5.655204e+01 8.549099e+00 5.58556e+01 8.814278e+01 ) ],
        [ a essentia:InverseCovariance ;
            afo:dimensions ( 13 13 ) ;
            afo:values ( 3.037522e-04 -8.208164e-04 6.410037e-04 -8.893947e-04 7.463669e-04 -8.810548e-04 9.098413e-04 -1.092005e-03 1.022662e-03 -6.912585e-04 7.307896e-04 -3.767516e-04 5.365708e-04 -8.208164e-04 3.303924e-03 -1.65816e-03 3.100531e-03 -2.033825e-03 3.493053e-03 -2.89327e-03 3.766966e-03 -3.297215e-03 3.476318e-03 -2.251116e-03 1.395747e-03 -1.533612e-03 6.410037e-04 -1.65816e-03 2.253113e-03 -1.57823e-03 1.130909e-03 -2.256729e-03 1.674211e-03 -2.695144e-03 2.8094e-03 -1.225117e-03 1.567916e-03 -9.599564e-04 1.317571e-03 -8.893947e-04 3.100531e-03 -1.57823e-03 6.189967e-03 -3.237478e-03 2.313911e-03 -2.13776e-03 4.390301e-03 -3.405835e-03 2.39905e-03 -6.596611e-04 2.154244e-03 -1.755271e-03 7.463669e-04 -2.033825e-03 1.130909e-03 -3.237478e-03 5.755456e-03 -2.309953e-03 1.303954e-03 -2.17549e-03 -1.195943e-04 -1.851719e-03 2.022898e-03 -1.387952e-03 6.922071e-04 -8.810548e-04 3.493053e-03 -2.256729e-03 2.313911e-03 -2.309953e-03 9.858795e-03 -4.243318e-03 3.097226e-03 -1.69139e-03 2.787605e-03 -2.414715e-03 1.320478e-03 -2.195891e-03 9.098413e-04 -2.89327e-03 1.674211e-03 -2.13776e-03 1.303954e-03 -4.243318e-03 8.761064e-03 -3.348739e-03 2.435091e-03 -1.334707e-03 3.297867e-03 -2.075251e-03 2.994856e-03 -1.092005e-03 3.766966e-03 -2.695144e-03 4.390301e-03 -2.17549e-03 3.097226e-03 -3.348739e-03 1.432303e-02 -6.613691e-03 -8.434152e-04 -1.181683e-03 1.704918e-03 -2.039861e-03 1.022662e-03 -3.297215e-03 2.8094e-03 -3.405835e-03 -1.195943e-04 -1.69139e-03 2.435091e-03 -6.613691e-03 1.602835e-02 -5.672827e-03 1.006231e-03 1.684068e-03 -9.958766e-04 -6.912585e-04 3.476318e-03 -1.225117e-03 2.39905e-03 -1.851719e-03 2.787605e-03 -1.334707e-03 -8.434152e-04 -5.672827e-03 1.096673e-02 -4.187834e-03 -2.32229e-03 -2.200639e-04 7.307896e-04 -2.251116e-03 1.567916e-03 -6.596611e-04 2.022898e-03 -2.414715e-03 3.297867e-03 -1.181683e-03 1.006231e-03 -4.187834e-03 1.214421e-02 -4.899002e-03 4.004232e-03 -3.767516e-04 1.395747e-03 -9.599564e-04 2.154244e-03 -1.387952e-03 1.320478e-03 -2.075251e-03 1.704918e-03 1.684068e-03 -2.32229e-03 -4.899002e-03 1.319374e-02 -7.090829e-03 5.365708e-04 -1.533612e-03 1.317571e-03 -1.755271e-03 6.922071e-04 -2.195891e-03 2.994856e-03 -2.039861e-03 -9.958766e-04 -2.200639e-04 4.004232e-03 -7.090829e-03 1.702484e-02 ) ] .

_:2e4a4df3-8105-4176-b4b1-60f4ace83ad8 a essentia:DerivativeVariance ;
    afo:value 6.031283e-04 .

_:2e783aa2-bc12-4921-81b9-b0a3cfd71aaa a essentia:SecondDerivativeMean ;
    afo:value 0 .

_:2e9c11e8-b28c-4fea-920e-1b65b59d0f0b a essentia:Kurtosis ;
    afo:feature _:05d37118-1b42-4ed6-bb5c-b8f271e3ad25,
        _:13b0c3dd-e4f4-4466-a213-00ab62c99df3,
        [ a essentia:DerivativeMean ;
            afo:value 2.418563e+01 ],
        [ a essentia:SecondDerivativeVariance ;
            afo:value 2.414184e+04 ],
        [ a essentia:DerivativeVariance ;
            afo:value 8.477448e+03 ],
        [ a essentia:Variance ;
            afo:value 1.717029e+04 ],
        [ a essentia:SecondDerivativeMean ;
            afo:value 4.07719e+01 ],
        [ a essentia:Mean ;
            afo:value 4.251787e+01 ],
        [ a essentia:Minimum ;
            afo:value -1.771359e+00 ] .

_:2f194738-fbaf-4a98-9230-2a61d902f022 a essentia:Mean ;
    afo:value 2.869167e+01 .

_:2fb2bda5-8258-4d8b-9280-34d2698a6ce4 a essentia:Median ;
    afo:value 2.604705e+00 .

_:31291c53-3a24-4753-b6d2-18084f93dbea a essentia:Key ;
    event:time _:62eb6306-62e8-4459-8342-5c6c4554faa6 ;
    afo:value "A" .

_:325c83c2-93d9-4500-9c45-62247247e5cc a essentia:SecondDerivativeMean ;
    afo:value 0 .

_:329c24cb-325d-4512-8a38-69d5d05c5fac a essentia:Median ;
    afo:values ( 2.087072e-03 3.153133e-03 7.606289e-03 6.264077e-03 8.180397e-03 5.018701e-03 3.850196e-03 6.873198e-03 6.101847e-03 6.321564e-03 5.198384e-03 3.20717e-03 2.114403e-03 1.88415e-03 2.714172e-03 2.956189e-03 2.865569e-03 2.406669e-03 1.926701e-03 4.194159e-03 4.713734e-03 1.588442e-02 3.507283e-02 4.499386e-02 1.848845e-02 6.19458e-03 4.08693e-03 1.555273e-03 3.39348e-03 7.093277e-03 6.700914e-03 7.033525e-03 5.393654e-03 3.933435e-03 3.799988e-03 2.468383e-03 ) .

_:32b1dd62-cc69-4feb-bebc-93a1b9fb2bf7 a essentia:BeatsLoudnessBandRatio ;
    event:time _:62eb6306-62e8-4459-8342-5c6c4554faa6 ;
    afo:computed_by _:LowLevelExtractor ;
