@prefix afo: <https://w3id.org/afo/onto/1.1#> .
@prefix dc: <http://purl.org/dc/elements/1.1/> .
@prefix essentia: <http://sovarr.c4dm.eecs.qmul.ac.uk/af/essentia/> .
@prefix event: <http://purl.org/NET/c4dm/event.owl#> .
@prefix foaf: <http://xmlns.com/foaf/0.1/> .
@prefix mo: <http://purl.org/ontology/mo/> .
@prefix rdf: <http://www.w3.org/1999/02/22-rdf-syntax-ns#> .
@prefix rdfs: <http://www.w3.org/2000/01/rdf-schema#> .
@prefix tl: <http://purl.org/NET/c4dm/timeline.owl#> .
@prefix xml: <http://www.w3.org/XML/1998/namespace> .
@prefix xsd: <http://www.w3.org/2001/XMLSchema#> .

<http://musicbrainz.org/release/6635c8a6-b13b-4504-baa6-a76895b3368d> a mo:Release ;
    dc:date "2007" ;
    dc:title "God's Equation" ;
    mo:publisher [ a mo:Label ] ;
    mo:publishing_location "NO" ;
    mo:release_status mo:official ;
    mo:release_type mo:album ;
    mo:track <http://musicbrainz.org/recording/53de9203-18b9-46ed-a712-1f82f5185c96> ;
    essentia:asin "B000VO8O1C" ;
    foaf:maker <http://musicbrainz.org/artist/a2e815a8-54d1-405f-a3b2-1fc9367ed0d3> .

<04.+Pagan's+Mind+-+Atomic+Firelight.mp3> a mo:AudioFile ;
    mo:encodes [ a essentia:Signal ;
            mo:sample_rate "44100"^^xsd:interger ;
            mo:time _:2bbd3d9d-177c-49d7-a10d-8f6443cf3d4c ;
            essentia:bit_rate "223712"^^xsd:float ;
            essentia:codec "mp3"^^xsd:string ;
            essentia:downmix "mix"^^xsd:string ;
            essentia:equal_loudness "0"^^xsd:float ;
            essentia:lossless false ;
            essentia:md5_encoded "46b43ed488e4036885bb439f098f05f3"^^xsd:string ;
            essentia:replay_gain "-8.85478973389"^^xsd:float ] .

<http://musicbrainz.org/artist/a2e815a8-54d1-405f-a3b2-1fc9367ed0d3> a mo:MusicArtist ;
    foaf:name "Pagan's Mind" .

<http://musicbrainz.org/recording/53de9203-18b9-46ed-a712-1f82f5185c96> a mo:Track ;
    dc:title "Atomic Firelight" ;
    mo:available_as <04.+Pagan's+Mind+-+Atomic+Firelight.mp3> ;
    mo:genre [ a mo:Genre ;
            rdfs:label "Progressive Metal" ] ;
    mo:track_number "4/11" .

[] a essentia:VersionInfo .

_:00553583-fe47-4a19-b0f4-6a9a78fe67c3 rdf:first 1.977934e-03 ;
    rdf:rest ( 1.639886e-03 9.743998e-04 4.793246e-04 2.841871e-04 9.604341e-04 ) .

_:0058e750-2552-4d33-8242-a724f70680eb a essentia:Median ;
    afo:value 1.321959e+01 .

_:009d76e2-e3e8-4e4d-8d04-d5249b4699d1 a essentia:SecondDerivativeVariance ;
    afo:value 1.698006e-03 .

_:01121b5a-0516-449a-914e-1b7b954cbd0f a essentia:BarkBands ;
    event:time _:2bbd3d9d-177c-49d7-a10d-8f6443cf3d4c ;
    afo:computed_by _:LowLevelExtractor ;
    afo:feature [ a essentia:Kurtosis ;
            afo:feature [ a essentia:SecondDerivativeMean ;
                    afo:value 5.114257e+00 ],
                [ a essentia:Mean ;
                    afo:value 3.397121e+00 ],
                [ a essentia:Median ;
                    afo:value 1.674914e+00 ],
                [ a essentia:DerivativeVariance ;
                    afo:value 4.459055e+01 ],
                [ a essentia:Variance ;
                    afo:value 5.298961e+01 ],
                [ a essentia:SecondDerivativeVariance ;
                    afo:value 1.190055e+02 ],
                [ a essentia:DerivativeMean ;
                    afo:value 3.015181e+00 ],
                [ a essentia:Minimum ;
                    afo:value -1.937544e+00 ],
                [ a essentia:Maximum ;
                    afo:value 1.629765e+02 ] ] .

_:015ac0b5-f3fa-4420-8d0b-f13379b1e041 a essentia:Minimum ;
    afo:value 0 .

_:015b5a2b-fb13-46d8-b81b-e365ff4e9618 a essentia:DerivativeMean ;
    afo:value 1.299613e-03 .

_:0296c747-7255-49fe-bd11-67eb1566f31e a essentia:DynamicComplexity ;
    event:time _:2bbd3d9d-177c-49d7-a10d-8f6443cf3d4c ;
    afo:value 1.951192e+00 .

_:02a233ab-549a-4de9-a437-11d66d4a6ed7 a essentia:Minimum ;
    afo:values ( -2.834763e+01 -2.821019e+01 -2.772201e+01 -2.776004e+01 -2.756004e+01 -2.740687e+01 ) .

_:02b07b37-61d7-43eb-9ba2-ab58bc3e424b a essentia:Minimum ;
    afo:value 2.673923e-02 .

_:02bf4790-baf8-440e-af4f-6e8260e6864a a essentia:Mean ;
    afo:value 7.522452e+00 .

_:03242ca6-81f8-4ab2-bffa-fd5dcf632e82 a essentia:Median ;
    afo:value 167 .

_:03375a2e-a07d-4b60-8402-45116b109b7a a essentia:SecondDerivativeMean ;
    afo:value 3.899713e+02 .

_:03665752-23eb-4169-a4d9-51e33cfcb176 a essentia:Median ;
    afo:values ( 8.64432e-04 5.911754e-03 1.318667e-03 6.329704e-04 1.150547e-03 1.160467e-03 1.01827e-03 6.792345e-04 9.482614e-04 8.817122e-04 6.821709e-04 8.212423e-04 8.412294e-04 7.807464e-04 7.851579e-04 5.49906e-04 3.758166e-04 3.642771e-04 2.492765e-04 1.873375e-04 1.469362e-04 6.489138e-05 2.609472e-05 9.103059e-06 1.185972e-06 1.633222e-05 1.092655e-03 ) .

_:03b4c007-7158-4ec0-ac93-0ea8dc756991 a essentia:Maximum ;
    afo:value 51040764 .

_:048b634b-f694-4030-af13-e7d0d68a4f77 a essentia:DerivativeMean ;
    afo:value 1.387275e-02 .

_:04f7f6b4-65b4-469a-9302-64c836ac90f1 a essentia:DerivativeVariance ;
    afo:value 2.061015e-04 .

_:05f91818-c867-46b8-b7d1-b21f9f77ab84 a essentia:Minimum ;
    afo:value -3.116542e+00 .

_:062ef559-da88-4de7-bf18-979bd211672e a essentia:THPCP ;
    event:time _:2bbd3d9d-177c-49d7-a10d-8f6443cf3d4c ;
    afo:value ( 1 7.365774e-01 4.1021e-01 3.608778e-01 3.43033e-01 3.431363e-01 3.991658e-01 4.63078e-01 4.972508e-01 5.219729e-01 5.348705e-01 5.408556e-01 5.422091e-01 5.085196e-01 4.223429e-01 3.52381e-01 3.358509e-01 3.485166e-01 4.016798e-01 4.338057e-01 4.32617e-01 4.652493e-01 4.704987e-01 4.493585e-01 4.909807e-01 5.636174e-01 5.738373e-01 5.43833e-01 4.961612e-01 4.112257e-01 3.513304e-01 3.370739e-01 3.291366e-01 3.456275e-01 3.762165e-01 6.816855e-01 ) .

_:078c8295-1131-4dbd-9018-8793888171b2 a essentia:DerivativeVariance ;
    afo:values ( 5.657179e-02 4.96567e-02 4.651504e-02 3.696848e-02 3.574523e-02 3.681202e-02 4.32983e-02 4.181751e-02 4.309057e-02 5.3517e-02 5.755852e-02 5.793837e-02 5.950157e-02 6.324703e-02 6.11512e-02 6.37783e-02 5.534171e-02 4.656044e-02 4.252782e-02 3.76685e-02 3.158018e-02 3.037923e-02 3.391164e-02 4.182961e-02 1.191433e-01 4.047939e-02 3.674195e-02 2.968045e-02 3.010332e-02 3.310943e-02 4.314178e-02 5.169423e-02 5.254208e-02 5.675726e-02 5.857469e-02 5.997902e-02 ) .

_:0849364a-362d-43d2-8230-2add2d48619d a essentia:InverseCovariance ;
    afo:dimensions ( 13 13 ) ;
    afo:values ( 2.58162e-04 -2.238927e-04 7.29629e-05 -1.297842e-04 3.06935e-04 -2.392447e-04 7.440986e-05 -1.07956e-04 2.029043e-04 -3.024779e-04 1.925016e-04 -3.496068e-04 2.774428e-04 -2.238927e-04 1.758891e-03 1.211802e-03 2.445436e-04 -1.226497e-03 1.605098e-04 2.128009e-04 1.399539e-04 -5.783887e-04 1.688691e-04 -9.488645e-04 7.807483e-04 -8.49489e-04 7.29629e-05 1.211802e-03 4.214433e-03 1.058849e-04 -2.080758e-03 1.904232e-04 9.088737e-04 -7.100074e-04 3.268017e-04 -6.758457e-04 -3.566583e-04 -2.526087e-04 9.853957e-05 -1.297842e-04 2.445436e-04 1.058849e-04 4.369312e-03 5.954372e-05 -2.029897e-03 1.611026e-04 1.185947e-05 -1.152943e-03 -6.196373e-04 4.100131e-04 -2.215758e-04 -3.434844e-04 3.06935e-04 -1.226497e-03 -2.080758e-03 5.954372e-05 8.168782e-03 -1.451041e-03 -2.203673e-03 -5.24349e-04 -6.081596e-04 1.541981e-03 -1.161284e-03 7.131574e-04 -1.278518e-03 -2.392447e-04 1.605098e-04 1.904232e-04 -2.029897e-03 -1.451041e-03 1.22179e-02 -3.912015e-03 -4.014938e-03 3.139386e-03 -1.258379e-03 4.157151e-03 -2.713794e-03 -4.94504e-04 7.440986e-05 2.128009e-04 9.088737e-04 1.611026e-04 -2.203673e-03 -3.912015e-03 1.5421e-02 -3.397557e-03 -4.57253e-03 5.405305e-03 -3.284235e-03 4.318249e-03 -4.417144e-03 -1.07956e-04 1.399539e-04 -7.100074e-04 1.185947e-05 -5.24349e-04 -4.014938e-03 -3.397557e-03 1.776597e-02 -4.143524e-03 -4.286862e-03 4.288066e-03 -4.83177e-03 4.691235e-03 2.029043e-04 -5.783887e-04 3.268017e-04 -1.152943e-03 -6.081596e-04 3.139386e-03 -4.57253e-03 -4.143524e-03 1.942169e-02 -7.585953e-03 -4.778437e-03 6.711655e-03 -5.522775e-03 -3.024779e-04 1.688691e-04 -6.758457e-04 -6.196373e-04 1.541981e-03 -1.258379e-03 5.405305e-03 -4.286862e-03 -7.585953e-03 2.408498e-02 -7.3158e-03 -5.216809e-03 4.668394e-03 1.925016e-04 -9.488645e-04 -3.566583e-04 4.100131e-04 -1.161284e-03 4.157151e-03 -3.284235e-03 4.288066e-03 -4.778437e-03 -7.3158e-03 2.536493e-02 -9.385147e-03 6.339756e-05 -3.496068e-04 7.807483e-04 -2.526087e-04 -2.215758e-04 7.131574e-04 -2.713794e-03 4.318249e-03 -4.83177e-03 6.711655e-03 -5.216809e-03 -9.385147e-03 3.07887e-02 -1.247279e-02 2.774428e-04 -8.49489e-04 9.853957e-05 -3.434844e-04 -1.278518e-03 -4.94504e-04 -4.417144e-03 4.691235e-03 -5.522775e-03 4.668394e-03 6.339756e-05 -1.247279e-02 2.266653e-02 ) .

_:0880fc54-ccb6-4f79-a1b7-cae06b43dccf a essentia:SecondDerivativeVariance ;
    afo:value 0 .

_:08f9fede-d5c3-4c30-960f-66d695a94913 a essentia:Median ;
    afo:value 6.439425e+00 .

_:0931b041-e8c9-4804-9aea-3fcb78ac089c rdf:first 7.222906e+00 ;
    rdf:rest ( 2.755239e+01 9.178713e+01 1.440353e+02 3.661086e+02 3.900545e+02 8.279793e+02 8.1171e+02 1.041672e+03 1.491461e+03 1.768154e+03 2.010316e+03 1.740743e+03 3.281296e+03 2.245193e+03 1.859665e+03 1.941952e+03 1.330786e+03 1.254555e+03 8.803619e+02 8.564347e+02 6.850401e+02 7.059371e+02 8.407808e+02 2.365078e+02 5.112155e+02 6.850684e+02 4.85059e+02 2.675443e+02 2.337966e+02 1.538363e+02 9.562434e+01 2.409198e+01 1.079318e+00 3.757809e-01 3.411577e+00 9.426937e+00 3.447626e+00 1.383541e+00 2.201094e-01 ) .

_:0938893a-2e4f-4973-86eb-b286291674ef a essentia:Kurtosis ;
    afo:feature [ a essentia:DerivativeMean ;
            afo:value 7.42374e-01 ],
        [ a essentia:Variance ;
            afo:value 1.826023e+00 ],
        [ a essentia:Minimum ;
            afo:value -1.653105e+00 ],
        [ a essentia:Maximum ;
            afo:value 1.789037e+01 ],
        [ a essentia:Median ;
            afo:value 4.497361e-02 ],
        [ a essentia:DerivativeVariance ;
            afo:value 7.364133e-01 ],
        [ a essentia:SecondDerivativeMean ;
            afo:value 1.214617e+00 ],
        [ a essentia:SecondDerivativeVariance ;
            afo:value 1.854819e+00 ],
        [ a essentia:Mean ;
            afo:value 3.788863e-01 ] .

_:09977bac-4a4f-4e13-86c7-5492c52ae3cf rdf:first -7.123486e-01 ;
    rdf:rest ( -7.699392e-01 -7.990004e-01 -8.076634e-01 -8.014933e-01 -6.94048e-01 ) .

_:0a03bce7-7f92-431b-8bde-9fcbc25cc772 a essentia:Crest ;
    afo:feature [ a essentia:SecondDerivativeMean ;
            afo:value 5.408215e+00 ],
        [ a essentia:Maximum ;
            afo:value 2.530721e+01 ],
        [ a essentia:DerivativeVariance ;
            afo:value 7.898256e+00 ],
        [ a essentia:Mean ;
            afo:value 8.813554e+00 ],
        [ a essentia:Variance ;
            afo:value 1.668317e+01 ],
        [ a essentia:Median ;
            afo:value 7.894783e+00 ],
        [ a essentia:Minimum ;
            afo:value 2.280828e+00 ],
        [ a essentia:DerivativeMean ;
            afo:value 3.256645e+00 ],
        [ a essentia:SecondDerivativeVariance ;
            afo:value 2.087515e+01 ] .

_:0a410562-7775-4f6f-b1b3-ed2c7cb0f794 a essentia:SecondDerivativeMean ;
    afo:value 6.044386e-03 .

_:0a433d78-152d-442f-adb9-0e013ae35e52 a essentia:DerivativeVariance ;
    afo:value 8.028904e-01 .

_:0a66d388-91e6-4a6c-88b3-337e638b1c0e a essentia:EqualTemperedDeviation ;
    event:time _:2bbd3d9d-177c-49d7-a10d-8f6443cf3d4c ;
    afo:value 2.193469e-01 .

_:0b0919fc-7141-439a-adc8-b3378288f4c5 a tl:Timeline ;
    tl:interval _:2bbd3d9d-177c-49d7-a10d-8f6443cf3d4c .

_:0b1915f1-6b77-42f2-9363-58535d9ecf74 a essentia:Variance ;
    afo:value 2.680019e-03 .

_:0b227769-2620-40c1-b012-442eca2f3f98 a essentia:Variance ;
    afo:value 7.150304e-04 .

_:0b22b240-50e3-4017-9585-f4012bfa954c rdf:first 3.066001e-01 ;
    rdf:rest ( 1.430325e-01 1.866242e-01 1.465425e-01 6.923845e-02 1.405736e-01 ) .

_:0c98e999-252d-4f8c-af76-6efccf8226cb a essentia:PitchSalience ;
    event:time _:2bbd3d9d-177c-49d7-a10d-8f6443cf3d4c ;
    afo:computed_by _:LowLevelExtractor ;
    afo:feature [ a essentia:SecondDerivativeMean ;
            afo:value 1.553603e-01 ],
        [ a essentia:DerivativeMean ;
            afo:value 9.45006e-02 ],
        [ a essentia:Minimum ;
            afo:value 9.492392e-02 ],
        [ a essentia:Mean ;
            afo:value 5.806136e-01 ],
        [ a essentia:Median ;
            afo:value 6.021156e-01 ],
        [ a essentia:DerivativeVariance ;
            afo:value 7.778182e-03 ],
        [ a essentia:SecondDerivativeVariance ;
            afo:value 2.053589e-02 ],
        [ a essentia:Variance ;
            afo:value 1.524665e-02 ],
        [ a essentia:Maximum ;
            afo:value 8.881567e-01 ] .

_:0d7e4a87-8156-43d1-90d7-c3cb0154c364 a essentia:DerivativeVariance ;
    afo:value 0 .

_:0d8334b9-fd8c-4af8-b62f-e7851490977a a essentia:NonTemperedEnergyRatio ;
    event:time _:2bbd3d9d-177c-49d7-a10d-8f6443cf3d4c ;
    afo:value 8.498232e-01 .

_:0dc25620-9c1a-4786-8a34-9bda41042ed8 a essentia:Maximum ;
    afo:values ( 5.200516e-02 3.671946e-02 2.047028e-02 1.99739e-02 2.46371e-02 1.583656e-02 1.789544e-02 1.419214e-02 1.437576e-02 1.258549e-02 8.881899e-03 1.478347e-02 7.663055e-03 6.085623e-03 6.133311e-03 2.699353e-03 2.966561e-03 2.132253e-03 2.02344e-03 9.564668e-04 1.071511e-03 6.56718e-04 5.645662e-04 9.225591e-04 7.514534e-04 2.344648e-04 2.733004e-04 3.420847e-04 3.937724e-04 4.808303e-04 3.058685e-04 2.014824e-04 1.44333e-04 1.192773e-04 8.644073e-05 8.130352e-05 5.10129e-05 2.157753e-05 3.58332e-06 4.921071e-07 ) .

_:0dc82b2c-f486-405b-97f8-68801e8b977a rdf:first 9.021508e-01 ;
    rdf:rest ( 2.728827e+00 3.685683e+00 4.925657e+00 5.984433e+00 9.028478e+00 1.402838e+01 2.392616e+01 3.722053e+01 3.903209e+01 3.906916e+01 5.412723e+01 5.425225e+01 5.633673e+01 5.784742e+01 5.545319e+01 5.945361e+01 6.114765e+01 6.31584e+01 5.289574e+01 4.068099e+01 2.582159e+01 2.841399e+01 1.779653e+01 1.32726e+01 9.518533e+00 7.039335e+00 5.979953e+00 3.557565e+00 2.06572e+00 1.641457e+00 9.623224e-01 3.328918e-01 5.818071e-02 3.207541e-02 4.982652e-02 9.875555e-02 5.537653e-02 2.972917e-02 1.190103e-02 ) .

_:0de1f6a8-97ee-4cfa-8f10-f10fc0d88941 a essentia:Median ;
    afo:value 2.898267e-01 .

_:0e2a3972-272f-4093-82fc-59a2d4bdb2b2 a essentia:Mean ;
    afo:value 2.76456e-01 .

_:0f092045-fdbe-4982-acf8-f0b29055c6ed a essentia:Mean ;
    afo:value 3.05702e+01 .

_:0fa606af-3734-4163-8dcb-b0e082f9da3a a essentia:Mean ;
    afo:values ( 3.897218e-03 1.111961e-02 2.419954e-03 1.249547e-03 1.978306e-03 2.220476e-03 2.603411e-03 1.582365e-03 2.225082e-03 1.745539e-03 1.370376e-03 1.445387e-03 1.369288e-03 1.168666e-03 1.162927e-03 7.924025e-04 4.950224e-04 5.32211e-04 3.254085e-04 2.578305e-04 2.206538e-04 1.218279e-04 6.140822e-05 3.02214e-05 2.677394e-06 4.46124e-05 1.282819e-03 ) .

_:0fc32496-6a52-44c1-b5c8-d02c98928ada a essentia:Kurtosis ;
    event:time _:2bbd3d9d-177c-49d7-a10d-8f6443cf3d4c ;
    afo:computed_by _:LowLevelExtractor ;
    afo:feature [ a essentia:Maximum ;
            afo:value 9.590515e+01 ],
        [ a essentia:Variance ;
            afo:value 6.753338e+01 ],
        [ a essentia:SecondDerivativeMean ;
            afo:value 4.422018e+00 ],
        [ a essentia:Minimum ;
            afo:value -1.270799e+00 ],
        [ a essentia:DerivativeVariance ;
            afo:value 1.457218e+01 ],
        [ a essentia:Mean ;
            afo:value 1.709894e+01 ],
        [ a essentia:DerivativeMean ;
            afo:value 2.865011e+00 ],
        [ a essentia:SecondDerivativeVariance ;
            afo:value 3.405984e+01 ],
        [ a essentia:Median ;
            afo:value 1.599324e+01 ] .

_:0fe912e0-f962-4cf0-bea1-3a5462239f68 a essentia:SecondDerivativeVariance ;
    afo:value 1.279331e-04 .

_:10ea7e8d-1bbc-41e5-a2c5-c4862dad5d9d a essentia:Mean ;
    afo:value 9.612941e-01 .

_:10eebf0e-a090-4165-90fd-f4c74f1f39ac a essentia:Variance ;
    afo:value 8.308337e-02 .

_:117e2b82-2bfb-4df6-9637-4892f1bfb466 a essentia:DerivativeVariance ;
    afo:value 7.328371e+04 .

_:1180c650-5356-45f4-93ef-1a749f33ee52 a essentia:SecondDerivativeVariance ;
    afo:value 4.856535e-04 .

_:119a3de8-2727-410f-bdbf-6d0f8c9866a1 a essentia:MelBands ;
    event:time _:2bbd3d9d-177c-49d7-a10d-8f6443cf3d4c ;
    afo:computed_by _:LowLevelExtractor ;
    afo:feature [ a essentia:Skewness ;
            afo:feature _:0a433d78-152d-442f-adb9-0e013ae35e52,
                [ a essentia:Median ;
                    afo:value 1.618183e+00 ],
                [ a essentia:DerivativeMean ;
                    afo:value 7.969241e-01 ],
                [ a essentia:Mean ;
                    afo:value 1.961285e+00 ],
                [ a essentia:SecondDerivativeMean ;
                    afo:value 1.293314e+00 ],
                [ a essentia:SecondDerivativeVariance ;
                    afo:value 2.113074e+00 ],
                [ a essentia:Minimum ;
                    afo:value -1.203958e+00 ],
                [ a essentia:Maximum ;
                    afo:value 1.462191e+01 ],
                [ a essentia:Variance ;
                    afo:value 2.198872e+00 ] ] .

_:11c4d095-ea15-4012-8f44-33615795f9a8 a essentia:Minimum ;
    afo:value 1.3898e+00 .

_:12310381-c1e9-45d3-ab2a-b353a79f649b a essentia:BarkBands ;
    event:time _:2bbd3d9d-177c-49d7-a10d-8f6443cf3d4c ;
    afo:computed_by _:LowLevelExtractor ;
    afo:feature [ a essentia:Skewness ;
            afo:feature [ a essentia:Variance ;
                    afo:value 1.062527e+00 ],
                [ a essentia:Median ;
                    afo:value 1.295514e+00 ],
                [ a essentia:Maximum ;
                    afo:value 1.076131e+01 ],
                [ a essentia:Mean ;
                    afo:value 1.483232e+00 ],
                [ a essentia:SecondDerivativeVariance ;
                    afo:value 1.28484e+00 ],
                [ a essentia:SecondDerivativeMean ;
                    afo:value 9.793121e-01 ],
                [ a essentia:Minimum ;
                    afo:value -2.191692e+00 ],
                [ a essentia:DerivativeMean ;
                    afo:value 5.939994e-01 ],
                [ a essentia:DerivativeVariance ;
                    afo:value 4.847968e-01 ] ] .

_:126c266d-e21d-4eef-bad4-7f0e8e8c027e a essentia:SecondDerivativeMean ;
    afo:value 0 .

_:12afb32e-bc27-4619-9002-efca332a4acf a essentia:Kurtosis ;
    afo:feature [ a essentia:DerivativeMean ;
            afo:value 5.554714e+00 ],
        [ a essentia:Maximum ;
            afo:value 2.730315e+02 ],
        [ a essentia:SecondDerivativeMean ;
            afo:value 9.329074e+00 ],
        [ a essentia:SecondDerivativeVariance ;
            afo:value 3.865541e+02 ],
        [ a essentia:Variance ;
            afo:value 2.104172e+02 ],
        [ a essentia:Median ;
            afo:value 2.830994e+00 ],
        [ a essentia:DerivativeVariance ;
            afo:value 1.452028e+02 ],
        [ a essentia:Minimum ;
            afo:value -1.640707e+00 ],
        [ a essentia:Mean ;
            afo:value 6.871954e+00 ] .

_:12e24b15-771d-4578-9c50-e7bfc95bbfdc a essentia:Mean ;
    afo:values ( 2.103816e-01 1.973098e-01 1.638725e-01 1.367267e-01 1.303129e-01 1.352273e-01 1.55855e-01 1.683202e-01 1.67859e-01 1.805205e-01 1.825574e-01 1.743548e-01 1.905046e-01 2.186882e-01 2.226536e-01 2.110116e-01 1.925146e-01 1.59559e-01 1.363191e-01 1.307874e-01 1.277077e-01 1.341063e-01 1.459751e-01 2.644996e-01 3.880082e-01 2.857981e-01 1.591648e-01 1.400235e-01 1.330996e-01 1.331397e-01 1.548796e-01 1.796781e-01 1.929374e-01 2.025298e-01 2.075341e-01 2.098564e-01 ) .

_:13e5f8e6-afb9-4680-ab28-314c5136aef3 a essentia:Median ;
    afo:values ( 1.768879e-03 1.268438e-03 4.108178e-04 2.31157e-04 2.050668e-04 2.402128e-04 2.149726e-04 1.600264e-04 1.348011e-04 1.358949e-04 1.238564e-04 1.221038e-04 9.769858e-05 9.311507e-05 8.899417e-05 8.25957e-05 7.454443e-05 6.682434e-05 5.704931e-05 4.339477e-05 2.818579e-05 2.095302e-05 2.006127e-05 1.646886e-05 1.130327e-05 8.817531e-06 6.757461e-06 5.570114e-06 4.207767e-06 3.452111e-06 2.475005e-06 1.499698e-06 9.117483e-07 5.538249e-07 4.27135e-07 2.3659e-07 1.435169e-07 8.090691e-08 2.760196e-08 1.049671e-08 ) .

_:14097992-aedf-4ae9-94c9-47ce13b88725 a essentia:Mean ;
    afo:value 3.182868e+00 .

_:14602d3f-f350-46d0-8902-771e3f793035 a essentia:Median ;
    afo:value 1.431656e+03 .

_:15328724-3ee9-420a-81c5-9d96b8a10f69 a essentia:Minimum ;
    afo:values ( 7.875071e-23 5.12192e-22 1.196146e-21 6.602388e-21 6.332165e-21 1.823986e-20 3.947537e-20 8.147137e-20 1.110093e-19 1.545308e-19 1.822255e-19 2.271755e-19 5.142583e-19 4.267861e-19 8.84187e-19 1.129846e-18 1.464425e-18 2.026927e-18 1.778998e-18 3.207356e-18 3.034276e-18 4.463632e-18 4.747914e-18 6.328945e-18 6.720142e-18 7.385179e-18 7.905845e-18 8.277868e-18 1.145431e-17 1.060062e-17 1.037907e-17 9.935253e-18 1.067885e-17 8.343198e-18 5.109994e-18 4.073752e-18 2.241145e-18 9.520801e-19 2.121618e-19 2.772195e-20 ) .

_:1591d15e-be06-46d3-9576-85b956ca0b2c a essentia:FlatnessDB ;
    afo:feature [ a essentia:Maximum ;
            afo:value 4.553511e-01 ],
        [ a essentia:Variance ;
            afo:value 2.92252e-03 ],
        [ a essentia:Minimum ;
            afo:value 3.211427e-03 ],
        [ a essentia:SecondDerivativeMean ;
            afo:value 5.367833e-02 ],
        [ a essentia:Mean ;
            afo:value 1.951367e-01 ],
        [ a essentia:DerivativeMean ;
            afo:value 3.30872e-02 ],
        [ a essentia:SecondDerivativeVariance ;
            afo:value 2.517669e-03 ],
        [ a essentia:DerivativeVariance ;
            afo:value 9.515188e-04 ],
        [ a essentia:Median ;
            afo:value 1.892416e-01 ] .

_:15940ba5-4081-40e5-afee-02be942f1886 a essentia:Median ;
    afo:value 8.169014e-02 .

_:15d73025-d409-4c91-806a-7a23ab536ed3 rdf:first 1.59498e-04 ;
    rdf:rest ( -4.339782e-04 9.518138e-04 -6.729203e-04 5.556075e-04 -3.230576e-04 2.367751e-04 -2.539584e-05 1.193267e-04 -4.792876e-04 5.084331e-04 -3.152584e-04 6.444516e-05 -4.339782e-04 4.275281e-03 -2.560462e-03 2.582386e-03 -3.291359e-03 8.629899e-04 -4.196586e-04 7.340733e-04 -2.723787e-03 4.101329e-03 -4.831373e-03 4.572544e-03 -2.511694e-03 9.518138e-04 -2.560462e-03 1.066959e-02 -6.526715e-03 3.478844e-03 -3.636581e-03 3.708908e-03 -1.8629e-03 1.027235e-03 -4.005616e-03 3.774778e-03 -2.031595e-03 -7.346604e-05 -6.729203e-04 2.582386e-03 -6.526715e-03 1.087514e-02 -7.059215e-03 3.740638e-03 -3.094168e-03 -1.178695e-03 2.814441e-03 -3.438056e-03 5.907448e-03 -7.607098e-03 5.562034e-03 5.556075e-04 -3.291359e-03 3.478844e-03 -7.059215e-03 1.315861e-02 -5.479152e-03 -1.586364e-03 3.087805e-03 -3.046293e-03 5.652451e-03 -8.316594e-03 9.508168e-03 -7.69268e-03 -3.230576e-04 8.629899e-04 -3.636581e-03 3.740638e-03 -5.479152e-03 1.114315e-02 -4.860856e-04 -5.960733e-03 6.023359e-03 -3.975894e-03 5.617884e-03 -9.631475e-03 5.317611e-03 2.367751e-04 -4.196586e-04 3.708908e-03 -3.094168e-03 -1.586364e-03 -4.860856e-04 1.035759e-02 -5.692472e-05 -4.132305e-03 -1.823576e-05 2.011563e-03 -1.220858e-03 -1.091147e-03 -2.539584e-05 7.340733e-04 -1.8629e-03 -1.178695e-03 3.087805e-03 -5.960733e-03 -5.692472e-05 1.518423e-02 -8.059679e-03 1.645955e-03 -5.791588e-03 1.165857e-02 -8.364606e-03 1.193267e-04 -2.723787e-03 1.027235e-03 2.814441e-03 -3.046293e-03 6.023359e-03 -4.132305e-03 -8.059679e-03 2.361137e-02 -1.680726e-02 1.21574e-02 -1.499416e-02 1.15933e-02 -4.792876e-04 4.101329e-03 -4.005616e-03 -3.438056e-03 5.652451e-03 -3.975894e-03 -1.823576e-05 1.645955e-03 -1.680726e-02 4.131587e-02 -3.217008e-02 2.174357e-02 -1.230547e-02 5.084331e-04 -4.831373e-03 3.774778e-03 5.907448e-03 -8.316594e-03 5.617884e-03 2.011563e-03 -5.791588e-03 1.21574e-02 -3.217008e-02 5.296e-02 -3.60796e-02 1.089071e-02 -3.152584e-04 4.572544e-03 -2.031595e-03 -7.607098e-03 9.508168e-03 -9.631475e-03 -1.220858e-03 1.165857e-02 -1.499416e-02 2.174357e-02 -3.60796e-02 4.90578e-02 -1.974683e-02 6.444516e-05 -2.511694e-03 -7.346604e-05 5.562034e-03 -7.69268e-03 5.317611e-03 -1.091147e-03 -8.364606e-03 1.15933e-02 -1.230547e-02 1.089071e-02 -1.974683e-02 2.729742e-02 ) .

_:161f9dbf-a744-4e1a-878c-62d1e4788ed6 a essentia:FirstPeakBPM ;
    event:time _:2bbd3d9d-177c-49d7-a10d-8f6443cf3d4c ;
    afo:computed_by _:LowLevelExtractor ;
    afo:feature [ a essentia:Mean ;
            afo:value 126 ],
        [ a essentia:Median ;
            afo:value 126 ],
        [ a essentia:SecondDerivativeVariance ;
            afo:value 0 ],
        [ a essentia:SecondDerivativeMean ;
            afo:value 0 ],
        [ a essentia:DerivativeMean ;
            afo:value 0 ],
        [ a essentia:Minimum ;
            afo:value 126 ],
        [ a essentia:Maximum ;
            afo:value 126 ],
        [ a essentia:Variance ;
            afo:value 0 ],
        [ a essentia:DerivativeVariance ;
            afo:value 0 ] .

_:164d8d64-bcf1-4b91-8bd4-01a6ad2466d9 a essentia:Covariance ;
    afo:dimensions ( 13 13 ) ;
    afo:values ( 5.613112e+03 5.564346e+02 -3.299361e+02 2.288379e+02 -2.720857e+02 1.733581e+02 -1.275067e+02 9.633143e+01 -8.890734e+01 1.310324e+02 -4.924131e+01 8.98791e+01 -9.835423e+01 5.564346e+02 9.829059e+02 -2.639014e+02 -2.451313e+01 9.951125e+01 -1.577985e+01 6.466747e+01 -2.140839e+01 7.654053e+01 -7.497462e+00 5.657137e+01 -1.049497e+01 6.736382e+01 -3.299361e+02 -2.639014e+02 3.566645e+02 -2.842393e+00 5.587185e+01 5.623604e+00 -1.562213e+01 2.045486e+01 -1.129115e+01 1.197487e+01 -1.047748e+00 1.013342e+01 -1.108762e+01 2.288379e+02 -2.451313e+01 -2.842393e+00 2.784396e+02 -7.386444e-01 7.12226e+01 1.461646e+01 3.323948e+01 1.501311e+01 2.080061e+01 -8.441345e+00 1.452015e+01 5.380684e+00 -2.720857e+02 9.951125e+01 5.587185e+01 -7.386444e-01 2.008667e+02 2.551794e+01 6.811521e+01 1.206031e+01 3.512368e+01 -1.95725e+01 1.741013e+01 -4.98164e+00 3.926952e+01 1.733581e+02 -1.577985e+01 5.623604e+00 7.12226e+01 2.551794e+01 1.424726e+02 3.733842e+01 4.785928e+01 -1.02229e+01 1.60518e+00 -2.457558e+01 1.437109e+01 5.415459e+00 -1.275067e+02 6.466747e+01 -1.562213e+01 1.461646e+01 6.811521e+01 3.733842e+01 1.258778e+02 2.212909e+01 4.342473e+01 -2.148327e+01 1.073462e+01 -9.84079e+00 3.844094e+01 9.633143e+01 -2.140839e+01 2.045486e+01 3.323948e+01 1.206031e+01 4.785928e+01 2.212909e+01 9.005628e+01 1.807309e+01 2.322152e+01 -7.035441e+00 1.1552e+01 -8.171291e+00 -8.890734e+01 7.654053e+01 -1.129115e+01 1.501311e+01 3.512368e+01 -1.02229e+01 4.342473e+01 1.807309e+01 9.951788e+01 2.424099e+01 3.308579e+01 -4.24944e+00 2.75377e+01 1.310324e+02 -7.497462e+00 1.197487e+01 2.080061e+01 -1.95725e+01 1.60518e+00 -2.148327e+01 2.322152e+01 2.424099e+01 7.583004e+01 2.454949e+01 1.998587e+01 -1.046585e+01 -4.924131e+01 5.657137e+01 -1.047748e+00 -8.441345e+00 1.741013e+01 -2.457558e+01 1.073462e+01 -7.035441e+00 3.308579e+01 2.454949e+01 6.973817e+01 1.901029e+01 1.986447e+01 8.98791e+01 -1.049497e+01 1.013342e+01 1.452015e+01 -4.98164e+00 1.437109e+01 -9.84079e+00 1.1552e+01 -4.24944e+00 1.998587e+01 1.901029e+01 5.695945e+01 2.054485e+01 -9.835423e+01 6.736382e+01 -1.108762e+01 5.380684e+00 3.926952e+01 5.415459e+00 3.844094e+01 -8.171291e+00 2.75377e+01 -1.046585e+01 1.986447e+01 2.054485e+01 7.960663e+01 ) .

_:167390b6-343e-46ed-8101-816dd28ca21b a essentia:Spread ;
    event:time _:2bbd3d9d-177c-49d7-a10d-8f6443cf3d4c ;
    afo:computed_by _:LowLevelExtractor ;
    afo:feature _:03b4c007-7158-4ec0-ac93-0ea8dc756991,
        [ a essentia:Mean ;
            afo:value 4.153302e+06 ],
        [ a essentia:Minimum ;
            afo:value 1.334321e+06 ],
        [ a essentia:DerivativeMean ;
            afo:value 3.896259e+05 ],
        [ a essentia:Median ;
            afo:value 3734872 ],
        [ a essentia:SecondDerivativeMean ;
            afo:value 6.144578e+05 ],
        [ a essentia:Variance ;
            afo:value 1.282077e+13 ],
        [ a essentia:DerivativeVariance ;
            afo:value 533366996992 ],
        [ a essentia:SecondDerivativeVariance ;
            afo:value 1.143467e+12 ] .

_:16b47293-2485-41f3-a4a8-065173e11be7 a essentia:ChordsHistogram ;
    event:time _:2bbd3d9d-177c-49d7-a10d-8f6443cf3d4c ;
    afo:value ( 9.820778e+00 1.325951e+00 3.205595e-01 0 7.285444e-01 5.391228e+00 1.793676e+01 1.238525e+01 2.039924e-01 2.112779e+00 2.418767e+00 6.119773e+00 1.427947e+00 7.868279e-01 7.576861e-01 6.23634e+00 5.58065e+00 1.937928e+00 0 3.351304e-01 7.285444e-02 2.039924e-01 8.655107e+00 1.524115e+01 ) .

_:1788eff9-1637-4603-ae89-8040dfa9cf0f a essentia:Median ;
    afo:value 2.69043e-01 .

_:17b89d37-d86a-49a5-bd7c-fddcebb16afe a essentia:BeatsCount ;
    event:time _:2bbd3d9d-177c-49d7-a10d-8f6443cf3d4c ;
    afo:value 711 .

_:17beee1d-bb14-4943-ba04-a66b5230316d a essentia:SecondDerivativeMean ;
    afo:value 9.077554e+00 .

_:17d17ab6-3311-47d3-a64e-3d6a80238765 a essentia:Mean ;
    afo:values ( -6.180314e+02 1.47849e+02 -3.633104e+01 2.968156e+01 -5.899933e+00 1.890454e+01 -2.83466e+00 9.218498e+00 -2.990401e-01 9.103106e+00 1.001338e-01 7.338476e+00 -1.283782e+00 ) .

_:185f0c12-abf6-46ea-ba28-32607ed61f1d a essentia:DerivativeVariance ;
    afo:value 4.001128e-04 .

_:191f73bc-4404-46ea-8ebd-15a5528c0e92 a essentia:Mean ;
    afo:value 1.39465e-01 .

_:1959e45b-eac9-4375-80aa-28db572318b5 a essentia:SilenceRate ;
    event:time _:2bbd3d9d-177c-49d7-a10d-8f6443cf3d4c ;
    afo:computed_by _:LowLevelExtractor ;
    afo:feature [ a essentia:Variance ;
            afo:value 1.682885e-02 ],
        [ a essentia:Median ;
            afo:value 0 ],
        [ a essentia:Minimum ;
            afo:value 0 ],
        [ a essentia:Mean ;
            afo:value 1.712204e-02 ],
        [ a essentia:SecondDerivativeVariance ;
            afo:value 3.634383e-03 ],
        [ a essentia:Maximum ;
            afo:value 1 ],
        [ a essentia:SecondDerivativeMean ;
            afo:value 2.914815e-03 ],
        [ a essentia:DerivativeVariance ;
            afo:value 1.455018e-03 ],
        [ a essentia:DerivativeMean ;
            afo:value 1.457301e-03 ] .

_:1985621a-6095-4a4a-a0f1-116ae15c3401 a essentia:Maximum ;
    afo:value 1.30525e-01 .

_:19858523-77c3-421a-af13-f0b3c533390a a essentia:DerivativeMean ;
    afo:value 3.665137e+00 .

_:19c45b84-aa26-47c9-af0e-a7e26136780a a essentia:MelBands ;
    event:time _:2bbd3d9d-177c-49d7-a10d-8f6443cf3d4c ;
    afo:computed_by _:LowLevelExtractor ;
    afo:feature [ a essentia:Crest ;
            afo:feature _:0058e750-2552-4d33-8242-a724f70680eb,
                _:17beee1d-bb14-4943-ba04-a66b5230316d,
                [ a essentia:Variance ;
                    afo:value 4.532378e+01 ],
                [ a essentia:Maximum ;
                    afo:value 3.722652e+01 ],
                [ a essentia:Minimum ;
                    afo:value 1.552498e+00 ],
                [ a essentia:DerivativeVariance ;
                    afo:value 2.60078e+01 ],
                [ a essentia:Mean ;
                    afo:value 1.453218e+01 ],
                [ a essentia:SecondDerivativeVariance ;
                    afo:value 6.683198e+01 ],
                [ a essentia:DerivativeMean ;
                    afo:value 5.470782e+00 ] ] .

_:1a81d4da-8482-469e-ae2b-f5f09da53a42 a essentia:SecondDerivativeMean ;
    afo:value 7.890257e+01 .

_:1c5f59f8-7a42-4005-8853-71e60de92450 a essentia:Variance ;
    afo:value 1.445904e+01 .

_:1caeef84-bd31-4c2a-bd5e-8f20deb92810 a essentia:Maximum ;
    afo:value 2.777552e-02 .

_:1cd0b2e7-d0dd-46ba-8d66-9e0884217541 a essentia:Danceability ;
    event:time _:2bbd3d9d-177c-49d7-a10d-8f6443cf3d4c ;
    afo:value 1.092295e+00 .

_:1cdfcb83-70a7-4b31-9143-facd60e11263 a essentia:ChordsKey ;
    event:time _:2bbd3d9d-177c-49d7-a10d-8f6443cf3d4c ;
    afo:value "D" .

_:1d2d019e-28ad-4007-8a9b-029356e4b8ae a essentia:Minimum ;
    afo:value 8.989204e-01 .

_:1d867c81-8c9f-4123-9f08-e14100b14760 a essentia:Median ;
    afo:value 4.839883e-01 .

_:1d8de071-2d38-4434-a492-5f5d6dd35c05 a essentia:DerivativeVariance ;
    afo:value 1.81726e-06 .

_:1e1fc9a5-9b02-42a9-b2fd-4f7364ac3a9a a essentia:SecondDerivativeMean ;
    afo:value 0 .

_:1e3dfed6-e771-486c-aa81-e826d845ebb7 rdf:first 1.55091e-01 ;
    rdf:rest ( 1.361501e-01 1.288733e-01 1.025566e-01 1.00475e-01 1.019054e-01 1.199548e-01 1.149044e-01 1.1984e-01 1.508891e-01 1.622532e-01 1.623053e-01 1.6849e-01 1.732852e-01 1.638912e-01 1.767266e-01 1.549135e-01 1.313762e-01 1.199134e-01 1.038775e-01 8.637467e-02 8.291554e-02 9.180899e-02 1.12285e-01 3.146268e-01 1.096028e-01 1.000368e-01 7.922278e-02 8.258741e-02 9.182274e-02 1.184844e-01 1.420724e-01 1.45085e-01 1.569396e-01 1.58765e-01 1.622895e-01 ) .

_:1e64da24-44b3-4b97-8959-efcbeb7e6f79 a essentia:Median ;
    afo:value 1.012414e-02 .

_:1e93cf9b-de93-4183-8a4b-266b40b0081e rdf:first 5.999737e-05 ;
    rdf:rest ( 2.179092e-04 1.42308e-05 6.088752e-06 1.158823e-05 1.486468e-05 3.057652e-05 9.770528e-06 2.146631e-05 9.806319e-06 6.429395e-06 4.632723e-06 3.148742e-06 1.804187e-06 1.725059e-06 6.09589e-07 2.566122e-07 3.807908e-07 1.041319e-07 1.038967e-07 1.599987e-07 7.562361e-08 2.70436e-08 8.698565e-09 1.758975e-11 1.688452e-08 7.682468e-07 ) .

_:1f35edd7-5310-4a1a-a624-4bde5047985e a essentia:SecondDerivativeMean ;
    afo:value 0 .

_:2043c024-edac-404c-b67c-28a91d273888 a essentia:SilenceRate ;
    event:time _:2bbd3d9d-177c-49d7-a10d-8f6443cf3d4c ;
    afo:computed_by _:LowLevelExtractor ;
    afo:feature [ a essentia:Mean ;
            afo:value 1 ],
        [ a essentia:SecondDerivativeMean ;
            afo:value 0 ],
        [ a essentia:DerivativeVariance ;
            afo:value 0 ],
        [ a essentia:Minimum ;
            afo:value 1 ],
        [ a essentia:SecondDerivativeVariance ;
            afo:value 0 ],
        [ a essentia:DerivativeMean ;
            afo:value 0 ],
        [ a essentia:Maximum ;
            afo:value 1 ],
        [ a essentia:Variance ;
            afo:value 0 ],
        [ a essentia:Median ;
            afo:value 1 ] .

_:20b7be46-8092-4ef3-ad31-7dc628a02e7f a essentia:DerivativeMean ;
    afo:value 5.201417e-03 .

_:20e9070c-0c65-4991-8a96-50d8fb4808c9 a essentia:Maximum ;
    afo:value 3.827714e+00 .

_:213acaf0-b081-44cc-b9e1-d19bc502b5cb a essentia:DerivativeVariance ;
    afo:value 1.424327e-03 .

_:228cfda4-4f45-41da-94a8-0a08cddd128b a essentia:KeyStrength ;
    event:time _:2bbd3d9d-177c-49d7-a10d-8f6443cf3d4c ;
    afo:value 4.199178e-01 .

_:242c28ec-b60e-405e-b906-a34a1b083fde a essentia:Mean ;
    afo:value 1.347476e+04 .

_:2434c64d-e087-4dda-a2b8-b4ad931e0277 a essentia:Mean ;
    afo:value 1.386265e-01 .

_:25ad797f-b2c9-4aa1-b338-ee5962b8540c a essentia:Mean ;
    afo:values ( 3.567428e+01 8.306272e+01 -1.085751e+02 -3.251026e+00 -1.028014e+01 -1.790988e+01 5.803711e+00 -1.79124e+01 5.661603e+00 -5.975305e+00 -2.440284e+00 -1.144115e+00 -7.797845e+00 ) .

_:25e22696-5e9f-4b24-807e-c99376107d41 a essentia:DerivativeVariance ;
    afo:value 7.310649e-02 .

_:26c6c126-931c-4699-b92a-01298ed32af9 a essentia:Mean ;
    afo:value 1.56477e+03 .

_:26f1a5fd-17b2-4daf-9580-f9ce7085027f a essentia:Median ;
    afo:value 1.309149e-01 .

_:2799c6f1-871e-440a-81ab-3a973e6fff3f a essentia:BarkBands ;
    event:time _:2bbd3d9d-177c-49d7-a10d-8f6443cf3d4c ;
    afo:computed_by _:LowLevelExtractor ;
    afo:feature _:0a03bce7-7f92-431b-8bde-9fcbc25cc772 .

_:27b21ea4-7448-41ee-8f73-e0eb2c3aea5a a essentia:DerivativeMean ;
    afo:values ( 1.764719e-01 7.875465e-02 1.055576e-01 8.354459e-02 4.011955e-02 8.038595e-02 ) .

_:289fc019-4961-488d-8fcd-892bc3a9ec1a a essentia:SecondDerivativeMean ;
    afo:value 4.854557e-02 .

_:28b624f3-1f61-49fb-a223-e6fd32dc944e a essentia:SpectralComplexity ;
    event:time _:2bbd3d9d-177c-49d7-a10d-8f6443cf3d4c ;
    afo:computed_by _:LowLevelExtractor ;
    afo:feature _:015ac0b5-f3fa-4420-8d0b-f13379b1e041,
        _:0f092045-fdbe-4982-acf8-f0b29055c6ed,
        [ a essentia:SecondDerivativeVariance ;
            afo:value 3.76024e+01 ],
        [ a essentia:DerivativeVariance ;
            afo:value 1.61466e+01 ],
        [ a essentia:Median ;
            afo:value 31 ],
        [ a essentia:SecondDerivativeMean ;
            afo:value 7.184289e+00 ],
        [ a essentia:DerivativeMean ;
            afo:value 4.519819e+00 ],
        [ a essentia:Maximum ;
            afo:value 60 ],
        [ a essentia:Variance ;
            afo:value 7.920692e+01 ] .

_:28dfc652-74cd-4b7b-b6de-25ecdec26728 a essentia:BarkBands ;
    event:time _:2bbd3d9d-177c-49d7-a10d-8f6443cf3d4c ;
    afo:computed_by _:LowLevelExtractor ;
    afo:feature _:03665752-23eb-4169-a4d9-51e33cfcb176,
        _:0fa606af-3734-4163-8dcb-b0e082f9da3a,
        [ a essentia:Minimum ;
            afo:values ( 4.481728e-25 3.691522e-24 4.152532e-25 7.578593e-25 7.364028e-24 7.044755e-24 5.046103e-24 7.420791e-24 7.011986e-24 2.146483e-23 8.990781e-24 2.14581e-23 2.598136e-23 1.952667e-23 4.115831e-23 5.182193e-23 7.151209e-23 7.845446e-23 1.232703e-22 1.578271e-22 1.785695e-22 3.346281e-22 3.634403e-22 6.00173e-22 7.491369e-22 1.202971e-21 1.828259e-21 ) ],
        [ a essentia:DerivativeVariance ;
            afo:values ( 7.358073e-05 2.374235e-04 1.139407e-05 4.256681e-06 9.492114e-06 1.080881e-05 1.530178e-05 5.830365e-06 9.604487e-06 5.553343e-06 3.507086e-06 2.333246e-06 1.708102e-06 1.171177e-06 1.052899e-06 4.5967e-07 1.481229e-07 2.215854e-07 5.518368e-08 4.265674e-08 7.601153e-08 3.139574e-08 2.022478e-08 6.667135e-09 1.685836e-11 1.281654e-08 1.246084e-07 ) ],
        [ a essentia:SecondDerivativeMean ;
            afo:values ( 8.38951e-03 1.740537e-02 3.261167e-03 1.742495e-03 2.390092e-03 2.548207e-03 2.768292e-03 1.811103e-03 2.304912e-03 1.903171e-03 1.49285e-03 1.420839e-03 1.366562e-03 1.205419e-03 1.19612e-03 8.948869e-04 4.792073e-04 5.154867e-04 2.791799e-04 2.044491e-04 1.616764e-04 9.219495e-05 5.728162e-05 3.076195e-05 4.432452e-06 4.025227e-05 5.165434e-04 ) ],
        [ a essentia:DerivativeMean ;
            afo:values ( 4.869227e-03 1.023476e-02 1.936415e-03 1.029326e-03 1.436632e-03 1.553474e-03 1.718819e-03 1.099985e-03 1.425119e-03 1.159117e-03 9.047547e-04 8.525344e-04 8.161376e-04 7.123654e-04 7.014114e-04 5.150188e-04 2.82067e-04 3.055937e-04 1.672756e-04 1.23566e-04 1.01032e-04 6.136736e-05 3.73149e-05 2.019811e-05 2.650218e-06 2.672045e-05 3.279552e-04 ) ],
        [ a essentia:SecondDerivativeVariance ;
            afo:values ( 1.871057e-04 6.402316e-04 2.976929e-05 1.060198e-05 2.313647e-05 2.626032e-05 3.738545e-05 1.452354e-05 2.299362e-05 1.299884e-05 8.359919e-06 6.391521e-06 4.408335e-06 3.054196e-06 2.820128e-06 1.245531e-06 3.845132e-07 5.53719e-07 1.345552e-07 9.79219e-08 1.712406e-07 5.81859e-08 4.344106e-08 1.423559e-08 4.253784e-11 2.704647e-08 2.980386e-07 ) ],
        [ a essentia:Maximum ;
            afo:values ( 7.302965e-02 1.486478e-01 9.204311e-02 5.496209e-02 7.941994e-02 8.740987e-02 8.822727e-02 6.458627e-02 7.629024e-02 9.257928e-02 4.921819e-02 4.350255e-02 5.000081e-02 2.459197e-02 2.387943e-02 1.307907e-02 1.107603e-02 1.330122e-02 8.549896e-03 9.753112e-03 1.559252e-02 8.50096e-03 4.727187e-03 2.585966e-03 5.333348e-05 3.465594e-03 7.544621e-03 ) ],
        [ a essentia:Variance ;
            afo:values _:1e93cf9b-de93-4183-8a4b-266b40b0081e ] .

_:294099a2-e91d-4056-9ad7-0421257eae3d a essentia:SecondDerivativeMean ;
    afo:value 3.982826e+00 .

_:29dc88be-7443-425e-b7b1-11c0ccad68a6 a essentia:Maximum ;
    afo:values ( -5.235717e+00 -4.417439e+00 -4.993195e+00 -5.177301e+00 -5.501272e+00 -8.760596e+00 ) .

_:2a595d9a-8d35-40a4-9c24-5e6b71c836ce a essentia:ChordsScale ;
    event:time _:2bbd3d9d-177c-49d7-a10d-8f6443cf3d4c ;
    afo:value "minor" .

_:2a6e5aa8-97d7-405a-9cac-d3287234d6a0 a essentia:DerivativeMean ;
    afo:value 5.572207e+00 .

_:2b2d313a-53b8-44fe-a90f-b1343f0d2949 rdf:first 2.086047e+00 ;
