@prefix afo: <https://w3id.org/afo/onto/1.1#> .
@prefix dc: <http://purl.org/dc/elements/1.1/> .
@prefix essentia: <http://sovarr.c4dm.eecs.qmul.ac.uk/af/essentia/> .
@prefix event: <http://purl.org/NET/c4dm/event.owl#> .
@prefix foaf: <http://xmlns.com/foaf/0.1/> .
@prefix mo: <http://purl.org/ontology/mo/> .
@prefix rdf: <http://www.w3.org/1999/02/22-rdf-syntax-ns#> .
@prefix rdfs: <http://www.w3.org/2000/01/rdf-schema#> .
@prefix tl: <http://purl.org/NET/c4dm/timeline.owl#> .
@prefix xml: <http://www.w3.org/XML/1998/namespace> .
@prefix xsd: <http://www.w3.org/2001/XMLSchema#> .

<http://musicbrainz.org/release/1bb58e9e-6e7e-46fe-91aa-9862a79d0d56> a mo:Release ;
    dc:date "2004" ;
    dc:title "Florilegium" ;
    mo:catalogue_number "EQM005" ;
    mo:publisher [ a mo:Label ;
            foaf:name "Equilibrium Music" ] ;
    mo:track <http://musicbrainz.org/recording/545bd9af-d030-4029-99a2-414787e6e23a> ;
    essentia:asin "B000C5RS8A" ;
    foaf:maker <http://musicbrainz.org/artist/0a133f8e-30c9-42aa-99d5-71eba65ad7a7> .

<11_Formis_Melara_Sanctus_Filix.flac> a mo:AudioFile ;
    mo:encodes [ a essentia:Signal ;
            mo:sample_rate "44100"^^xsd:interger ;
            mo:time _:08838128-15a4-4188-88f8-a2e9ea1c3ddf ;
            essentia:bit_rate "0"^^xsd:float ;
            essentia:codec "flac"^^xsd:string ;
            essentia:downmix "mix"^^xsd:string ;
            essentia:equal_loudness "0"^^xsd:float ;
            essentia:lossless true ;
            essentia:md5_encoded "a41d02764c9bcee0f2f7e0a091779762"^^xsd:string ;
            essentia:replay_gain "-11.3822879791"^^xsd:float ] .

<http://musicbrainz.org/artist/0a133f8e-30c9-42aa-99d5-71eba65ad7a7> a mo:MusicArtist ;
    foaf:name "Lupercalia" .

<http://musicbrainz.org/recording/545bd9af-d030-4029-99a2-414787e6e23a> a mo:Track ;
    dc:title "Formis Melara Sanctus Filix" ;
    mo:available_as <11_Formis_Melara_Sanctus_Filix.flac> ;
    mo:genre [ a mo:Genre ;
            rdfs:label "Ethno-Ambient; Female Vocal" ] ;
    mo:track_number "11" .

[] a essentia:VersionInfo .

_:003df1f9-3f04-45dc-b654-a6caa4d07577 rdf:first -9.862307e-01 ;
    rdf:rest ( -9.951645e-01 -9.971244e-01 -9.877098e-01 -9.883513e-01 -9.66095e-01 ) .

_:01618ce8-d3cf-4d24-a844-86b775d4e7cb rdf:first 1.059614e-02 ;
    rdf:rest ( 1.509805e-02 1.396063e-02 8.668364e-03 6.513212e-03 3.547685e-03 ) .

_:022944fb-e976-4d65-b176-ad3be06d2313 a essentia:Median ;
    afo:value 1.878789e+00 .

_:0258ba78-efe9-4507-bbae-b7035b85e319 a essentia:DerivativeMean ;
    afo:value 2.725372e+02 .

_:02645e85-95bf-438a-afaa-85a3cd58de27 a essentia:Loudness ;
    event:time _:08838128-15a4-4188-88f8-a2e9ea1c3ddf ;
    afo:feature [ a essentia:Mean ;
            afo:value 1.441608e-01 ] .

_:040e59fb-d68c-43fe-9ac6-8f52b0045531 rdf:first -6.478785e-01 ;
    rdf:rest ( -6.785313e-01 -6.974931e-01 -7.410229e-01 -7.463028e-01 -7.901821e-01 ) .

_:047e7423-0d23-4ee7-b399-2afca892243d a essentia:DerivativeVariance ;
    afo:values ( 1.376337e-03 1.219097e-03 8.925755e-04 5.56771e-04 4.806425e-04 3.376035e-04 ) .

_:05f680b2-bb9c-4113-8ce6-865be34c3974 a essentia:Maximum ;
    afo:value 4.453224e+00 .

_:061b4260-f83a-416f-af5d-7ca3279a8fb4 a essentia:Median ;
    afo:value 2.775475e-03 .

_:06d1f149-ab6c-4f1d-8a2b-b9e30a760835 a essentia:SecondDerivativeVariance ;
    afo:value 1.470519e+02 .

_:084cba60-72f8-44e7-a466-fe28c854c4fc a essentia:SecondDerivativeMean ;
    afo:value 0 .

_:08cd3f82-e10d-4182-871f-7505059f2915 a essentia:DerivativeVariance ;
    afo:value 3.258565e-05 .

_:08f4862f-e825-440c-be6c-fcf94c922085 a essentia:Maximum ;
    afo:value 115 .

_:097c1ef7-9f6c-4eed-8eac-d2b8d261f68b a essentia:Minimum ;
    afo:value 0 .

_:09e45168-72e3-489e-9a2c-a4ca3d180a0a rdf:first 9.227877e-01 ;
    rdf:rest ( 9.338884e-01 9.854847e-01 9.325673e-01 7.177531e-01 9.988285e-01 ) .

_:0a08c0b1-97d2-41ca-97bc-f63e3d408fc1 a essentia:SecondDerivativeMean ;
    afo:values ( 7.652956e-02 6.871647e-02 5.671731e-02 4.383561e-02 3.541708e-02 2.742315e-02 ) .

_:0a130b45-0c67-40a7-8213-9e7a261ae33a a essentia:DerivativeMean ;
    afo:value 6.393145e-02 .

_:0a2535fc-bd74-4a31-bd9c-0e0111a90c55 a essentia:Minimum ;
    afo:values ( 8.709581e-25 1.333023e-24 7.437857e-25 1.408945e-24 1.397705e-24 7.992335e-25 1.320398e-24 2.046032e-24 1.545345e-24 2.142394e-24 2.268929e-24 1.95992e-24 1.832192e-24 2.750091e-24 3.555121e-24 2.643546e-24 2.90622e-24 3.045761e-24 2.578865e-24 3.115554e-24 3.76871e-24 2.812191e-24 4.296557e-24 4.103944e-24 3.928752e-24 4.409086e-24 5.118458e-24 5.443787e-24 4.020294e-24 4.836839e-24 4.306512e-24 5.732654e-24 5.246762e-24 5.673657e-24 6.32665e-24 5.629812e-24 5.644563e-24 6.496202e-24 5.783148e-24 5.718033e-24 ) .

_:0b90d82b-7b6a-4b85-bfbd-598e9945c8a1 a essentia:SecondDerivativeMean ;
    afo:value 1.324546e-03 .

_:0b99dc11-c775-4767-b072-c92359a5c62c a essentia:Minimum ;
    afo:value 5.029547e-02 .

_:0bf58bd7-5d4a-4a80-ba29-3d3f821195af a essentia:Median ;
    afo:value 9.840807e+00 .

_:0c06143a-671e-4827-9bff-c53872e0ff87 a essentia:SecondDerivativeVariance ;
    afo:value 4.38105e-08 .

_:0c9b8eee-1efe-4fd3-9b3f-fe9117d9e263 a essentia:Minimum ;
    afo:value 1.001402e+00 .

_:0d5b4574-8574-4cba-833b-caea03d2b9f2 a essentia:Mean ;
    afo:value 1.525914e+00 .

_:0dc8d812-de27-4c4f-bc06-02bc02c83103 a essentia:SecondDerivativeVariance ;
    afo:value 4.506681e-03 .

_:0e37e1d2-79e3-429a-aa56-85735d683421 a essentia:DerivativeVariance ;
    afo:value 0 .

_:0e55c7c5-def9-46cd-a776-aca642c06952 a essentia:Variance ;
    afo:value 3.556662e-03 .

_:0e97c1eb-2714-4a25-8e08-41135ce15cab rdf:first 1.392236e-06 ;
    rdf:rest ( 1.263276e-03 4.7945e-04 3.377764e-04 1.014018e-03 9.133369e-04 1.467476e-03 2.310989e-03 2.128387e-03 1.307404e-03 1.065661e-03 1.382935e-03 8.044129e-04 1.766068e-04 5.064106e-05 5.412023e-05 6.132345e-05 7.80722e-05 1.082698e-04 6.91337e-05 2.21956e-05 1.539961e-05 1.199059e-05 9.094642e-06 7.17741e-06 1.878716e-06 5.505194e-07 ) .

_:0f079ae0-a405-4f10-ae5f-29c1602519f3 a essentia:DerivativeMean ;
    afo:value 5.678427e-01 .

_:0f4bf87e-e2f5-4393-8e11-924b93707a31 a essentia:Median ;
    afo:values ( 1.815264e-02 1.453345e-02 8.277979e-03 5.531658e-03 6.41141e-03 2.004604e-02 3.30257e-02 3.752822e-02 2.396212e-02 2.229602e-02 2.720094e-02 2.47422e-02 1.782729e-02 2.145456e-02 2.762251e-02 2.580201e-02 1.299186e-02 5.536357e-03 3.844078e-03 5.22966e-03 2.171579e-02 3.575213e-02 2.519748e-02 6.695642e-03 3.372407e-03 6.967929e-03 1.658195e-02 2.153858e-02 2.364072e-02 2.43733e-02 2.162273e-02 1.491271e-02 6.997221e-03 6.462029e-03 6.497211e-03 1.607244e-02 ) .

_:10d94c96-95d4-4866-86a6-24a914af24ff a essentia:Median ;
    afo:value 1.753603e+00 .

_:11a6d61c-74f5-4ba6-8879-acc8b70371ff a essentia:KeyScale ;
    event:time _:08838128-15a4-4188-88f8-a2e9ea1c3ddf ;
    afo:value "major" .

_:11b1ded7-76b1-48f2-8cba-8834c1441b06 a essentia:DerivativeMean ;
    afo:value 0 .

_:11d9b88f-2532-4dae-a4fa-025e9f1e62d4 a essentia:DerivativeVariance ;
    afo:value 1.70581e+01 .

_:11e89a91-107d-4477-b6e9-554280befb56 a essentia:DerivativeMean ;
    afo:value 5.773937e+00 .

_:11f91748-ec86-49af-889d-8bdd4df2914b a essentia:Mean ;
    afo:value 4.171423e-01 .

_:124f0854-145f-43e4-8b7a-9d69e019e196 rdf:first 8.619448e-08 ;
    rdf:rest ( 1.954507e-07 5.029406e-08 3.171846e-08 3.354654e-08 8.032725e-08 1.593447e-07 4.561655e-07 3.951556e-07 3.349268e-07 3.414872e-07 6.68693e-08 1.265333e-07 2.30311e-07 6.95215e-08 4.765292e-08 6.766784e-09 2.158289e-10 8.130973e-11 4.606784e-11 4.051717e-11 1.94818e-11 5.136902e-11 4.456717e-11 7.928025e-11 3.897518e-11 1.790433e-11 1.074327e-11 1.954026e-12 2.177652e-12 1.941101e-12 7.42179e-13 4.103462e-13 6.249619e-13 3.945108e-13 2.654102e-13 1.201091e-13 1.983719e-13 1.443671e-13 1.006184e-13 ) .

_:12fb8275-3285-4c36-bb4e-51cb468cfdc3 a essentia:Maximum ;
    afo:value 8.153454e-12 .

_:132b4dfc-d3b9-48e8-87d0-498ed97641b5 a essentia:Mean ;
    afo:value 1.389505e-01 .

_:139cf597-c51f-48ef-8a9b-15e85e1abc5d a essentia:SecondDerivativeVariance ;
    afo:value 1.035753e+00 .

_:13e4eccf-7500-4f16-b173-91356a53cabf rdf:first 7.128167e-03 ;
    rdf:rest ( 1.479912e-01 4.208374e-01 4.761496e-01 1.274325e+00 1.75578e+00 2.533569e+00 3.91517e+00 7.930758e+00 1.809876e+01 2.024418e+01 2.183201e+01 2.348282e+01 1.43761e+01 2.92812e+01 2.607024e+01 1.868666e+01 8.26848e+00 1.548965e+00 1.55739e+00 1.613204e+00 1.358843e+00 1.634201e+00 2.73368e+00 2.2617e+00 1.639966e+00 5.882114e-01 5.382587e-01 3.379462e-01 2.809509e-01 2.279455e-01 1.37047e-01 1.045603e-01 7.101468e-02 2.522127e-02 8.715707e-03 2.250363e-03 6.360969e-04 1.260308e-04 8.08489e-06 ) .

_:13e74c3b-4042-4a37-b6f8-8e6f8234cab3 a essentia:Mean ;
    afo:value 1.167537e+01 .

_:14088a21-dc84-40eb-a1b0-33c12761ed55 a essentia:SecondDerivativeMean ;
    afo:value 0 .

_:14638cc4-f9f7-4fdb-8203-103c596c0230 a essentia:SecondDerivativeMean ;
    afo:value 6.875018e-01 .

_:15279eec-45fe-44c1-a39e-82ecb5b9046a a essentia:Minimum ;
    afo:values _:003df1f9-3f04-45dc-b654-a6caa4d07577 .

_:15bfc871-d7ef-46e6-9acf-b19264a37ad9 a essentia:Minimum ;
    afo:value -6.940574e+00 .

_:15c8a1eb-c087-41b5-b58c-956dd1173442 a essentia:SecondDerivativeMean ;
    afo:values ( 1.587558e-01 1.479558e-01 1.462754e-01 1.325757e-01 1.11034e-01 1.350849e-01 1.740003e-01 1.835298e-01 2.067839e-01 2.320197e-01 2.746328e-01 2.307573e-01 2.027218e-01 1.894396e-01 1.897349e-01 1.67505e-01 1.209216e-01 9.631697e-02 9.085699e-02 1.171924e-01 1.706897e-01 1.88984e-01 1.889785e-01 1.512404e-01 1.285245e-01 1.389423e-01 1.727686e-01 1.703396e-01 2.179145e-01 2.207384e-01 1.849947e-01 1.363724e-01 9.608298e-02 9.264978e-02 1.083507e-01 1.481335e-01 ) .

_:15ed1fec-a62c-49c4-913e-7625d8ad62f8 a essentia:DerivativeMean ;
    afo:value 1.062419e-02 .

_:1671b269-f119-4670-bfb5-41346aa0b52f rdf:first 1 ;
    rdf:rest ( 1 1 1 1 1 1 1 1 1 1 1 1 1 1 1 1 1 1 1 1 1 1 1 1 1 1 1 1 1 1 1 1 1 1 1 ) .

_:16c6c997-5022-44b0-b087-450d7ad05839 a essentia:DerivativeVariance ;
    afo:value 6.354437e+01 .

_:17416b8d-b141-4702-ba23-2c7035f2256f a essentia:DerivativeMean ;
    afo:value 4.342692e-03 .

_:180fa1fe-f1cb-48ac-adb1-3965343b7985 a essentia:Skewness ;
    event:time _:08838128-15a4-4188-88f8-a2e9ea1c3ddf ;
    afo:computed_by _:LowLevelExtractor ;
    afo:feature [ a essentia:SecondDerivativeMean ;
            afo:value 7.249227e-01 ],
        [ a essentia:Maximum ;
            afo:value 9.560225e+00 ],
        [ a essentia:Variance ;
            afo:value 1.703873e+00 ],
        [ a essentia:Median ;
            afo:value 2.327165e+00 ],
        [ a essentia:SecondDerivativeVariance ;
            afo:value 5.709109e-01 ],
        [ a essentia:DerivativeVariance ;
            afo:value 2.073703e-01 ],
        [ a essentia:Mean ;
            afo:value 2.572755e+00 ],
        [ a essentia:DerivativeMean ;
            afo:value 4.356199e-01 ],
        [ a essentia:Minimum ;
            afo:value -1.179622e+00 ] .

_:18158d73-9c7b-49bf-a2a2-a8145837d263 a essentia:DerivativeMean ;
    afo:value 0 .

_:1839f8f1-3142-4cc7-8dfe-829b01327aee a essentia:Maximum ;
    afo:value 1.200082e+04 .

_:185fefe3-468b-461a-b030-d079f89ca24d a essentia:Median ;
    afo:values ( 3.016158e-08 2.238482e-04 1.093571e-04 1.03053e-04 5.772554e-04 2.199125e-04 1.717442e-04 1.155801e-04 1.063735e-04 8.282211e-05 5.899704e-05 4.773452e-05 2.248981e-05 9.81828e-06 8.996964e-06 1.385907e-05 1.199501e-05 1.469871e-05 1.710541e-05 1.176625e-05 2.596851e-06 1.434418e-06 1.218608e-06 1.010862e-06 6.11741e-07 1.027027e-07 5.236998e-08 ) .

_:18cdbac0-19b4-48e2-87ad-80e2c5d4667a a essentia:SecondDerivativeVariance ;
    afo:value 0 .

_:18f976c6-1607-4bfd-a20f-b72df0dd156f a essentia:SecondDerivativeMean ;
    afo:value 8.711794e+00 .

_:1944c6f3-fa79-4bcf-92f1-cffbc24a440a a essentia:Maximum ;
    afo:values ( 1.114065e+00 1.136292e+01 1.9827e+01 5.616959e+01 7.26806e+01 8.206015e+01 2.770013e+02 5.29531e+02 1.021015e+03 1.91963e+03 2.295437e+03 2.542897e+03 5.157615e+03 4.052451e+03 4.686032e+03 4.159588e+03 3.747373e+03 1.636797e+03 4.174333e+02 4.04181e+02 2.074927e+02 2.422173e+02 2.222116e+02 6.366359e+02 2.24248e+02 2.119358e+02 9.936761e+01 6.316193e+01 5.221177e+01 8.57141e+01 7.433316e+01 3.546948e+01 4.536582e+01 2.422576e+01 8.776262e+00 5.901746e+00 6.040505e-01 1.160096e-01 2.43605e-02 9.141595e-04 ) .

_:198f785f-c661-40f6-a9a4-37c66d443ded a essentia:DerivativeMean ;
    afo:value 6.545818e-01 .

_:199a033c-6ddc-461a-aa0d-0fd10a410594 a essentia:SecondDerivativeMean ;
    afo:value 6.501344e-03 .

_:199ce24f-0d24-4cc8-a270-be1bf37345f4 a essentia:SecondDerivativeVariance ;
    afo:values ( 5.347494e-02 4.99756e-02 6.342877e-02 6.382667e-02 5.016578e-03 3.589355e-02 ) .

_:19b49aef-ea3d-4a2b-9323-c37a4627d4ad a essentia:Median ;
    afo:value 1 .

_:1a38a400-7d79-460f-bb5a-13a72ab8f6df rdf:first 3.479185e-01 ;
    rdf:rest ( 1.780592e-01 1.265421e-01 1.326999e-01 1.681832e-01 3.408584e-01 ) .

_:1a60c5e8-e201-4068-8139-8b5b58133334 a essentia:Energy ;
    event:time _:08838128-15a4-4188-88f8-a2e9ea1c3ddf ;
    afo:computed_by _:LowLevelExtractor ;
    afo:feature _:17416b8d-b141-4702-ba23-2c7035f2256f,
        _:199a033c-6ddc-461a-aa0d-0fd10a410594,
        [ a essentia:Median ;
            afo:value 7.895846e-03 ],
        [ a essentia:SecondDerivativeVariance ;
            afo:value 1.181944e-04 ],
        [ a essentia:Minimum ;
            afo:value 1.001661e-20 ],
        [ a essentia:DerivativeVariance ;
            afo:value 5.340991e-05 ],
        [ a essentia:Maximum ;
            afo:value 1.60463e-01 ],
        [ a essentia:Variance ;
            afo:value 3.501738e-04 ],
        [ a essentia:Mean ;
            afo:value 1.514301e-02 ] .

_:1a9afa6f-c092-422c-8e97-3a02da44f7c6 a essentia:SecondDerivativeVariance ;
    afo:value 1.773183e+06 .

_:1ab1eca2-f905-4d55-a6ea-6601f0325129 a essentia:BarkBands ;
    event:time _:08838128-15a4-4188-88f8-a2e9ea1c3ddf ;
    afo:computed_by _:LowLevelExtractor ;
    afo:feature [ a essentia:Crest ;
            afo:feature [ a essentia:Maximum ;
                    afo:value 2.683894e+01 ],
                [ a essentia:SecondDerivativeVariance ;
                    afo:value 1.340193e+01 ],
                [ a essentia:DerivativeVariance ;
                    afo:value 5.306875e+00 ],
                [ a essentia:Median ;
                    afo:value 1.163985e+01 ],
                [ a essentia:SecondDerivativeMean ;
                    afo:value 4.305757e+00 ],
                [ a essentia:DerivativeMean ;
                    afo:value 2.654636e+00 ],
                [ a essentia:Minimum ;
                    afo:value 2.69876e+00 ],
                [ a essentia:Mean ;
                    afo:value 1.246467e+01 ],
                [ a essentia:Variance ;
                    afo:value 2.366734e+01 ] ] .

_:1af3da8f-a5d6-49bb-be30-bc36c1bf3a8c a essentia:ERBBands ;
    event:time _:08838128-15a4-4188-88f8-a2e9ea1c3ddf ;
    afo:computed_by _:LowLevelExtractor ;
    afo:feature [ a essentia:Kurtosis ;
            afo:feature _:11d9b88f-2532-4dae-a4fa-025e9f1e62d4,
                [ a essentia:Median ;
                    afo:value 1.083757e+00 ],
                [ a essentia:SecondDerivativeVariance ;
                    afo:value 4.227058e+01 ],
                [ a essentia:Variance ;
                    afo:value 4.404602e+01 ],
                [ a essentia:DerivativeMean ;
                    afo:value 2.030854e+00 ],
                [ a essentia:SecondDerivativeMean ;
                    afo:value 3.240427e+00 ],
                [ a essentia:Mean ;
                    afo:value 2.873583e+00 ],
                [ a essentia:Minimum ;
                    afo:value -1.909157e+00 ],
                [ a essentia:Maximum ;
                    afo:value 2.007429e+02 ] ] .

_:1b1f3cb6-ec84-4cdc-bef8-0a29d2553414 a essentia:MFCC ;
    event:time _:08838128-15a4-4188-88f8-a2e9ea1c3ddf ;
    afo:computed_by _:LowLevelExtractor ;
    afo:feature [ a essentia:Covariance ;
            afo:dimensions ( 13 13 ) ;
            afo:values ( 1.097724e+04 4.411837e+02 -1.33683e+03 1.298584e+03 -2.146713e+02 1.018178e+02 2.837585e+02 5.458492e+02 2.150661e+02 2.152068e+02 4.457906e+01 -3.469089e+01 -5.615681e+01 4.411837e+02 2.205456e+03 1.98843e+02 2.955796e+02 1.995974e+02 3.26091e+02 1.425049e+02 4.853276e+01 2.165407e+00 -1.971788e+02 -1.08501e+02 -7.614696e+01 2.33798e+01 -1.33683e+03 1.98843e+02 1.50096e+03 3.789055e+02 3.845678e+02 5.846826e+02 -6.165311e+00 1.345839e+02 2.034913e+02 -2.636986e+02 -1.615165e+02 -5.690288e+01 -6.947022e+01 1.298584e+03 2.955796e+02 3.789055e+02 1.000066e+03 2.540698e+02 5.238674e+02 6.363916e+00 2.660527e+02 2.735875e+02 -1.125677e+02 -8.288514e+01 -4.22666e+01 -4.7251e+01 -2.146713e+02 1.995974e+02 3.845678e+02 2.540698e+02 3.849857e+02 2.511079e+02 2.019474e+01 5.383163e+01 1.16948e+02 -1.619512e+01 -2.755916e+01 -1.159904e+01 -4.46964e+01 1.018178e+02 3.26091e+02 5.846826e+02 5.238674e+02 2.511079e+02 6.614875e+02 3.794521e+01 1.844425e+02 2.376468e+02 -1.258957e+02 -7.935593e+01 -4.779877e+01 -8.688318e+01 2.837585e+02 1.425049e+02 -6.165311e+00 6.363916e+00 2.019474e+01 3.794521e+01 3.082237e+02 9.271561e+01 -1.603562e+00 8.978982e+01 6.918441e+01 3.973376e+00 -3.457627e+01 5.458492e+02 4.853276e+01 1.345839e+02 2.660527e+02 5.383163e+01 1.844425e+02 9.271561e+01 2.915335e+02 1.07842e+02 -2.157874e+00 1.798293e+01 9.519846e+00 1.192235e+01 2.150661e+02 2.165407e+00 2.034913e+02 2.735875e+02 1.16948e+02 2.376468e+02 -1.603562e+00 1.07842e+02 2.651244e+02 1.663529e+01 -2.043919e+01 -2.721594e+01 -6.009029e+01 2.152068e+02 -1.971788e+02 -2.636986e+02 -1.125677e+02 -1.619512e+01 -1.258957e+02 8.978982e+01 -2.157874e+00 1.663529e+01 3.057855e+02 1.523334e+02 4.113327e+01 -2.063705e+01 4.457906e+01 -1.08501e+02 -1.615165e+02 -8.288514e+01 -2.755916e+01 -7.935593e+01 6.918441e+01 1.798293e+01 -2.043919e+01 1.523334e+02 2.071829e+02 8.385956e+01 1.693456e+01 -3.469089e+01 -7.614696e+01 -5.690288e+01 -4.22666e+01 -1.159904e+01 -4.779877e+01 3.973376e+00 9.519846e+00 -2.721594e+01 4.113327e+01 8.385956e+01 1.777585e+02 1.104875e+02 -5.615681e+01 2.33798e+01 -6.947022e+01 -4.7251e+01 -4.46964e+01 -8.688318e+01 -3.457627e+01 1.192235e+01 -6.009029e+01 -2.063705e+01 1.693456e+01 1.104875e+02 2.63712e+02 ) ],
        [ a essentia:InverseCovariance ;
            afo:dimensions ( 13 13 ) ;
            afo:values ( 1.612853e-04 -2.230069e-05 1.815724e-04 -2.89164e-04 1.018541e-04 7.220793e-05 -9.273573e-05 -1.688832e-04 1.436455e-05 -7.218316e-05 1.314573e-04 -4.154745e-05 7.546207e-05 -2.230069e-05 5.962338e-04 1.325441e-04 -1.315943e-05 -3.098463e-04 -3.304152e-04 -4.116245e-04 2.230694e-04 2.003559e-04 4.183685e-04 -2.344776e-05 3.103098e-04 -3.005913e-04 1.815724e-04 1.325441e-04 1.582172e-03 2.9928e-05 -8.608941e-04 -8.070819e-04 -2.788766e-04 -2.999721e-04 -1.991086e-04 9.036982e-04 3.063987e-04 -5.628548e-05 4.350984e-05 -2.89164e-04 -1.315943e-05 2.9928e-05 2.741891e-03 -8.397602e-04 -1.212887e-03 4.964795e-04 -8.754426e-04 -8.717795e-04 5.638952e-04 -2.751638e-05 1.316242e-04 -2.063987e-04 1.018541e-04 -3.098463e-04 -8.608941e-04 -8.397602e-04 4.482447e-03 -3.921918e-04 -6.620581e-06 5.203252e-04 -2.662863e-04 -1.297372e-03 3.223067e-04 -5.145305e-04 3.107018e-04 7.220793e-05 -3.304152e-04 -8.070819e-04 -1.212887e-03 -3.921918e-04 4.525218e-03 -3.496914e-04 -6.590827e-04 -1.704659e-03 7.952842e-04 -1.264748e-04 -3.561935e-04 8.542648e-04 -9.273573e-05 -4.116245e-04 -2.788766e-04 4.964795e-04 -6.620581e-06 -3.496914e-04 4.755819e-03 -1.76932e-03 1.065936e-03 -1.49211e-03 -6.794992e-04 9.037172e-05 7.513423e-04 -1.688832e-04 2.230694e-04 -2.999721e-04 -8.754426e-04 5.203252e-04 -6.590827e-04 -1.76932e-03 6.084715e-03 -1.210212e-03 4.530784e-04 -1.01568e-03 2.748299e-04 -1.217874e-03 1.436455e-05 2.003559e-04 -1.991086e-04 -8.717795e-04 -2.662863e-04 -1.704659e-03 1.065936e-03 -1.210212e-03 7.348956e-03 -2.230952e-03 9.112156e-04 1.264367e-04 7.528447e-04 -7.218316e-05 4.183685e-04 9.036982e-04 5.638952e-04 -1.297372e-03 7.952842e-04 -1.49211e-03 4.530784e-04 -2.230952e-03 7.404678e-03 -4.112435e-03 4.509234e-04 2.589127e-04 1.314573e-04 -2.344776e-05 3.063987e-04 -2.751638e-05 3.223067e-04 -1.264748e-04 -6.794992e-04 -1.01568e-03 9.112156e-04 -4.112435e-03 1.001987e-02 -4.121508e-03 1.044806e-03 -4.154745e-05 3.103098e-04 -5.628548e-05 1.316242e-04 -5.145305e-04 -3.561935e-04 9.037172e-05 2.748299e-04 1.264367e-04 4.509234e-04 -4.121508e-03 1.002902e-02 -4.105836e-03 7.546207e-05 -3.005913e-04 4.350984e-05 -2.063987e-04 3.107018e-04 8.542648e-04 7.513423e-04 -1.217874e-03 7.528447e-04 2.589127e-04 1.044806e-03 -4.105836e-03 6.141832e-03 ) ],
        [ a essentia:Mean ;
            afo:values ( -7.808712e+02 1.54123e+02 -2.614034e+00 7.939725e+00 -1.403018e+01 -1.543575e+01 5.502086e+00 2.289724e+00 -1.076103e+01 -3.379713e+00 -5.084119e+00 -1.63029e+00 5.467741e+00 ) ] .

_:1bd4f40f-0b28-491f-b5c3-e7e6599d8365 a essentia:Maximum ;
    afo:value 144 .

_:1bda82b3-9bef-42a4-9c98-3c271d17e905 rdf:first 4.661933e-23 ;
    rdf:rest ( 7.110608e-22 2.372296e-21 3.407716e-21 9.619047e-21 2.116328e-20 2.440687e-20 3.448746e-20 9.488708e-20 1.518226e-19 2.510387e-19 3.655953e-19 5.190725e-19 5.559888e-19 6.457984e-19 1.428969e-18 1.448074e-18 1.741612e-18 2.516815e-18 2.328303e-18 3.574639e-18 4.036655e-18 4.835212e-18 5.920264e-18 6.753793e-18 8.864574e-18 7.971059e-18 8.910481e-18 1.143067e-17 1.160348e-17 1.271126e-17 9.776156e-18 1.094197e-17 7.268056e-18 6.104712e-18 4.207108e-18 2.358795e-18 9.544684e-19 2.385577e-19 2.688102e-20 ) .

_:1c00fca9-db58-4019-ad09-b84c1b3f6fa5 a essentia:Mean ;
    afo:value 3.195614e-03 .

_:1c5a60e5-e0ac-4c6a-a4d3-33f2b3f8f118 a essentia:Spread ;
    afo:feature [ a essentia:Variance ;
            afo:value 3.176149e+02 ],
        [ a essentia:DerivativeMean ;
            afo:value 4.240579e+00 ],
        [ a essentia:SecondDerivativeVariance ;
            afo:value 2.315937e+02 ],
        [ a essentia:Mean ;
            afo:value 1.479019e+01 ],
        [ a essentia:Maximum ;
            afo:value 2.770047e+02 ],
        [ a essentia:Minimum ;
            afo:value 2.583776e-01 ],
        [ a essentia:DerivativeVariance ;
            afo:value 9.719926e+01 ],
        [ a essentia:Median ;
            afo:value 1.063175e+01 ],
        [ a essentia:SecondDerivativeMean ;
            afo:value 6.613077e+00 ] .

_:1cd90d55-1f6f-477d-b942-5ef63070b8d6 a essentia:Entropy ;
    event:time _:08838128-15a4-4188-88f8-a2e9ea1c3ddf ;
    afo:computed_by _:LowLevelExtractor ;
    afo:feature [ a essentia:Variance ;
            afo:value 5.919738e-01 ],
        [ a essentia:SecondDerivativeVariance ;
            afo:value 1.049007e-01 ],
        [ a essentia:Median ;
            afo:value 6.554462e+00 ],
        [ a essentia:Maximum ;
            afo:value 9.825186e+00 ],
        [ a essentia:SecondDerivativeMean ;
            afo:value 3.208744e-01 ],
        [ a essentia:Mean ;
            afo:value 6.568859e+00 ],
        [ a essentia:Minimum ;
            afo:value 3.623778e+00 ],
        [ a essentia:DerivativeMean ;
            afo:value 2.132497e-01 ],
        [ a essentia:DerivativeVariance ;
            afo:value 4.727272e-02 ] .

_:1ce1fec4-c2ad-434e-836d-75a1ec1ba1a4 a essentia:SecondDerivativeMean ;
    afo:value 2.176176e+00 .

_:1d1755a1-c6c6-4b29-8b97-f1f9fa411dbd a essentia:Minimum ;
    afo:value 0 .

_:1d7b7f11-e326-4dcd-a5ed-7cf36f069ff0 a essentia:Maximum ;
    afo:value 1.141332e+01 .

_:1d7bc871-9fdf-45fd-9a25-d2c92b5716fc a essentia:Mean ;
    afo:value 1.221296e+01 .

_:1e24f257-24c4-487b-9d88-1ae0d5211b3f a essentia:Maximum ;
    afo:value 3.794259e+02 .

_:1e80e3e8-25a7-4f8e-92ad-d1677390fb56 a essentia:DerivativeVariance ;
    afo:value 568018010112 .

_:1ee90ce7-c4a3-4e7e-a2c3-fff1be11736e a essentia:DerivativeVariance ;
    afo:value 0 .

_:1eea6c85-d8f3-4631-997a-42121cd68a57 a essentia:SecondDerivativeVariance ;
    afo:value 2.54228e+02 .

_:1f992519-916f-407c-bc8e-acaf7f28978b a essentia:Spread ;
    afo:feature _:06d1f149-ab6c-4f1d-8a2b-b9e30a760835,
        _:16c6c997-5022-44b0-b087-450d7ad05839,
        [ a essentia:Median ;
            afo:value 1.832624e+01 ],
        [ a essentia:Mean ;
            afo:value 2.357503e+01 ],
        [ a essentia:Variance ;
            afo:value 3.509971e+02 ],
        [ a essentia:DerivativeMean ;
            afo:value 5.547078e+00 ],
        [ a essentia:Minimum ;
            afo:value 5.622677e-01 ],
        [ a essentia:SecondDerivativeMean ;
            afo:value 8.56535e+00 ],
        [ a essentia:Maximum ;
            afo:value 1.623813e+02 ] .

_:1f9bed34-2ea2-44d6-8c18-409e638eb710 a essentia:ChordsStrength ;
    event:time _:08838128-15a4-4188-88f8-a2e9ea1c3ddf ;
    afo:computed_by _:LowLevelExtractor ;
    afo:feature _:15ed1fec-a62c-49c4-913e-7625d8ad62f8,
        [ a essentia:Variance ;
            afo:value 1.484139e-02 ],
        [ a essentia:Mean ;
            afo:value 4.640287e-01 ],
        [ a essentia:SecondDerivativeVariance ;
            afo:value 3.602102e-04 ],
        [ a essentia:SecondDerivativeMean ;
            afo:value 1.069397e-02 ],
        [ a essentia:DerivativeVariance ;
            afo:value 2.144801e-04 ],
        [ a essentia:Median ;
            afo:value 4.636281e-01 ],
        [ a essentia:Maximum ;
            afo:value 8.271718e-01 ],
        [ a essentia:Minimum ;
            afo:value -1 ] .

_:20512442-0979-467d-bb2f-5a74e7d6fbff a essentia:DerivativeMean ;
    afo:value 3.777858e+00 .

_:20564b6b-822e-4e51-b166-b706e24b9128 a essentia:SecondDerivativeVariance ;
    afo:value 0 .

_:207ff65d-f7f2-49f8-8a85-21ab542228b3 a essentia:Maximum ;
    afo:value 1.661755e+01 .

_:21fde324-dbe4-4dd5-9266-d0581a786c75 a essentia:Median ;
    afo:value 3.76911e-03 .

_:22d512c0-40b2-46e8-8d51-982b045952bd a essentia:DerivativeMean ;
    afo:value 3.161366e+00 .

_:2327709a-a7c0-43a1-ba79-149b8cb3df53 a essentia:SilenceRate ;
    event:time _:08838128-15a4-4188-88f8-a2e9ea1c3ddf ;
    afo:computed_by _:LowLevelExtractor ;
    afo:feature _:20564b6b-822e-4e51-b166-b706e24b9128,
        [ a essentia:Mean ;
            afo:value 1 ],
        [ a essentia:Minimum ;
            afo:value 1 ],
        [ a essentia:Median ;
            afo:value 1 ],
        [ a essentia:DerivativeVariance ;
            afo:value 0 ],
        [ a essentia:SecondDerivativeMean ;
            afo:value 0 ],
        [ a essentia:DerivativeMean ;
            afo:value 0 ],
        [ a essentia:Maximum ;
            afo:value 1 ],
        [ a essentia:Variance ;
            afo:value 0 ] .

_:2338a5eb-543f-4b43-ab4f-f7955b8d39e3 a essentia:Maximum ;
    afo:value 6.01527e-01 .

_:236a3f5f-c4e6-432c-bde2-18513ed1927c a essentia:SecondDerivativeMean ;
    afo:value 2.647004e-02 .

_:251d77c9-2ee0-49c0-81d8-6f51e89bcfc2 a essentia:BeatsLoudness ;
    event:time _:08838128-15a4-4188-88f8-a2e9ea1c3ddf ;
    afo:computed_by _:LowLevelExtractor ;
    afo:feature [ a essentia:Variance ;
            afo:value 3.808147e-04 ],
        [ a essentia:Maximum ;
            afo:value 1.246449e-01 ],
        [ a essentia:SecondDerivativeMean ;
            afo:value 1.479456e-02 ],
        [ a essentia:Minimum ;
            afo:value 0 ],
        [ a essentia:Mean ;
            afo:value 1.790238e-02 ],
        [ a essentia:DerivativeMean ;
            afo:value 8.832168e-03 ],
        [ a essentia:Median ;
            afo:value 1.072345e-02 ],
        [ a essentia:SecondDerivativeVariance ;
            afo:value 4.140117e-04 ],
        [ a essentia:DerivativeVariance ;
            afo:value 1.532467e-04 ] .

_:25457ea0-bb5f-4320-82bf-9496f46cfcf0 a essentia:BeatsCount ;
    event:time _:08838128-15a4-4188-88f8-a2e9ea1c3ddf ;
    afo:value 1354 .

_:2622eb3d-ceed-4077-b8b3-47ffd04fd44e a essentia:ChordsNumberRate ;
    event:time _:08838128-15a4-4188-88f8-a2e9ea1c3ddf ;
    afo:value 1.308044e-03 .

_:26bc3d26-f9c7-41d0-bffd-f061ff661454 a essentia:Mean ;
    afo:values _:0e97c1eb-2714-4a25-8e08-41135ce15cab .

_:26f215e4-56c2-4180-9a03-8623f2ecae2d a essentia:EnergyBand ;
    event:time _:08838128-15a4-4188-88f8-a2e9ea1c3ddf ;
    afo:computed_by _:LowLevelExtractor ;
    afo:feature _:0c06143a-671e-4827-9bff-c53872e0ff87,
        [ a essentia:Variance ;
            afo:value 6.580893e-08 ],
        [ a essentia:Mean ;
            afo:value 8.853601e-05 ],
        [ a essentia:Median ;
            afo:value 1.682959e-05 ],
        [ a essentia:DerivativeVariance ;
            afo:value 2.313527e-08 ],
        [ a essentia:Minimum ;
            afo:value 6.901843e-21 ],
        [ a essentia:Maximum ;
            afo:value 8.757563e-03 ],
        [ a essentia:DerivativeMean ;
            afo:value 4.828523e-05 ],
        [ a essentia:SecondDerivativeMean ;
            afo:value 6.778769e-05 ] .

_:27a3aab0-6795-468a-902a-7534556f5fb4 rdf:first -5.593582e+00 ;
    rdf:rest ( -5.275055e+00 -5.657295e+00 -6.37047e+00 -6.554344e+00 -8.26214e+00 ) .

_:27f84ace-4fd8-45cc-bf5c-416bd6a8e367 a essentia:Skewness ;
    afo:feature _:0d5b4574-8574-4cba-833b-caea03d2b9f2,
        [ a essentia:Maximum ;
            afo:value 2.45773e+01 ],
        [ a essentia:Variance ;
            afo:value 2.335801e+00 ],
        [ a essentia:DerivativeVariance ;
            afo:value 3.854791e-01 ],
        [ a essentia:SecondDerivativeVariance ;
            afo:value 8.965549e-01 ],
        [ a essentia:DerivativeMean ;
            afo:value 5.735804e-01 ],
        [ a essentia:SecondDerivativeMean ;
            afo:value 8.893622e-01 ],
        [ a essentia:Minimum ;
            afo:value -1.051786e+01 ],
        [ a essentia:Median ;
            afo:value 1.394324e+00 ] .

_:28dc976f-ad5a-47b1-a0ba-814c9b0e99e9 a essentia:Variance ;
    afo:value 4.035178e+01 .

_:28e0170f-1f77-48fc-8a55-c14369414c49 a essentia:SecondDerivativeMean ;
    afo:value 9.64535e-01 .

_:291e3dd5-48b2-4200-b347-284bace810ee a essentia:DerivativeMean ;
    afo:value 0 .

_:2a4aff98-4518-41fa-a34d-0a8bba256fc1 a essentia:OnsetRate ;
    event:time _:08838128-15a4-4188-88f8-a2e9ea1c3ddf ;
    afo:value 3.020337e+00 .

_:2b2a1b62-8309-48a5-9e50-b2f5476721bc a essentia:SecondDerivativeMean ;
    afo:value 1.038431e-01 .

_:2bbd0448-b819-4e6d-9cad-d3f2d70cb957 a essentia:DerivativeVariance ;
    afo:value 3.123294e-07 .

_:2cdf42e8-42d4-4ddf-9616-8d5cf45c4393 a essentia:Variance ;
    afo:values ( 7.335915e-02 4.611289e-02 7.045811e-02 4.481058e-02 1.670536e-03 9.851407e-03 ) .

_:2ceb7f5a-40b4-4abe-9eb3-84866a8ff555 rdf:first 4.760091e-01 ;
