@prefix afo: <https://w3id.org/afo/onto/1.1#> .
@prefix dc: <http://purl.org/dc/elements/1.1/> .
@prefix essentia: <http://sovarr.c4dm.eecs.qmul.ac.uk/af/essentia/> .
@prefix event: <http://purl.org/NET/c4dm/event.owl#> .
@prefix foaf: <http://xmlns.com/foaf/0.1/> .
@prefix mo: <http://purl.org/ontology/mo/> .
@prefix rdf: <http://www.w3.org/1999/02/22-rdf-syntax-ns#> .
@prefix rdfs: <http://www.w3.org/2000/01/rdf-schema#> .
@prefix tl: <http://purl.org/NET/c4dm/timeline.owl#> .
@prefix xml: <http://www.w3.org/XML/1998/namespace> .
@prefix xsd: <http://www.w3.org/2001/XMLSchema#> .

<http://musicbrainz.org/release/d1b830ae-3b67-4043-90ef-53d1c812b6f6> a mo:Release ;
    dc:date "2004-12-22" ;
    dc:title "Cowboy Bebop: Tank! THE! BEST!" ;
    mo:catalogue_number "VICL-61543" ;
    mo:publisher [ a mo:Label ;
            foaf:name "Victor" ] ;
    mo:track <http://musicbrainz.org/recording/5baa8da7-7a92-4c43-a535-4ca3d50f0414> ;
    essentia:asin "B0006D3GPM" ;
    essentia:barcode "4988002470808" ;
    essentia:replay_gain "-8.27 dB" ;
    foaf:maker <http://musicbrainz.org/artist/b5fb0f1a-2cd4-4759-9d80-648643f70c43> .

<07+-+シートベルツ+-+MUSHROOM+HUNTING.flac> a mo:AudioFile ;
    mo:encodes [ a essentia:Signal ;
            mo:time _:7fd451f7-ca97-47bb-98ef-542f3b2b0880 ;
            essentia:bit_rate "0"^^xsd:float ;
            essentia:codec "flac"^^xsd:string ;
            essentia:downmix "mix"^^xsd:string ;
            essentia:equal_loudness "0"^^xsd:float ;
            essentia:lossless true ;
            essentia:md5_encoded "efa31be0a92437f6919c1d34519192c6"^^xsd:string ;
            essentia:replay_gain "-15.0713748932"^^xsd:float ] .

<http://musicbrainz.org/artist/b5fb0f1a-2cd4-4759-9d80-648643f70c43> a mo:MusicArtist ;
    foaf:name "シートベルツ" .

<http://musicbrainz.org/recording/5baa8da7-7a92-4c43-a535-4ca3d50f0414> a mo:Track ;
    dc:title "MUSHROOM HUNTING" ;
    mo:available_as <07+-+シートベルツ+-+MUSHROOM+HUNTING.flac> ;
    mo:genre [ a mo:Genre ;
            rdfs:label "Soundtrack, Anime" ] ;
    mo:track_number "7" ;
    essentia:replay_gain "-8.08 dB" ;
    essentia:replay_peak "0.999969" .

[] a essentia:VersionInfo .

_:00dcc1a1-789c-47c5-b14d-4fbab4ae0957 a essentia:SecondDerivativeVariance ;
    afo:value 6.267903e-04 .

_:01c30451-0805-46bc-a991-04ef83d7eefd a essentia:Minimum ;
    afo:value 1.150371e-16 .

_:026d6403-9039-4f32-80b5-b54aacbc9f27 a essentia:Median ;
    afo:value 2.293573e+00 .

_:02e20792-0eb1-4189-a8a9-1578a9971f16 a essentia:DerivativeVariance ;
    afo:value 1.867028e+05 .

_:0378ff4e-adb0-47a2-98b0-8909de74928d a essentia:Variance ;
    afo:value 4.922604e-03 .

_:03968d17-5773-4802-830d-eedcd32ec00b a essentia:MelBands ;
    event:time _:7fd451f7-ca97-47bb-98ef-542f3b2b0880 ;
    afo:computed_by _:LowLevelExtractor ;
    afo:feature [ a essentia:Maximum ;
            afo:values ( 1.894431e-02 3.173716e-02 1.868588e-02 1.353222e-02 1.078917e-02 7.314433e-03 8.518814e-03 8.868835e-03 3.174173e-03 3.030471e-03 3.769748e-03 5.06633e-03 5.347085e-03 6.977469e-03 3.570141e-03 2.981141e-03 2.762146e-03 1.991313e-03 1.928461e-03 2.570051e-03 1.152329e-03 7.534126e-04 8.429098e-04 1.96702e-03 5.060314e-04 4.685955e-04 3.965085e-04 4.079452e-04 1.273718e-04 1.613884e-04 1.329456e-04 1.47296e-04 1.433754e-04 1.443669e-04 1.210789e-04 2.139268e-04 3.737951e-05 5.432634e-05 2.411386e-05 4.070453e-05 ) ],
        [ a essentia:Median ;
            afo:values ( 9.899675e-05 3.955758e-04 3.607221e-04 6.318223e-04 4.604211e-04 2.501997e-04 1.126276e-04 5.419214e-05 2.415513e-05 1.343296e-05 1.273438e-05 1.449876e-05 6.097654e-06 3.735491e-06 5.00678e-06 6.164686e-06 3.853229e-06 3.046358e-06 2.815553e-06 2.283257e-06 1.856773e-06 1.653376e-06 1.474263e-06 1.117138e-06 9.003625e-07 1.042559e-06 9.125361e-07 7.342767e-07 6.31351e-07 5.126731e-07 4.758303e-07 4.94656e-07 4.794164e-07 4.3489e-07 2.782491e-07 1.452193e-07 1.095835e-07 9.244714e-08 7.532853e-08 6.003617e-08 ) ],
        [ a essentia:Variance ;
            afo:values ( 9.482106e-07 2.250569e-06 1.433378e-06 1.057781e-06 8.381116e-07 3.185824e-07 1.739336e-07 9.346393e-08 2.431249e-08 2.392607e-08 3.071096e-08 9.246853e-08 1.035271e-07 1.794329e-07 3.480846e-08 2.591924e-08 2.644565e-08 1.721088e-08 1.375931e-08 1.797529e-08 4.064881e-09 1.903174e-09 1.685519e-09 5.290944e-09 5.105305e-10 5.635841e-10 4.243735e-10 4.326607e-10 7.205202e-11 6.784746e-11 4.274758e-11 3.000462e-11 2.940804e-11 2.347588e-11 1.899407e-11 1.533178e-11 3.919003e-12 3.42675e-12 1.640856e-12 1.755554e-12 ) ],
        [ a essentia:Minimum ;
            afo:values ( 1.390879e-24 2.149887e-24 3.820881e-24 2.274545e-24 3.604374e-24 1.501657e-24 7.578622e-25 2.416715e-24 1.888218e-24 1.7668e-24 5.29869e-24 3.916494e-24 3.248515e-24 2.951387e-24 5.06519e-24 4.706675e-24 4.704333e-24 5.521056e-24 4.450318e-24 6.10417e-24 4.396554e-24 5.047319e-24 3.305793e-24 5.090252e-24 4.781106e-24 5.19369e-24 4.773727e-24 5.557171e-24 5.156572e-24 7.969414e-24 5.669161e-24 7.150481e-24 5.52434e-24 5.396153e-24 5.800965e-24 5.966041e-24 6.860394e-24 6.451985e-24 7.976597e-24 7.131835e-24 ) ],
        [ a essentia:SecondDerivativeVariance ;
            afo:values ( 1.682543e-06 7.699261e-06 3.116474e-06 1.741449e-06 1.168955e-06 3.559833e-07 2.316878e-07 1.381665e-07 2.576383e-08 3.054111e-08 4.805606e-08 7.668268e-08 7.817528e-08 8.581003e-08 3.26318e-08 2.842025e-08 1.963079e-08 1.160302e-08 9.001997e-09 1.347019e-08 4.053384e-09 1.908274e-09 1.686609e-09 3.45861e-09 5.278457e-10 7.878066e-10 4.520744e-10 3.131202e-10 1.115504e-10 8.347558e-11 6.95069e-11 6.028578e-11 5.849007e-11 4.714657e-11 3.457894e-11 4.77136e-11 7.844508e-12 8.115232e-12 4.979925e-12 5.841649e-12 ) ],
        [ a essentia:DerivativeMean ;
            afo:values ( 2.725172e-04 4.958016e-04 4.935728e-04 4.853283e-04 4.366073e-04 2.42648e-04 1.363691e-04 9.433672e-05 4.889283e-05 4.046225e-05 3.923303e-05 5.712777e-05 5.241041e-05 4.760113e-05 3.74051e-05 3.096735e-05 3.140511e-05 2.362305e-05 2.197584e-05 2.44313e-05 1.4121e-05 1.112445e-05 9.959532e-06 1.107603e-05 4.832689e-06 5.805723e-06 4.795623e-06 4.129631e-06 2.871959e-06 2.298899e-06 2.088078e-06 1.835442e-06 1.661785e-06 1.54727e-06 1.210234e-06 8.583247e-07 6.38977e-07 5.654616e-07 4.916797e-07 4.737204e-07 ) ],
        [ a essentia:SecondDerivativeMean ;
            afo:values ( 4.470655e-04 8.520233e-04 8.122142e-04 7.785779e-04 6.912043e-04 3.7471e-04 2.134275e-04 1.462166e-04 7.384302e-05 6.357982e-05 6.188918e-05 8.283776e-05 7.696913e-05 6.78325e-05 5.490593e-05 4.673654e-05 4.614269e-05 3.414428e-05 3.259453e-05 3.602405e-05 2.082646e-05 1.673138e-05 1.492677e-05 1.606818e-05 7.405849e-06 8.982401e-06 7.307584e-06 6.276015e-06 4.524236e-06 3.571291e-06 3.292217e-06 2.873981e-06 2.586497e-06 2.417585e-06 1.889164e-06 1.388812e-06 1.0206e-06 9.12531e-07 8.102803e-07 7.896667e-07 ) ],
        [ a essentia:Mean ;
            afo:values ( 3.973112e-04 7.070529e-04 8.099876e-04 8.831063e-04 7.379349e-04 4.471786e-04 2.40792e-04 1.496478e-04 7.887453e-05 5.671733e-05 6.155933e-05 1.080059e-04 9.350888e-05 8.388668e-05 5.856368e-05 4.726008e-05 4.95102e-05 4.105473e-05 3.953466e-05 4.275694e-05 2.138284e-05 1.741051e-05 1.573961e-05 1.820241e-05 7.41488e-06 8.289113e-06 7.694161e-06 6.533746e-06 3.538168e-06 2.798532e-06 2.352203e-06 2.14226e-06 2.12185e-06 1.922977e-06 1.369992e-06 8.56721e-07 6.373507e-07 5.513189e-07 4.470884e-07 4.146012e-07 ) ],
        [ a essentia:DerivativeVariance ;
            afo:values ( 7.516836e-07 2.774305e-06 1.182084e-06 6.806411e-07 4.718059e-07 1.592249e-07 9.985831e-08 6.096239e-08 1.223083e-08 1.384462e-08 1.929805e-08 3.626765e-08 3.72421e-08 5.070578e-08 1.646078e-08 1.302045e-08 9.820188e-09 6.032527e-09 4.432128e-09 6.138608e-09 2.002652e-09 9.525013e-10 8.386288e-10 2.125224e-09 2.505762e-10 3.596985e-10 2.120325e-10 1.537373e-10 4.861852e-11 3.95551e-11 3.019566e-11 2.49733e-11 2.398755e-11 1.984181e-11 1.525385e-11 1.794674e-11 3.375956e-12 3.249803e-12 1.903626e-12 2.210707e-12 ) ] .

_:044bfe89-7eed-4145-aede-dee4810b3c67 a essentia:Minimum ;
    afo:value 5.964424e-02 .

_:04ffd828-bb00-45f9-91d9-291e2e594ec6 a essentia:SecondDerivativeMean ;
    afo:value 1.232e-01 .

_:050883cc-52c2-48fb-8115-3d9efa2971fb a essentia:DerivativeVariance ;
    afo:value 5.275423e+00 .

_:0548a502-4f88-4824-b803-3e84f7de1098 a essentia:Minimum ;
    afo:value -1.908562e+00 .

_:05ebb918-cb94-4422-b2d0-9af7cfa47184 a essentia:Centroid ;
    event:time _:7fd451f7-ca97-47bb-98ef-542f3b2b0880 ;
    afo:computed_by _:LowLevelExtractor ;
    afo:feature _:02e20792-0eb1-4189-a8a9-1578a9971f16,
        [ a essentia:Median ;
            afo:value 8.148159e+02 ],
        [ a essentia:DerivativeMean ;
            afo:value 2.956207e+02 ],
        [ a essentia:Variance ;
            afo:value 8.199661e+05 ],
        [ a essentia:Minimum ;
            afo:value 1.270191e+02 ],
        [ a essentia:SecondDerivativeMean ;
            afo:value 4.50483e+02 ],
        [ a essentia:Mean ;
            afo:value 1.057461e+03 ],
        [ a essentia:SecondDerivativeVariance ;
            afo:value 3.653298e+05 ],
        [ a essentia:Maximum ;
            afo:value 1.166736e+04 ] .

_:06360cd2-bfa5-47da-8386-87a1a3f05632 a essentia:Spread ;
    afo:feature [ a essentia:Minimum ;
            afo:value 2.938747e-01 ],
        [ a essentia:SecondDerivativeMean ;
            afo:value 1.185468e+01 ],
        [ a essentia:DerivativeVariance ;
            afo:value 2.210906e+02 ],
        [ a essentia:Median ;
            afo:value 1.192839e+01 ],
        [ a essentia:Maximum ;
            afo:value 2.542224e+02 ],
        [ a essentia:SecondDerivativeVariance ;
            afo:value 4.972047e+02 ],
        [ a essentia:Mean ;
            afo:value 1.921104e+01 ],
        [ a essentia:DerivativeMean ;
            afo:value 7.597848e+00 ],
        [ a essentia:Variance ;
            afo:value 4.685987e+02 ] .

_:06e139a0-a067-45c4-ae93-29b196c45d82 rdf:first 5.49996e-02 ;
    rdf:rest ( 4.20555e-01 1.997731e+00 3.739954e+00 9.462607e+00 1.500985e+01 1.77253e+01 1.765104e+01 1.42101e+01 1.471828e+01 9.255296e+00 9.879505e+00 1.19013e+01 1.969723e+01 2.212607e+01 2.216651e+01 2.05873e+01 2.342677e+01 1.880222e+01 2.632e+01 1.848298e+01 1.531097e+01 1.485003e+01 9.892139e+00 1.074961e+01 9.465292e+00 6.511743e+00 5.672592e+00 4.874788e+00 4.26871e+00 3.041161e+00 1.749557e+00 1.232874e+00 9.345299e-01 4.212791e-01 1.887526e-01 1.170666e-01 5.283521e-02 8.02212e-03 5.026391e-04 ) .

_:073fc74e-c31d-4b57-9bf9-c0ce28ef866a a essentia:Maximum ;
    afo:value 1.357205e+02 .

_:076da4f9-0884-4e52-ac4f-9a17ceeeab99 a essentia:DerivativeMean ;
    afo:value 8.19131e-04 .

_:086f3fe2-0b0d-4d1e-92c3-0ed65e11809f a essentia:Mean ;
    afo:value 1.832025e+00 .

_:08afd6b8-85f0-4a83-ad90-7cceec2a782e a essentia:SecondPeakSpread ;
    event:time _:7fd451f7-ca97-47bb-98ef-542f3b2b0880 ;
    afo:computed_by _:LowLevelExtractor ;
    afo:feature [ a essentia:Mean ;
            afo:value 1.538461e-01 ],
        [ a essentia:Variance ;
            afo:value 0 ],
        [ a essentia:DerivativeMean ;
            afo:value 0 ],
        [ a essentia:Maximum ;
            afo:value 1.538461e-01 ],
        [ a essentia:DerivativeVariance ;
            afo:value 0 ],
        [ a essentia:SecondDerivativeMean ;
            afo:value 0 ],
        [ a essentia:Minimum ;
            afo:value 1.538461e-01 ],
        [ a essentia:SecondDerivativeVariance ;
            afo:value 0 ],
        [ a essentia:Median ;
            afo:value 1.538461e-01 ] .

_:08c670d4-b14a-4cc8-8a91-f918050f7fe5 a essentia:DerivativeVariance ;
    afo:values ( 2.121795e-03 2.12619e-03 1.325348e-03 1.317905e-03 9.758207e-04 4.671597e-04 ) .

_:08d313a0-902a-4dc7-804c-8bb6abbe3b34 a essentia:DerivativeVariance ;
    afo:values ( 2.052716e-01 2.430661e-01 1.988357e-01 2.23262e-01 2.922835e-01 3.331724e-01 ) .

_:09511570-a4f8-4d2d-a98b-7aee0607eee5 rdf:first 13 ;
    rdf:rest ( 13 ) .

_:0a13d5c2-d926-477a-aec4-71a1554eefd5 a essentia:Minimum ;
    afo:values ( 1.156927e-22 1.040563e-21 4.515036e-21 1.39345e-20 1.714286e-20 5.422055e-20 7.906234e-20 6.163068e-20 4.992716e-20 1.648321e-19 2.913614e-19 2.503488e-19 1.03624e-18 9.155789e-19 1.037236e-18 1.387442e-18 2.258934e-18 3.16991e-18 3.725081e-18 4.344885e-18 4.837076e-18 5.987053e-18 4.170685e-18 7.445607e-18 6.728092e-18 9.342285e-18 1.188603e-17 1.08015e-17 1.21574e-17 9.710925e-18 1.058996e-17 1.170966e-17 1.027578e-17 8.90397e-18 6.923275e-18 4.584357e-18 2.489162e-18 9.027407e-19 2.87529e-19 2.905696e-20 ) .

_:0a5614bb-cebe-4c85-a6b9-b3b3829aa42e a essentia:Variance ;
    afo:value 9.965174e+02 .

_:0a7beacd-6212-48a3-bba7-4e7a7af3f53a a essentia:Mean ;
    afo:values ( 1.129225e-04 1.505152e-03 1.558651e-03 1.456729e-03 4.662151e-03 2.280384e-03 1.076442e-03 4.782583e-04 4.141969e-04 6.432619e-04 6.223934e-04 7.129682e-04 4.788752e-04 5.216416e-04 5.11232e-04 5.005652e-04 3.113096e-04 3.210428e-04 1.920276e-04 2.067389e-04 1.158912e-04 1.083439e-04 8.649279e-05 4.696734e-05 3.800475e-05 2.606906e-05 2.067305e-05 ) .

_:0a980de3-1a97-45f2-acbf-d2734634e243 a essentia:SecondDerivativeMean ;
    afo:value 8.902038e-01 .

_:0aca9005-a7cd-4e7b-8c76-c451cc17f975 a essentia:DerivativeVariance ;
    afo:value 4.909852e-01 .

_:0b84994c-54a3-4109-83e6-678836c0a7c2 a essentia:HPCP ;
    event:time _:7fd451f7-ca97-47bb-98ef-542f3b2b0880 ;
    afo:computed_by _:LowLevelExtractor ;
    afo:feature [ a essentia:Entropy ;
            afo:feature [ a essentia:SecondDerivativeMean ;
                    afo:value 1.167486e+00 ],
                [ a essentia:Maximum ;
                    afo:value 4.398203e+00 ],
                [ a essentia:DerivativeVariance ;
                    afo:value 3.376837e-01 ],
                [ a essentia:Variance ;
                    afo:value 6.201025e-01 ],
                [ a essentia:SecondDerivativeVariance ;
                    afo:value 8.970423e-01 ],
                [ a essentia:Minimum ;
                    afo:value 0 ],
                [ a essentia:DerivativeMean ;
                    afo:value 6.931695e-01 ],
                [ a essentia:Median ;
                    afo:value 2.112898e+00 ],
                [ a essentia:Mean ;
                    afo:value 2.112242e+00 ] ] .

_:0babe998-15aa-46e1-a44a-23de186dfeac a essentia:Variance ;
    afo:value 0 .

_:0be70a26-4b6c-4246-b7e7-5a64e9e574da a essentia:DerivativeMean ;
    afo:value 1.962618e-03 .

_:0ce037ff-00b6-4c28-966f-bb5c9bb541dd a essentia:SecondDerivativeMean ;
    afo:value 1.089978e-02 .

_:0cf17493-5fa0-4c8a-b737-a6400d9e277d a essentia:Minimum ;
    afo:values ( -9.74449e-01 -9.699267e-01 -9.702011e-01 -9.701497e-01 -9.658644e-01 -9.655524e-01 ) .

_:0df4a1fe-6007-4fb2-9aff-96e71d0d2b5f a essentia:SecondDerivativeVariance ;
    afo:value 1.783305e+01 .

_:0e42aac3-0794-4e97-87d8-071e3a516e7c a essentia:SecondDerivativeVariance ;
    afo:value 1.135478e-04 .

_:0f0b19b0-559b-4553-8dd4-650da6fbea3b a essentia:DerivativeVariance ;
    afo:value 2.792233e-03 .

_:0f3e754e-d639-4bb4-b1c2-96a685b7ea44 a essentia:SecondDerivativeMean ;
    afo:value 0 .

_:0ffe8605-5c90-495c-90d7-623716838f13 a essentia:DerivativeMean ;
    afo:values ( 4.801882e-01 4.945797e-01 4.530717e-01 4.930246e-01 5.746278e-01 5.965552e-01 ) .

_:100259e3-76a0-483f-83cc-765841ee4ced a essentia:SecondDerivativeVariance ;
    afo:value 1.430588e-04 .

_:10f35ca8-bc66-459d-90b1-540da32a6fd9 a essentia:Median ;
    afo:value 4201915 .

_:11307244-72d4-4c0e-908c-adfc464b0e1d a essentia:SecondDerivativeVariance ;
    afo:value 2.366306e-03 .

_:11384b4e-68dd-43c9-9eae-e3d91e1125b2 a essentia:Median ;
    afo:values ( 6.458525e-02 4.982286e-02 2.276983e-02 1.856227e-02 2.834774e-02 8.972591e-02 1.203174e-01 1.022565e-01 2.785321e-02 1.702957e-02 3.341613e-02 8.506735e-02 6.377696e-02 2.306019e-02 1.124898e-02 1.509959e-02 2.245221e-02 2.640412e-02 2.122168e-02 1.724599e-02 2.738309e-02 4.656467e-02 5.382096e-02 2.338965e-02 1.565842e-02 3.386233e-02 1.831868e-01 3.016889e-01 1.539939e-01 1.444722e-02 8.688336e-03 9.927104e-03 1.17146e-02 1.186418e-02 1.497271e-02 5.168761e-02 ) .

_:11675f6a-ee00-45f7-998b-e9764a164739 a essentia:Minimum ;
    afo:value 0 .

_:120912ce-4270-4c14-b762-4cac0489894c a essentia:FirstPeakWeight ;
    event:time _:7fd451f7-ca97-47bb-98ef-542f3b2b0880 ;
    afo:computed_by _:LowLevelExtractor ;
    afo:feature [ a essentia:SecondDerivativeVariance ;
            afo:value 0 ],
        [ a essentia:DerivativeMean ;
            afo:value 0 ],
        [ a essentia:Maximum ;
            afo:value 4.220183e-01 ],
        [ a essentia:DerivativeVariance ;
            afo:value 0 ],
        [ a essentia:Minimum ;
            afo:value 4.220183e-01 ],
        [ a essentia:Median ;
            afo:value 4.220183e-01 ],
        [ a essentia:Variance ;
            afo:value 0 ],
        [ a essentia:SecondDerivativeMean ;
            afo:value 0 ],
        [ a essentia:Mean ;
            afo:value 4.220183e-01 ] .

_:12f9f298-fd7d-4d41-a06e-d5b835cb4403 a essentia:DerivativeVariance ;
    afo:value 1.061417e-04 .

_:12fad9e7-74f6-4b49-b9e8-1d137356e74d a essentia:Minimum ;
    afo:value 1.315724e-21 .

_:14184043-1b46-4d15-8e83-ce7f9af90cfe a essentia:Maximum ;
    afo:value 1.135805e-01 .

_:14230f40-6023-40ee-985f-8821d01a8b7c a essentia:Median ;
    afo:value 1.259518e-04 .

_:14bbcde1-962a-44bb-9275-daf523894e9b a essentia:Variance ;
    afo:value 7.066385e-03 .

_:1551d689-6971-4835-a704-504ea9c70719 a essentia:SecondDerivativeVariance ;
    afo:values ( 1.227568e-01 6.092092e-02 5.199257e-02 4.352205e-02 2.755636e-02 3.576578e-02 ) .

_:15530526-e148-48a8-8a8b-3785f53f9651 a essentia:DerivativeMean ;
    afo:value 7.00035e-02 .

_:1576dfbf-fded-4e66-92c8-01bc6f5e33d0 a essentia:Median ;
    afo:value 1.100319e+01 .

_:157d633a-24bf-4a63-8755-5aec7ed1db72 a essentia:DerivativeVariance ;
    afo:values ( 1.838506e-07 9.760186e-06 1.413128e-05 4.992052e-06 1.793036e-05 3.715219e-06 2.23106e-06 6.205747e-07 6.541891e-07 1.293219e-06 1.662695e-06 2.826082e-06 1.504808e-06 1.071022e-06 7.535319e-07 7.381977e-07 2.970088e-07 4.354229e-07 1.518125e-07 1.28351e-07 5.883532e-08 5.681892e-08 4.859097e-08 1.738057e-08 1.564494e-08 1.709499e-08 1.362496e-08 ) .

_:163602d3-0bf6-49d4-8bad-17d4ad9b05fe a essentia:DerivativeMean ;
    afo:value 5.225537e+00 .

_:16a01133-264d-4450-81aa-e330d990e7b5 rdf:first 13 ;
    rdf:rest ( 13 ) .

_:16cbe938-09a8-4de5-8467-ce43f349e037 a essentia:SecondDerivativeVariance ;
    afo:value 0 .

_:179c0631-db4c-42cc-8ce8-48641d4d2077 a essentia:Variance ;
    afo:value 1.933152e-02 .

_:17ac3404-f3a8-44c6-a694-779ac5e45d00 a essentia:EnergyBand ;
    event:time _:7fd451f7-ca97-47bb-98ef-542f3b2b0880 ;
    afo:computed_by _:LowLevelExtractor ;
    afo:feature _:14184043-1b46-4d15-8e83-ce7f9af90cfe,
        [ a essentia:DerivativeVariance ;
            afo:value 5.013875e-05 ],
        [ a essentia:SecondDerivativeVariance ;
            afo:value 1.168053e-04 ],
        [ a essentia:Variance ;
            afo:value 1.035628e-04 ],
        [ a essentia:SecondDerivativeMean ;
            afo:value 7.102362e-03 ],
        [ a essentia:Mean ;
            afo:value 1.045868e-02 ],
        [ a essentia:Minimum ;
            afo:value 1.297059e-22 ],
        [ a essentia:Median ;
            afo:value 8.016653e-03 ],
        [ a essentia:DerivativeMean ;
            afo:value 4.670758e-03 ] .

_:18cabacb-c35c-4966-8533-aa5ddd0f97d8 a essentia:Minimum ;
    afo:value 2.163381e+00 .

_:18edd0ca-677a-4a46-9c0e-46291405559a a essentia:Median ;
    afo:values ( 2.467716e-01 3.941035e-01 9.094957e-02 5.236086e-02 2.602603e-02 2.389788e-02 ) .

_:1973d046-b8bb-4eea-986a-1dd5b510a345 a essentia:ERBBands ;
    event:time _:7fd451f7-ca97-47bb-98ef-542f3b2b0880 ;
    afo:computed_by _:LowLevelExtractor ;
    afo:feature [ a essentia:Skewness ;
            afo:feature _:0a980de3-1a97-45f2-acbf-d2734634e243,
                _:0aca9005-a7cd-4e7b-8c76-c451cc17f975,
                [ a essentia:Median ;
                    afo:value 7.153279e-01 ],
                [ a essentia:DerivativeMean ;
                    afo:value 5.95176e-01 ],
                [ a essentia:Maximum ;
                    afo:value 9.63814e+00 ],
                [ a essentia:Mean ;
                    afo:value 8.8495e-01 ],
                [ a essentia:Minimum ;
                    afo:value -9.208296e+00 ],
                [ a essentia:Variance ;
                    afo:value 1.733551e+00 ],
                [ a essentia:SecondDerivativeVariance ;
                    afo:value 9.844977e-01 ] ] .

_:199bf22e-f186-468d-a900-cc5b434c3569 a essentia:Mean ;
    afo:value 3.791848e-03 .

_:1a5cc0cc-8e32-4c4d-9489-f8813db85955 a essentia:ChordsHistogram ;
    event:time _:7fd451f7-ca97-47bb-98ef-542f3b2b0880 ;
    afo:value ( 2.31164e+01 4.035456e+00 3.685561e+01 3.219034e+00 4.665267e-02 3.895498e+00 1.119664e+00 1.663168e+01 2.332634e-02 1.212969e+00 1.632843e-01 3.965477e-01 1.259622e+00 5.365057e-01 0 0 2.09937e-01 2.332634e-02 0 8.397481e-01 3.265687e+00 9.330534e-02 2.589223e+00 4.665267e-01 ) .

_:1ab022b6-a078-44cc-94a0-d8eaeda566b4 a essentia:DerivativeMean ;
    afo:value 5.641556e-01 .

_:1b0a1fa4-e69c-4e19-8057-1083b2dcc089 a essentia:SecondDerivativeVariance ;
    afo:value 5.911194e+06 .

_:1b87c28d-931b-4eec-9738-13b738c7c2fd a essentia:Median ;
    afo:value 4.833984e-02 .

_:1bdfb2b0-4905-44d6-9762-be12621d058f a essentia:Median ;
    afo:value 0 .

_:1be30979-6745-4117-80a8-6547b4932e7d a essentia:Maximum ;
    afo:value 1 .

_:1c2254d7-76c9-432d-abb8-40b97c7b2841 a essentia:SecondDerivativeVariance ;
    afo:value 2.52456e+00 .

_:1ca6013a-ee32-4f53-a9c2-66538d87f0c4 a essentia:Variance ;
    afo:value 1.23501e-06 .

_:1ce11d79-70fa-4f4c-b587-0fa8035e6023 a essentia:SecondDerivativeVariance ;
    afo:value 2.802466e+02 .

_:1ce266ee-657d-4fba-8266-869058fa4793 a essentia:SecondDerivativeMean ;
    afo:value 4.54656e-02 .

_:1d3cbe39-922f-4e42-b1e9-eaad9aabe9d8 a essentia:Variance ;
    afo:value 0 .

_:1d4b121c-bfcf-4599-b491-f987251b2b89 a essentia:DerivativeVariance ;
    afo:value 4.239983e-04 .

_:1eb78220-c1fb-4c0e-a6a0-d5e8371ed8df a essentia:SecondDerivativeVariance ;
    afo:value 2.590061e-01 .

_:2030e768-01d5-4b16-a258-084ea9f6da06 a essentia:SecondDerivativeMean ;
    afo:value 9.237739e-01 .

_:20d5d86a-9473-4112-9f73-81d5624010ca a essentia:SecondDerivativeVariance ;
    afo:values ( 1.327192e-01 1.077032e-01 9.61033e-02 1.082268e-01 1.143687e-01 1.313201e-01 1.351225e-01 1.15934e-01 9.309215e-02 9.404254e-02 1.2104e-01 1.245662e-01 9.347413e-02 6.21623e-02 5.453051e-02 6.345278e-02 5.503042e-02 5.02288e-02 4.425751e-02 4.644686e-02 7.673465e-02 1.082344e-01 1.039458e-01 1.213534e-01 1.071878e-01 1.100764e-01 1.404856e-01 1.391394e-01 1.119233e-01 1.092508e-01 8.07946e-02 7.151743e-02 7.800718e-02 6.696388e-02 8.778257e-02 1.249692e-01 ) .

_:217bfd52-0a88-4246-9bef-d03ba676460d a essentia:GFCC ;
    event:time _:7fd451f7-ca97-47bb-98ef-542f3b2b0880 ;
    afo:computed_by _:LowLevelExtractor ;
    afo:feature [ a essentia:Covariance ;
            afo:dimensions ( 13 13 ) ;
            afo:values ( 1.987318e+04 -1.718583e+03 -2.376148e+03 7.46597e+02 -5.051147e+02 2.645614e+02 -4.068148e+02 3.429521e+01 -3.33764e+02 -7.046884e+01 -2.775139e+02 1.193606e+02 -2.116478e+02 -1.718583e+03 2.838539e+03 5.45415e+02 -1.474943e+02 4.208706e+02 -1.288831e+02 4.613065e+01 -2.068915e+02 7.781448e+01 -1.04584e+02 7.819662e+01 -1.583344e+02 6.988515e+01 -2.376148e+03 5.45415e+02 2.404963e+03 -2.757029e+01 8.039524e+01 -1.028002e+01 -2.516571e+01 -8.556547e+01 -6.496738e+01 2.728929e+01 -9.818768e+01 -2.664598e+01 -1.976576e+01 7.46597e+02 -1.474943e+02 -2.757029e+01 5.877576e+02 9.914464e+01 7.150842e+01 -3.456826e+01 -8.679808e-01 1.421519e+01 -2.914477e+01 -6.247766e+01 -2.782425e+01 -1.250604e+01 -5.051147e+02 4.208706e+02 8.039524e+01 9.914464e+01 5.227165e+02 2.79817e+01 8.500389e+01 -2.623645e+01 1.841915e+01 -3.158702e+01 -1.586389e+01 -3.979555e+01 -1.622357e+01 2.645614e+02 -1.288831e+02 -1.028002e+01 7.150842e+01 2.79817e+01 2.344758e+02 6.6062e+01 2.358068e+01 -3.012233e+01 -2.421626e+01 -2.768348e+01 1.262835e+01 -9.08706e-01 -4.068148e+02 4.613065e+01 -2.516571e+01 -3.456826e+01 8.500389e+01 6.6062e+01 1.632495e+02 3.213857e+01 2.312862e+00 -1.78991e+01 -1.057664e+01 3.71865e+00 5.92976e+00 3.429521e+01 -2.068915e+02 -8.556547e+01 -8.679808e-01 -2.623645e+01 2.358068e+01 3.213857e+01 1.237977e+02 3.182832e+01 1.734839e+01 -4.588796e-01 9.541796e+00 -4.388193e+00 -3.33764e+02 7.781448e+01 -6.496738e+01 1.421519e+01 1.841915e+01 -3.012233e+01 2.312862e+00 3.182832e+01 1.109615e+02 3.846891e+01 2.859294e+01 -7.166596e+00 5.066778e+00 -7.046884e+01 -1.04584e+02 2.728929e+01 -2.914477e+01 -3.158702e+01 -2.421626e+01 -1.78991e+01 1.734839e+01 3.846891e+01 9.365951e+01 3.808528e+01 1.829991e+01 -2.033008e+00 -2.775139e+02 7.819662e+01 -9.818768e+01 -6.247766e+01 -1.586389e+01 -2.768348e+01 -1.057664e+01 -4.588796e-01 2.859294e+01 3.808528e+01 1.161376e+02 3.458007e+01 1.426035e+01 1.193606e+02 -1.583344e+02 -2.664598e+01 -2.782425e+01 -3.979555e+01 1.262835e+01 3.71865e+00 9.541796e+00 -7.166596e+00 1.829991e+01 3.458007e+01 8.402725e+01 2.688087e+01 -2.116478e+02 6.988515e+01 -1.976576e+01 -1.250604e+01 -1.622357e+01 -9.08706e-01 5.92976e+00 -4.388193e+00 5.066778e+00 -2.033008e+00 1.426035e+01 2.688087e+01 7.153304e+01 ) ],
        [ a essentia:InverseCovariance ;
            afo:dimensions ( 13 13 ) ;
            afo:values ( 8.560085e-05 -4.816386e-05 1.151124e-04 -9.028808e-05 5.641584e-05 -7.599846e-05 2.3521e-04 -6.75449e-05 2.865107e-04 -1.754721e-04 3.487541e-04 -3.618061e-04 3.456901e-04 -4.816386e-05 7.652901e-04 -2.519438e-04 2.823374e-04 -4.302852e-04 1.634537e-04 -2.832274e-04 9.592692e-04 -9.23389e-04 1.163166e-03 -1.266571e-03 1.786433e-03 -1.24396e-03 1.151124e-04 -2.519438e-04 6.670735e-04 -1.129519e-04 7.567582e-05 -1.24615e-04 4.075087e-04 -2.677458e-05 8.118178e-04 -1.009118e-03 1.272928e-03 -8.918578e-04 7.266614e-04 -9.028808e-05 2.823374e-04 -1.129519e-04 2.281433e-03 -6.59042e-04 -7.28339e-04 8.812607e-04 3.465805e-04 -1.372202e-03 9.00928e-04 4.222421e-04 8.217414e-04 -6.560078e-04 5.641584e-05 -4.302852e-04 7.567582e-05 -6.59042e-04 2.685777e-03 -2.384285e-05 -1.34948e-03 3.401573e-04 -5.395315e-05 -1.212468e-04 3.667088e-04 -3.288065e-04 1.285374e-03 -7.599846e-05 1.634537e-04 -1.24615e-04 -7.28339e-04 -2.384285e-05 5.673007e-03 -2.504107e-03 -5.93706e-04 1.196461e-03 6.30398e-04 8.809755e-06 -5.326544e-04 -1.769242e-04 2.3521e-04 -2.832274e-04 4.075087e-04 8.812607e-04 -1.34948e-03 -2.504107e-03 9.479216e-03 -2.524635e-03 2.504282e-04 6.953059e-04 1.864033e-03 -1.82859e-03 2.783458e-04 -6.75449e-05 9.592692e-04 -2.677458e-05 3.465805e-04 3.401573e-04 -5.93706e-04 -2.524635e-03 1.157969e-02 -4.418396e-03 1.912237e-04 -9.952113e-05 6.8361e-04 -1.323636e-05 2.865107e-04 -9.23389e-04 8.118178e-04 -1.372202e-03 -5.395315e-05 1.196461e-03 2.504282e-04 -4.418396e-03 1.518331e-02 -6.609284e-03 -2.648132e-04 8.06557e-04 -6.818802e-05 -1.754721e-04 1.163166e-03 -1.009118e-03 9.00928e-04 -1.212468e-04 6.30398e-04 6.953059e-04 1.912237e-04 -6.609284e-03 1.761106e-02 -5.557968e-03 3.170183e-05 2.224747e-04 3.487541e-04 -1.266571e-03 1.272928e-03 4.222421e-04 3.667088e-04 8.809755e-06 1.864033e-03 -9.952113e-05 -2.648132e-04 -5.557968e-03 1.590285e-02 -8.38014e-03 2.457094e-03 -3.618061e-04 1.786433e-03 -8.918578e-04 8.217414e-04 -3.288065e-04 -5.326544e-04 -1.82859e-03 6.8361e-04 8.06557e-04 3.170183e-05 -8.38014e-03 2.226669e-02 -9.559416e-03 3.456901e-04 -1.24396e-03 7.266614e-04 -6.560078e-04 1.285374e-03 -1.769242e-04 2.783458e-04 -1.323636e-05 -6.818802e-05 2.224747e-04 2.457094e-03 -9.559416e-03 1.968274e-02 ) ],
        [ a essentia:Mean ;
            afo:values ( -6.894104e+01 1.005021e+02 -1.019782e+02 2.587102e+01 -5.988076e+01 -1.878406e-01 -4.15602e+01 -9.11272e+00 -2.315517e+01 -3.445387e+00 -1.216474e+01 -8.030728e-01 -6.668118e+00 ) ] .

_:229f6db6-6105-48a3-97d4-17039df681c9 a essentia:DerivativeVariance ;
    afo:value 2.452587e+06 .

_:22a9de62-2031-46f0-8ed3-aee40ffa3d65 a essentia:Variance ;
    afo:values ( 2.952573e+00 2.568994e+00 2.393986e+00 2.660459e+00 3.06653e+00 2.900007e+00 ) .

_:22f708a2-d46c-4d52-9f23-2a04640d1bcb a essentia:SecondDerivativeVariance ;
    afo:value 1.849825e-03 .

_:2318cce5-ef37-46f0-9a1e-a5e2c99d764b a essentia:DerivativeMean ;
    afo:value 6.122792e+02 .

_:231d245c-8354-4a38-8070-87b99d8ece71 a essentia:SecondDerivativeMean ;
    afo:value 4.021537e+00 .

_:237bb03a-c763-4d06-bdaf-6fef102f6250 a essentia:Median ;
    afo:value 7.020822e+00 .

_:23a4c11c-5465-4cfc-9492-6df256dc3bc4 a essentia:DerivativeVariance ;
    afo:value 1.635429e-03 .

_:23b66531-cc4d-4a81-9de0-15c94b072261 a essentia:DerivativeMean ;
    afo:values ( 1.110053e-04 1.016818e-03 1.146938e-03 1.01195e-03 2.584692e-03 1.229963e-03 6.432716e-04 3.15456e-04 2.886413e-04 3.521463e-04 3.451039e-04 3.914671e-04 3.32378e-04 3.24839e-04 2.988894e-04 2.918473e-04 1.956356e-04 1.882469e-04 1.297521e-04 1.293543e-04 9.524619e-05 8.669927e-05 7.372512e-05 4.651169e-05 4.316983e-05 3.551501e-05 2.99124e-05 ) .

_:24b5bf49-a789-4aa7-8c4c-c46e8eaa4a7c a essentia:SecondDerivativeVariance ;
    afo:value 1.150773e-03 .

_:256efeaa-98a1-4109-9ae1-4f9c30ab5886 a essentia:SecondDerivativeMean ;
    afo:value 6.839656e-04 .

_:264fba49-ef1c-410b-bf26-a306bdf5f7aa a essentia:Minimum ;
    afo:value 5.157895e-01 .

_:26bb26e4-82c0-42a1-85f6-b540511a6ea7 a essentia:SecondDerivativeMean ;
    afo:value 0 .

_:277957d9-c95a-492d-b02c-00a420373052 a essentia:Maximum ;
    afo:value 1.415753e+02 .

_:2833b523-041e-490b-b077-0341d2644642 a essentia:Variance ;
    afo:value 2.858063e+00 .

_:288692f1-8e85-43bf-a258-155ad2fe29f4 a essentia:DerivativeVariance ;
    afo:value 8.299664e-18 .

_:28e3b7bf-e5ad-4b83-9fac-69b0f30fddbb a essentia:Variance ;
    afo:value 1.184889e-02 .

_:29d48f0a-b9a0-46e7-a2c9-2e06d15c1977 a essentia:SecondDerivativeVariance ;
    afo:value 1.089993e+00 .

_:2a54e7e5-c9c1-4da4-b8d8-41869ceabaea a essentia:SecondDerivativeMean ;
    afo:value 5.600933e-03 .

_:2a82f844-e4ea-4742-aa67-2ef13d1e1824 a essentia:Median ;
    afo:value 4.376815e+00 .

_:2b0bd741-3029-4fdf-b74e-a3ac1325b53a a essentia:Mean ;
    afo:value 4571372 .

_:2b3b46f5-5855-40d4-ac4a-c4826d1f46d9 a essentia:SecondDerivativeVariance ;
    afo:value 0 .

_:2b602b94-f97c-4428-be76-5a0f4b0cbb58 a essentia:PitchSalience ;
    event:time _:7fd451f7-ca97-47bb-98ef-542f3b2b0880 ;
    afo:computed_by _:LowLevelExtractor ;
    afo:feature _:044bfe89-7eed-4145-aede-dee4810b3c67,
        _:04ffd828-bb00-45f9-91d9-291e2e594ec6,
        _:179c0631-db4c-42cc-8ce8-48641d4d2077,
        [ a essentia:Median ;
            afo:value 6.644759e-01 ],
        [ a essentia:Mean ;
            afo:value 6.414037e-01 ],
        [ a essentia:DerivativeVariance ;
            afo:value 5.406704e-03 ],
        [ a essentia:Maximum ;
            afo:value 9.339274e-01 ],
        [ a essentia:SecondDerivativeVariance ;
            afo:value 1.191339e-02 ],
        [ a essentia:DerivativeMean ;
            afo:value 7.824893e-02 ] .

_:2b680878-1b71-4809-971a-0ff49765f9c2 a essentia:Spread ;
    afo:feature _:073fc74e-c31d-4b57-9bf9-c0ce28ef866a,
        _:1ce11d79-70fa-4f4c-b587-0fa8035e6023,
        [ a essentia:Mean ;
            afo:value 1.662109e+01 ],
        [ a essentia:Variance ;
            afo:value 2.32982e+02 ],
        [ a essentia:SecondDerivativeMean ;
            afo:value 1.134311e+01 ],
        [ a essentia:Median ;
            afo:value 1.301549e+01 ],
        [ a essentia:DerivativeVariance ;
            afo:value 1.261774e+02 ],
        [ a essentia:Minimum ;
            afo:value 1.958928e-01 ],
        [ a essentia:DerivativeMean ;
            afo:value 7.254898e+00 ] .

_:2b69c147-5ddd-4a9e-af56-7a6dc398dcd0 a essentia:TuningFrequency ;
    event:time _:7fd451f7-ca97-47bb-98ef-542f3b2b0880 ;
    afo:value 4.402542e+02 .

_:2c710d3b-be14-4fb9-a9e8-68322120af38 a essentia:FlatnessDB ;
    afo:feature _:23a4c11c-5465-4cfc-9492-6df256dc3bc4,
        _:28e3b7bf-e5ad-4b83-9fac-69b0f30fddbb,
        [ a essentia:Maximum ;
            afo:value 7.299167e-01 ],
        [ a essentia:Median ;
            afo:value 2.178476e-01 ],
        [ a essentia:SecondDerivativeVariance ;
            afo:value 3.235195e-03 ],
        [ a essentia:Mean ;
            afo:value 2.410372e-01 ],
        [ a essentia:Minimum ;
            afo:value 4.319205e-03 ],
        [ a essentia:DerivativeMean ;
            afo:value 4.051102e-02 ],
        [ a essentia:SecondDerivativeMean ;
            afo:value 5.755949e-02 ] .

_:2c828029-3622-4b3c-8c6d-f366074685ec rdf:first -7.10223e+02 ;
    rdf:rest ( 1.280942e+02 1.346113e+01 2.442598e+01 1.21249e+00 5.320454e+00 -8.833129e+00 -5.563576e+00 -9.224887e+00 -6.122073e+00 -5.761879e+00 -6.153994e+00 -1.428338e+00 ) .

_:2c89cf16-96d4-4853-bdf6-3a37e7a04b5d a essentia:SilenceRate ;
    event:time _:7fd451f7-ca97-47bb-98ef-542f3b2b0880 ;
    afo:computed_by _:LowLevelExtractor ;
    afo:feature _:0babe998-15aa-46e1-a44a-23de186dfeac,
        [ a essentia:DerivativeMean ;
            afo:value 0 ],
        [ a essentia:Median ;
            afo:value 1 ],
        [ a essentia:Mean ;
            afo:value 1 ],
        [ a essentia:SecondDerivativeMean ;
            afo:value 0 ],
        [ a essentia:Minimum ;
            afo:value 1 ],
        [ a essentia:SecondDerivativeVariance ;
            afo:value 0 ],
        [ a essentia:DerivativeVariance ;
            afo:value 0 ],
        [ a essentia:Maximum ;
            afo:value 1 ] .

_:2cdc767e-16a6-4353-aa42-28732d0fb342 a essentia:SecondDerivativeMean ;
    afo:value 0 .

_:2d5759c2-01a4-49b1-912d-e3436cbf5eeb rdf:first 5.10839e-01 ;
    rdf:rest ( 1.021678e+00 1.544127e+00 2.054966e+00 2.577415e+00 3.088254e+00 3.622313e+00 4.156372e+00 4.690431e+00 5.21288e+00 5.723719e+00 6.176508e+00 6.640907e+00 7.116916e+00 7.592925e+00 8.045714e+00 8.521723e+00 8.997732e+00 9.462132e+00 9.926531e+00 1.039093e+01 1.086694e+01 1.135456e+01 1.191184e+01 1.245751e+01 1.297995e+01 1.35024e+01 1.404807e+01 1.460535e+01 1.508136e+01 1.555737e+01 1.601016e+01 1.647456e+01 1.695057e+01 1.740336e+01 1.785614e+01 1.829732e+01 1.875011e+01 1.92029e+01 1.964408e+01 2.009687e+01 2.054966e+01 2.100245e+01 2.145524e+01 2.189642e+01 2.23376e+01 2.279038e+01 2.324317e+01 2.368435e+01 2.413714e+01 2.458993e+01 2.503111e+01 2.54839e+01 2.593669e+01 2.638948e+01 2.684227e+01 2.728345e+01 2.773623e+01 2.818902e+01 2.865342e+01 2.910621e+01 2.958222e+01 3.003501e+01 3.049941e+01 3.097542e+01 3.143982e+01 3.189261e+01 3.23454e+01 3.279818e+01 3.325097e+01 3.370376e+01 3.415655e+01 3.462095e+01 3.509696e+01 3.559619e+01 3.608381e+01 3.657143e+01 3.703583e+01 3.747701e+01 3.791819e+01 3.838258e+01 3.883537e+01 3.927655e+01 3.972934e+01 4.018213e+01 4.063492e+01 4.10761e+01 4.152889e+01 4.198168e+01 4.243447e+01 4.287564e+01 4.331683e+01 4.376962e+01 4.42224e+01 4.46868e+01 4.513959e+01 4.560399e+01 4.605678e+01 4.650957e+01 4.697397e+01 4.742676e+01 4.786794e+01 4.82975e+01 4.873869e+01 4.920308e+01 4.966748e+01 5.010866e+01 5.056145e+01 5.101424e+01 5.146703e+01 5.190821e+01 5.2361e+01 5.281379e+01 5.326657e+01 5.370775e+01 5.416054e+01 5.462494e+01 5.507773e+01 5.551891e+01 5.598331e+01 5.648254e+01 5.698177e+01 5.7481e+01 5.798022e+01 5.846785e+01 5.894386e+01 5.941986e+01 5.988426e+01 6.034866e+01 6.081306e+01 6.125424e+01 6.170703e+01 6.215982e+01 6.261261e+01 6.30654e+01 6.350658e+01 6.395936e+01 6.440054e+01 6.485333e+01 6.530612e+01 6.575891e+01 6.62117e+01 6.666449e+01 6.710567e+01 6.755846e+01 6.801125e+01 6.845242e+01 6.890521e+01 6.9358e+01 6.979918e+01 7.024036e+01 7.068154e+01 7.112272e+01 7.15639e+01 7.20283e+01 7.248109e+01 7.294549e+01 7.340988e+01 7.385107e+01 7.430386e+01 7.475665e+01 7.520943e+01 7.566222e+01 7.611501e+01 7.655619e+01 7.699737e+01 7.743855e+01 7.787973e+01 7.833251e+01 7.87853e+01 7.923809e+01 7.969088e+01 8.013206e+01 8.058485e+01 8.102603e+01 8.146721e+01 8.192e+01 8.236118e+01 8.281396e+01 8.325514e+01 8.370793e+01 8.416072e+01 8.461351e+01 8.50547e+01 8.550748e+01 8.596027e+01 8.640145e+01 8.685424e+01 8.730703e+01 8.778304e+01 8.825905e+01 8.873505e+01 8.918784e+01 8.962902e+01 9.008181e+01 9.05346e+01 9.098739e+01 9.144018e+01 9.188136e+01 9.233414e+01 9.278693e+01 9.322812e+01 9.368091e+01 9.41337e+01 9.458649e+01 9.503928e+01 9.548045e+01 9.592163e+01 9.637442e+01 9.682721e+01 9.726839e+01 9.770956e+01 9.816235e+01 9.861514e+01 9.906793e+01 9.952072e+01 9.997351e+01 1.004263e+02 1.008675e+02 1.013203e+02 1.017731e+02 1.022258e+02 1.026786e+02 1.031314e+02 1.035958e+02 1.040486e+02 1.044898e+02 1.04931e+02 1.053838e+02 1.058365e+02 1.062777e+02 1.067305e+02 1.071833e+02 1.076361e+02 1.080889e+02 1.085301e+02 1.089712e+02 1.09424e+02 1.098768e+02 1.10318e+02 1.107708e+02 1.11212e+02 1.116648e+02 1.121059e+02 1.125471e+02 1.129883e+02 1.134295e+02 1.138707e+02 1.143118e+02 1.14753e+02 1.151942e+02 1.156354e+02 1.160998e+02 1.165758e+02 1.170286e+02 1.17493e+02 1.179574e+02 1.184334e+02 1.188862e+02 1.193273e+02 1.197685e+02 1.202097e+02 1.206625e+02 1.211153e+02 1.215565e+02 1.219976e+02 1.224504e+02 1.229032e+02 1.233444e+02 1.237856e+02 1.242268e+02 1.246795e+02 1.251323e+02 1.255735e+02 1.260147e+02 1.264675e+02 1.269203e+02 1.273615e+02 1.278026e+02 1.282438e+02 1.28685e+02 1.291262e+02 1.295673e+02 1.300085e+02 1.304729e+02 1.309257e+02 1.313669e+02 1.318197e+02 1.322957e+02 1.327485e+02 1.331897e+02 1.336308e+02 1.34072e+02 1.345132e+02 1.349428e+02 1.353956e+02 1.358483e+02 1.363011e+02 1.367423e+02 1.371951e+02 1.376479e+02 1.381007e+02 1.385535e+02 1.389946e+02 1.394474e+02 1.399002e+02 1.403414e+02 1.407826e+02 1.412354e+02 1.416765e+02 1.421293e+02 1.425705e+02 1.430117e+02 1.434529e+02 1.439057e+02 1.443585e+02 1.448112e+02 1.452757e+02 1.4574e+02 1.461928e+02 1.46634e+02 1.470752e+02 1.475164e+02 1.479692e+02 1.48422e+02 1.488631e+02 1.493159e+02 1.497687e+02 1.502215e+02 1.506743e+02 1.511155e+02 1.515683e+02 1.52021e+02 1.524622e+02 1.52915e+02 1.533678e+02 1.538206e+02 1.542618e+02 1.547146e+02 1.551557e+02 1.556085e+02 1.560613e+02 1.565025e+02 1.569437e+02 1.573965e+02 1.578492e+02 1.582904e+02 1.587316e+02 1.591844e+02 1.596488e+02 1.601016e+02 1.605544e+02 1.610072e+02 1.614599e+02 1.619127e+02 1.623539e+02 1.627951e+02 1.632363e+02 1.636775e+02 1.641186e+02 1.645598e+02 1.65001e+02 1.654422e+02 1.658833e+02 1.663245e+02 1.667657e+02 1.672069e+02 1.676481e+02 1.681009e+02 1.685536e+02 1.689948e+02 1.69436e+02 1.698772e+02 1.7033e+02 1.707828e+02 1.712239e+02 1.716651e+02 1.721063e+02 1.725475e+02 1.729887e+02 1.734298e+02 1.73871e+02 1.743122e+02 1.747534e+02 1.751945e+02 1.756357e+02 1.760769e+02 1.765181e+02 1.769593e+02 1.774005e+02 1.778416e+02 1.782828e+02 1.78724e+02 1.791652e+02 1.796063e+02 1.800475e+02 1.804887e+02 1.809183e+02 1.813595e+02 1.81789e+02 1.822302e+02 1.826714e+02 1.831242e+02 1.83577e+02 1.840181e+02 1.844593e+02 1.849005e+02 1.853417e+02 1.857829e+02 1.86224e+02 1.866652e+02 1.871064e+02 1.875708e+02 1.880236e+02 1.884532e+02 1.888943e+02 1.893587e+02 1.897999e+02 1.902295e+02 1.906823e+02 1.911467e+02 1.915995e+02 1.92029e+02 1.924818e+02 1.929578e+02 1.934106e+02 1.938402e+02 1.94293e+02 1.947458e+02 1.951753e+02 1.956281e+02 1.960693e+02 1.965105e+02 1.969633e+02 1.974277e+02 1.979037e+02 1.983797e+02 ) .

_:2e445d59-6969-453a-82fc-dc66ebad0acc a essentia:Kurtosis ;
    afo:feature [ a essentia:Median ;
            afo:value 4.59653e+00 ],
        [ a essentia:SecondDerivativeVariance ;
            afo:value 4.859742e+02 ],
        [ a essentia:Mean ;
            afo:value 9.878789e+00 ],
        [ a essentia:Minimum ;
            afo:value -1.967191e+00 ],
