@prefix afo: <https://w3id.org/afo/onto/1.1#> .
@prefix dc: <http://purl.org/dc/elements/1.1/> .
@prefix essentia: <http://sovarr.c4dm.eecs.qmul.ac.uk/af/essentia/> .
@prefix event: <http://purl.org/NET/c4dm/event.owl#> .
@prefix foaf: <http://xmlns.com/foaf/0.1/> .
@prefix mo: <http://purl.org/ontology/mo/> .
@prefix rdf: <http://www.w3.org/1999/02/22-rdf-syntax-ns#> .
@prefix rdfs: <http://www.w3.org/2000/01/rdf-schema#> .
@prefix tl: <http://purl.org/NET/c4dm/timeline.owl#> .
@prefix xml: <http://www.w3.org/XML/1998/namespace> .
@prefix xsd: <http://www.w3.org/2001/XMLSchema#> .

<http://musicbrainz.org/release/770b9b80-10e1-4297-b1fd-46ad0dbb0305> a mo:Release ;
    dc:date "1997-01-20" ;
    dc:title "Homework" ;
    mo:catalogue_number "V 2821" ;
    mo:publisher [ a mo:Label ;
            foaf:name "Virgin" ] ;
    mo:track <http://musicbrainz.org/recording/5fceebe4-d425-4e83-85d0-b4ee61b8d8d6> ;
    essentia:asin "B00004WPFX" ;
    essentia:barcode "724384260910" ;
    foaf:maker <http://musicbrainz.org/artist/056e4f3e-d505-4dad-8ec1-d04f521cbb56> .

<2-05+Burnin'.flac> a mo:AudioFile ;
    mo:encodes [ a essentia:Signal ;
            mo:time _:cc314794-9b36-4ae3-9987-818656b78614 ;
            essentia:bit_rate "0"^^xsd:float ;
            essentia:codec "flac"^^xsd:string ;
            essentia:downmix "mix"^^xsd:string ;
            essentia:equal_loudness "0"^^xsd:float ;
            essentia:lossless true ;
            essentia:md5_encoded "f285a6b229d4400cfd82c1d8ff7795fa"^^xsd:string ;
            essentia:replay_gain "-2.12870979309"^^xsd:float ] .

<http://musicbrainz.org/artist/056e4f3e-d505-4dad-8ec1-d04f521cbb56> a mo:MusicArtist ;
    foaf:name "Daft Punk" .

<http://musicbrainz.org/recording/5fceebe4-d425-4e83-85d0-b4ee61b8d8d6> a mo:Track ;
    dc:title "Burnin'" ;
    mo:available_as <2-05+Burnin'.flac> ;
    mo:genre [ a mo:Genre ;
            rdfs:label "Electronic" ] ;
    mo:track_number "5" .

[] a essentia:VersionInfo .

_:00853ce7-9915-47e0-92a5-371ef0bd358f a essentia:GFCC ;
    event:time _:cc314794-9b36-4ae3-9987-818656b78614 ;
    afo:computed_by _:LowLevelExtractor ;
    afo:feature [ a essentia:Covariance ;
            afo:dimensions ( 13 13 ) ;
            afo:values ( 1.786065e+04 -4.949508e+03 -1.131062e+03 8.386542e+02 -4.723285e+02 7.727198e+02 -4.578489e+02 1.936776e+02 -4.819227e+02 2.141434e+02 -4.338253e+02 1.460461e+02 -3.615068e+02 -4.949508e+03 4.337446e+03 3.899071e+02 -3.632958e+02 3.617887e+02 -2.186695e+02 3.246521e+02 -1.462971e+02 3.111568e+02 -1.649314e+02 2.074691e+02 -1.544868e+02 1.600809e+02 -1.131062e+03 3.899071e+02 2.349898e+03 7.718384e+02 4.105542e+02 1.116098e+02 1.184607e+02 -6.730704e+01 4.329997e+01 7.296002e+01 7.273972e+01 7.823786e+00 6.670316e+01 8.386542e+02 -3.632958e+02 7.718384e+02 9.539698e+02 3.387478e+02 2.176697e+02 1.42623e+02 2.858556e+01 4.365088e+01 1.927753e+01 3.87994e+01 1.533248e+01 4.308644e+01 -4.723285e+02 3.617887e+02 4.105542e+02 3.387478e+02 7.455122e+02 1.805868e+02 2.765321e+02 4.179285e+01 1.118685e+02 6.760242e+01 4.615193e+01 2.563096e+01 7.267529e+01 7.727198e+02 -2.186695e+02 1.116098e+02 2.176697e+02 1.805868e+02 3.33735e+02 1.490206e+02 9.077386e+01 4.631012e+01 4.83692e+01 2.400271e+01 3.26277e+01 1.645307e+01 -4.578489e+02 3.246521e+02 1.184607e+02 1.42623e+02 2.765321e+02 1.490206e+02 3.378778e+02 1.208808e+02 1.300625e+02 1.780581e+01 6.050704e+01 1.455484e+01 5.595713e+01 1.936776e+02 -1.462971e+02 -6.730704e+01 2.858556e+01 4.179285e+01 9.077386e+01 1.208808e+02 1.826523e+02 8.617873e+01 4.550418e+01 1.398263e+01 1.767038e+01 6.113276e+00 -4.819227e+02 3.111568e+02 4.329997e+01 4.365088e+01 1.118685e+02 4.631012e+01 1.300625e+02 8.617873e+01 1.635501e+02 5.223629e+01 7.425966e+01 1.004495e+01 3.605361e+01 2.141434e+02 -1.649314e+02 7.296002e+01 1.927753e+01 6.760242e+01 4.83692e+01 1.780581e+01 4.550418e+01 5.223629e+01 1.277113e+02 4.878094e+01 3.644183e+01 1.905886e+01 -4.338253e+02 2.074691e+02 7.273972e+01 3.87994e+01 4.615193e+01 2.400271e+01 6.050704e+01 1.398263e+01 7.425966e+01 4.878094e+01 1.361864e+02 3.645659e+01 3.707119e+01 1.460461e+02 -1.544868e+02 7.823786e+00 1.533248e+01 2.563096e+01 3.26277e+01 1.455484e+01 1.767038e+01 1.004495e+01 3.644183e+01 3.645659e+01 1.095312e+02 1.881353e+01 -3.615068e+02 1.600809e+02 6.670316e+01 4.308644e+01 7.267529e+01 1.645307e+01 5.595713e+01 6.113276e+00 3.605361e+01 1.905886e+01 3.707119e+01 1.881353e+01 1.417486e+02 ) ],
        [ a essentia:InverseCovariance ;
            afo:dimensions ( 13 13 ) ;
            afo:values ( 1.121721e-04 3.656288e-05 8.741801e-05 -1.594982e-04 8.046718e-05 -2.331056e-04 6.798455e-05 -1.281881e-05 1.931256e-04 -3.102937e-04 2.703493e-04 -6.719976e-05 1.42461e-04 3.656288e-05 5.774613e-04 -1.415104e-04 4.363949e-04 -2.359765e-04 7.389789e-05 -2.183512e-04 7.672961e-04 -1.261948e-03 1.138445e-03 -5.478147e-04 6.118912e-04 -2.294784e-04 8.741801e-05 -1.415104e-04 7.528777e-04 -7.701121e-04 4.581535e-05 -6.09641e-05 -1.825393e-05 1.937517e-04 5.877314e-04 -1.07295e-03 3.468212e-04 -1.243171e-04 1.655672e-04 -1.594982e-04 4.363949e-04 -7.701121e-04 2.432859e-03 -8.157807e-04 -4.350743e-04 3.042988e-05 3.520201e-04 -1.350879e-03 2.296627e-03 -1.267002e-03 6.798436e-04 -5.592286e-04 8.046718e-05 -2.359765e-04 4.581535e-05 -8.157807e-04 2.765776e-03 -5.121505e-04 -2.022589e-03 1.291787e-03 8.229463e-05 -2.303924e-03 1.671271e-03 -5.622498e-04 8.655536e-06 -2.331056e-04 7.389789e-05 -6.09641e-05 -4.350743e-04 -5.121505e-04 5.317612e-03 -1.803365e-03 -1.080801e-03 6.074659e-04 -4.44387e-04 -6.516667e-04 -2.603429e-04 -2.923285e-06 6.798455e-05 -2.183512e-04 -1.825393e-05 3.042988e-05 -2.022589e-03 -1.803365e-03 8.158898e-03 -3.975256e-03 -2.056294e-03 3.180896e-03 -1.413397e-03 -7.71772e-05 -9.085482e-04 -1.281881e-05 7.672961e-04 1.937517e-04 3.520201e-04 1.291787e-03 -1.080801e-03 -3.975256e-03 1.219828e-02 -6.333434e-03 -1.718224e-03 2.847097e-03 -2.721072e-04 5.423961e-04 1.931256e-04 -1.261948e-03 5.877314e-04 -1.350879e-03 8.229463e-05 6.074659e-04 -2.056294e-03 -6.333434e-03 1.744917e-02 -5.793343e-03 -3.653297e-03 7.088953e-04 2.260485e-04 -3.102937e-04 1.138445e-03 -1.07295e-03 2.296627e-03 -2.303924e-03 -4.44387e-04 3.180896e-03 -1.718224e-03 -5.793343e-03 1.645047e-02 -5.350631e-03 -6.065879e-04 -1.47748e-03 2.703493e-04 -5.478147e-04 3.468212e-04 -1.267002e-03 1.671271e-03 -6.516667e-04 -1.413397e-03 2.847097e-03 -3.653297e-03 -5.350631e-03 1.416887e-02 -3.990822e-03 -3.432379e-04 -6.719976e-05 6.118912e-04 -1.243171e-04 6.798436e-04 -5.622498e-04 -2.603429e-04 -7.71772e-05 -2.721072e-04 7.088953e-04 -6.065879e-04 -3.990822e-03 1.194622e-02 -1.290462e-03 1.42461e-04 -2.294784e-04 1.655672e-04 -5.592286e-04 8.655536e-06 -2.923285e-06 -9.085482e-04 5.423961e-04 2.260485e-04 -1.47748e-03 -3.432379e-04 -1.290462e-03 8.502672e-03 ) ],
        [ a essentia:Mean ;
            afo:values ( -5.302291e+01 5.618982e+01 -7.389764e+01 3.414991e+01 -4.717568e+01 1.043412e+01 -3.023053e+01 4.722283e+00 -2.42705e+01 -3.77823e-01 -1.681217e+01 3.993348e+00 -1.079779e+01 ) ] .

_:00c5bf2d-a593-4ea8-944a-66caa50c2348 a essentia:SecondDerivativeMean ;
    afo:value 2.14407e+01 .

_:00dd8d93-9086-49ba-b2c9-74085e6b7ffc a essentia:OnsetRate ;
    event:time _:cc314794-9b36-4ae3-9987-818656b78614 ;
    afo:value 4.744717e+00 .

_:015e6658-2d1e-4295-b0e7-006a8190f83b a essentia:ChordsNumberRate ;
    event:time _:cc314794-9b36-4ae3-9987-818656b78614 ;
    afo:value 1.235261e-03 .

_:019f7ea0-ab14-4b72-9f15-9ddbdb4056d6 a essentia:Maximum ;
    afo:values ( 9.978527e-01 9.627658e-01 6.815545e-01 4.521254e-01 4.168079e-01 7.55755e-01 ) .

_:01b4f883-893b-454f-8a03-6be9383ab8ed a essentia:Minimum ;
    afo:value 0 .

_:01b5be38-3d5b-4759-977e-4e5293f9c590 rdf:first 1.120372e-02 ;
    rdf:rest ( 5.706545e-03 3.629209e-03 2.837705e-03 1.73123e-03 1.525951e-03 ) .

_:01f6ae59-8b69-4dad-9374-f97ab0374d37 a essentia:Variance ;
    afo:value 6.808935e-01 .

_:0237dfb7-e7d8-445c-9865-511c39e38dbe a essentia:Crest ;
    afo:feature [ a essentia:Median ;
            afo:value 1.687692e+01 ],
        [ a essentia:Mean ;
            afo:value 1.856471e+01 ],
        [ a essentia:SecondDerivativeVariance ;
            afo:value 4.266137e+01 ],
        [ a essentia:Maximum ;
            afo:value 3.917019e+01 ],
        [ a essentia:DerivativeMean ;
            afo:value 4.602326e+00 ],
        [ a essentia:SecondDerivativeMean ;
            afo:value 7.047934e+00 ],
        [ a essentia:Variance ;
            afo:value 6.854297e+01 ],
        [ a essentia:Minimum ;
            afo:value 2.589334e+00 ],
        [ a essentia:DerivativeVariance ;
            afo:value 1.818866e+01 ] .

_:0282a1d7-b029-463a-96d8-b99116b279a1 a essentia:DerivativeVariance ;
    afo:value 1.330261e-03 .

_:0356323a-dc35-4c15-9946-b9cab3139b9c a essentia:DerivativeMean ;
    afo:value 3.963844e-01 .

_:043e8f6f-9fca-44a7-9911-c161198db699 a essentia:Maximum ;
    afo:values ( -2.603338e-01 -2.948929e-01 -4.64457e-01 -3.869686e-01 -3.774175e-01 -5.791553e-01 ) .

_:048afc50-2c6a-4655-9a44-ec19acc673e7 a essentia:DerivativeMean ;
    afo:values ( 6.291432e-01 5.801909e-01 5.603292e-01 5.448567e-01 4.799612e-01 5.227898e-01 ) .

_:05c5d939-0f2e-4a6a-865d-cfdb8b2d9c80 a essentia:Mean ;
    afo:value 2.594693e+01 .

_:05db1759-e405-4d85-a7dc-f41a4d28839b a essentia:MelBands ;
    event:time _:cc314794-9b36-4ae3-9987-818656b78614 ;
    afo:computed_by _:LowLevelExtractor ;
    afo:feature [ a essentia:Spread ;
            afo:feature _:00c5bf2d-a593-4ea8-944a-66caa50c2348,
                [ a essentia:Median ;
                    afo:value 1.258699e+01 ],
                [ a essentia:DerivativeVariance ;
                    afo:value 5.354758e+02 ],
                [ a essentia:SecondDerivativeVariance ;
                    afo:value 1.182264e+03 ],
                [ a essentia:DerivativeMean ;
                    afo:value 1.398238e+01 ],
                [ a essentia:Variance ;
                    afo:value 9.355507e+02 ],
                [ a essentia:Maximum ;
                    afo:value 2.29129e+02 ],
                [ a essentia:Minimum ;
                    afo:value 1.124001e-01 ],
                [ a essentia:Mean ;
                    afo:value 2.41146e+01 ] ] .

_:068d067e-5ac9-4010-b0ac-659e14dda911 a essentia:Maximum ;
    afo:value 5.084174e-01 .

_:07bf5157-791e-42fb-bc0e-eb77c4fa807f a essentia:ZeroCrossingRate ;
    event:time _:cc314794-9b36-4ae3-9987-818656b78614 ;
    afo:computed_by _:LowLevelExtractor ;
    afo:feature [ a essentia:Minimum ;
            afo:value 1.953125e-03 ],
        [ a essentia:Maximum ;
            afo:value 4.56543e-01 ],
        [ a essentia:SecondDerivativeMean ;
            afo:value 3.066067e-02 ],
        [ a essentia:Median ;
            afo:value 5.908203e-02 ],
        [ a essentia:Mean ;
            afo:value 8.045509e-02 ],
        [ a essentia:DerivativeMean ;
            afo:value 2.784237e-02 ],
        [ a essentia:SecondDerivativeVariance ;
            afo:value 1.392794e-03 ],
        [ a essentia:DerivativeVariance ;
            afo:value 1.109997e-03 ],
        [ a essentia:Variance ;
            afo:value 5.354268e-03 ] .

_:07df5299-99e4-4f06-bd09-b89f7cd17df9 a essentia:Variance ;
    afo:value 0 .

_:081376db-d63c-4844-9c35-89d573f930cd a essentia:Variance ;
    afo:values ( 2.319477e+00 1.317437e+00 1.715053e+00 1.999536e+00 2.301387e+00 3.238763e+00 ) .

_:08534c28-20e2-4f26-948b-44b4d44089ec a essentia:Variance ;
    afo:value 1.331924e+00 .

_:08554351-4de0-4b8a-b6ea-65aac5abae11 a essentia:Mean ;
    afo:value 2.219026e-03 .

_:08b3a79f-b7c1-4ecf-8cd7-40c6fe578cc1 a essentia:SecondDerivativeMean ;
    afo:values ( 1.610687e-03 1.919127e-02 1.03255e-02 8.065449e-03 6.021195e-03 1.263569e-03 6.443663e-04 4.689555e-04 6.150202e-04 4.671001e-04 3.824057e-04 4.449038e-04 4.475185e-04 4.612581e-04 4.597452e-04 4.735368e-04 4.085977e-04 4.812667e-04 4.573514e-04 4.056583e-04 4.438635e-04 3.997226e-04 4.468812e-04 3.788696e-04 6.045428e-04 7.668473e-04 1.824743e-04 ) .

_:08d54f67-5cb5-4b78-90ab-dc0983ae78ec a essentia:Median ;
    afo:value 3.187324e-01 .

_:0995e40a-deb3-482e-91ea-673911a22f90 a essentia:EqualTemperedDeviation ;
    event:time _:cc314794-9b36-4ae3-9987-818656b78614 ;
    afo:value 2.26445e-01 .

_:09d352bc-fcf9-4a8a-ae1e-351399226c9a a essentia:Mean ;
    afo:value 2.393234e+03 .

_:0a0c1a54-794f-495b-9ea4-971c5f1d5fa4 a essentia:Median ;
    afo:value 8.281739e-04 .

_:0a904ef1-f47d-4e0a-9c6e-b50a6ccb99fe rdf:first 6.54902e+00 ;
    rdf:rest ( 1.014901e+02 2.565674e+02 7.832316e+02 1.076625e+03 5.202868e+02 2.858637e+02 2.517525e+02 1.5828e+02 2.024255e+02 3.270402e+02 2.704749e+02 3.198818e+02 4.090031e+02 5.125963e+02 6.156728e+02 8.147041e+02 1.24573e+03 1.376942e+03 1.325246e+03 1.411784e+03 1.347731e+03 1.308203e+03 1.295876e+03 1.208464e+03 1.021823e+03 8.343498e+02 9.372095e+02 3.929574e+02 2.283805e+02 3.580981e+02 1.232067e+02 9.070926e+01 5.320757e+01 7.139081e+01 2.460848e+01 4.010868e+00 1.773009e-01 2.4326e-03 2.214847e-06 ) .

_:0ab215a9-e21e-4eda-95ca-bf14154a7a00 a essentia:DerivativeVariance ;
    afo:values ( 1.172278e-04 7.679667e-05 4.296016e-05 6.172683e-06 4.091824e-07 1.39967e-07 4.963686e-08 4.433506e-08 3.392111e-08 1.451283e-08 1.140524e-08 1.003596e-08 7.963371e-09 7.584508e-09 5.988284e-09 7.045072e-09 6.275967e-09 5.174213e-09 4.564486e-09 3.661532e-09 3.087577e-09 2.642481e-09 1.89559e-09 1.785817e-09 1.43999e-09 1.165667e-09 8.53328e-10 6.664952e-10 4.025199e-10 4.020657e-10 6.034402e-10 1.352966e-10 8.071726e-11 6.201574e-11 1.374163e-10 7.055533e-11 3.384516e-11 3.740188e-11 4.500727e-11 3.318686e-11 ) .

_:0b6f3803-6241-43f7-9004-d247a3d926a2 a essentia:Minimum ;
    afo:value -3.746547e+00 .

_:0cd97550-b2fb-48e0-89f3-5e9d17b16c85 a essentia:SecondDerivativeVariance ;
    afo:value 9.137906e-01 .

_:0db00116-e754-47da-acb1-b8b107a37551 a essentia:Mean ;
    afo:value 8.55354e-01 .

_:0ef8f263-306a-46ac-b335-f81ca38134ec a essentia:BarkBands ;
    event:time _:cc314794-9b36-4ae3-9987-818656b78614 ;
    afo:computed_by _:LowLevelExtractor ;
    afo:feature [ a essentia:Kurtosis ;
            afo:feature [ a essentia:DerivativeMean ;
                    afo:value 3.268655e+01 ],
                [ a essentia:Maximum ;
                    afo:value 3.489447e+03 ],
                [ a essentia:SecondDerivativeVariance ;
                    afo:value 2.660236e+04 ],
                [ a essentia:SecondDerivativeMean ;
                    afo:value 4.72426e+01 ],
                [ a essentia:Median ;
                    afo:value 4.516943e+00 ],
                [ a essentia:Minimum ;
                    afo:value -1.935833e+00 ],
                [ a essentia:Variance ;
                    afo:value 1.620312e+04 ],
                [ a essentia:DerivativeVariance ;
                    afo:value 1.216255e+04 ],
                [ a essentia:Mean ;
                    afo:value 3.719815e+01 ] ] .

_:0fdec111-52e9-498a-a6d5-6d553a02366b a essentia:SecondDerivativeMean ;
    afo:value 1.071089e+00 .

_:112c14ca-fd97-4920-9d10-94d63cced94d a essentia:DerivativeMean ;
    afo:value 2.921586e-02 .

_:1135a37e-6346-40ba-8fa5-d79d4124eab9 a essentia:SecondDerivativeMean ;
    afo:value 3.157149e+01 .

_:113c85c5-525d-4e24-8da4-28497857245e a essentia:DerivativeVariance ;
    afo:value 7855678 .

_:11808740-05ef-4580-9531-3a498eb1785b a essentia:DerivativeVariance ;
    afo:value 0 .

_:128664e1-f462-4b87-9bcd-4c49b5a1c883 a essentia:ChordsScale ;
    event:time _:cc314794-9b36-4ae3-9987-818656b78614 ;
    afo:value "minor" .

_:129eff0c-87da-40bd-ae4d-62652c59c6cf a essentia:Variance ;
    afo:values ( 3.436679e-04 8.071067e-05 2.521232e-05 3.852492e-06 3.643799e-07 1.188758e-07 3.437736e-08 2.668307e-08 2.064269e-08 1.097554e-08 8.350757e-09 7.074274e-09 5.626042e-09 5.39467e-09 3.978504e-09 4.688772e-09 4.689147e-09 3.865133e-09 2.979856e-09 2.365126e-09 2.050715e-09 1.613588e-09 1.176503e-09 1.38392e-09 8.987954e-10 7.579266e-10 5.995822e-10 4.761055e-10 3.782642e-10 2.98145e-10 3.999152e-10 1.395237e-10 9.211339e-11 6.655263e-11 1.366201e-10 8.12064e-11 3.775237e-11 4.145539e-11 4.951294e-11 3.551133e-11 ) .

_:129fab42-a80a-4485-9da0-07cb623f5d33 a essentia:Variance ;
    afo:value 1.213138e-03 .

_:13207539-3eb5-47d6-9c2b-1b5589365cf8 a essentia:SecondDerivativeVariance ;
    afo:value 6.139835e-06 .

_:132e98dc-9374-43c6-b012-a800398c2e8b a essentia:DerivativeMean ;
    afo:values ( 1.175222e-03 1.522903e-02 5.577086e-03 4.301966e-03 3.317073e-03 7.452569e-04 3.618989e-04 2.641324e-04 3.546393e-04 2.677655e-04 2.177202e-04 2.57369e-04 2.543337e-04 2.738115e-04 2.677289e-04 2.735569e-04 2.328133e-04 2.84587e-04 2.607962e-04 2.477508e-04 2.735776e-04 2.537555e-04 2.832053e-04 2.452862e-04 3.85161e-04 4.828243e-04 1.168956e-04 ) .

_:134b8fbd-7804-4eb1-a835-c15e11ec33ab a essentia:Crest ;
    afo:feature [ a essentia:Median ;
            afo:value 1.149561e+01 ],
        [ a essentia:DerivativeVariance ;
            afo:value 1.221252e+01 ],
        [ a essentia:SecondDerivativeMean ;
            afo:value 5.754181e+00 ],
        [ a essentia:Minimum ;
            afo:value 2.088348e+00 ],
        [ a essentia:SecondDerivativeVariance ;
            afo:value 2.632933e+01 ],
        [ a essentia:Maximum ;
            afo:value 2.67446e+01 ],
        [ a essentia:DerivativeMean ;
            afo:value 3.656129e+00 ],
        [ a essentia:Variance ;
            afo:value 3.900526e+01 ],
        [ a essentia:Mean ;
            afo:value 1.274559e+01 ] .

_:1382e552-e839-446f-944f-5201825352ff a essentia:Variance ;
    afo:value 1.795509e+04 .

_:138e4e0e-b60c-428c-8c90-7061cfc55464 a essentia:Variance ;
    afo:value 2.123505e+03 .

_:13fc9bc6-cec1-4682-b2ce-3abe9fb462ae rdf:first 4.163018e-01 ;
    rdf:rest ( 2.769787e-01 3.141199e-01 3.398686e-01 3.146026e-01 3.732308e-01 ) .

_:150b2ba2-cab0-49d3-920e-8744ecd295c4 rdf:first 2.967207e-08 ;
    rdf:rest ( 2.894033e-08 2.013088e-08 1.500747e-09 2.547414e-09 1.180266e-09 9.50743e-10 7.373984e-10 6.647533e-10 6.872826e-10 5.097589e-10 6.997711e-10 6.242805e-10 1.042842e-09 1.340857e-09 1.055575e-09 1.445145e-09 1.638733e-09 1.529806e-09 2.486568e-09 1.903923e-09 4.06008e-09 4.303285e-09 3.917525e-09 8.230122e-09 1.036226e-08 1.081359e-08 ) .

_:15b7cd05-39b4-4c34-9a7c-2152cd683938 a essentia:Kurtosis ;
    afo:feature _:1382e552-e839-446f-944f-5201825352ff,
        [ a essentia:DerivativeVariance ;
            afo:value 1.297843e+04 ],
        [ a essentia:DerivativeMean ;
            afo:value 4.700272e+01 ],
        [ a essentia:SecondDerivativeMean ;
            afo:value 7.041225e+01 ],
        [ a essentia:Maximum ;
            afo:value 3.669823e+03 ],
        [ a essentia:Minimum ;
            afo:value -1.806291e+00 ],
        [ a essentia:Median ;
            afo:value 1.681145e+01 ],
        [ a essentia:SecondDerivativeVariance ;
            afo:value 3.037136e+04 ],
        [ a essentia:Mean ;
            afo:value 6.360564e+01 ] .

_:168c8be4-6203-470c-9562-a83f9b5707c3 rdf:first -7.687567e+00 ;
    rdf:rest ( -7.588616e+00 -8.053201e+00 -8.415824e+00 -8.103698e+00 -1.020971e+01 ) .

_:169749c4-0b51-4107-b3be-0c6e18398798 a essentia:ChordsHistogram ;
    event:time _:cc314794-9b36-4ae3-9987-818656b78614 ;
    afo:value ( 1.410444e+01 9.477821e+00 8.871421e-01 3.368894e-01 0 6.737788e-02 3.121842e+00 4.581696e+00 1.314992e+01 7.400337e+00 6.737788e-01 4.267265e-01 1.57215e-01 4.828748e-01 1.347558e-01 2.358226e-01 2.571589e+01 2.5379e+00 4.997192e+00 2.470522e-01 4.693992e+00 8.983717e-02 1.90904e-01 6.288602e+00 ) .

_:18f4a299-c23d-4af2-8fc5-1e925ce1bfcb a essentia:DerivativeVariance ;
    afo:value 5.976146e+00 .

_:196fec39-e6c0-4a1b-9431-c8151c5514d3 a essentia:Variance ;
    afo:value 1.608896e+01 .

_:19ca7629-8e50-43d1-997c-13e9035d41e8 a essentia:DerivativeMean ;
    afo:value 0 .

_:1a9112cc-5927-4cf7-9f63-74a3c297773c rdf:first 1.742175e+04 ;
    rdf:rest ( -4.052375e+03 -1.4743e+03 -2.769452e+02 -3.348186e+02 1.842124e+02 -6.863818e+01 -1.125945e+00 -1.140837e+02 -3.946681e+01 -9.971223e+01 -4.196413e+01 -1.37667e+02 -4.052375e+03 3.371365e+03 1.921743e+02 -1.651077e+01 8.008128e+01 -8.378438e+00 1.034166e+01 3.556792e+01 7.986943e+01 1.277478e+01 5.490921e+01 4.130942e+01 3.981259e+01 -1.4743e+03 1.921743e+02 1.71037e+03 5.793248e+02 3.379961e+02 2.00496e+02 1.028225e+02 -5.57253e+00 -6.447052e+00 2.424952e+01 -3.635572e+00 -1.168783e+00 3.174911e+01 -2.769452e+02 -1.651077e+01 5.793248e+02 7.66098e+02 3.664983e+02 2.687956e+02 1.735539e+02 9.524467e+01 8.704237e+01 5.363495e+01 1.887663e+01 2.216558e+01 3.223013e+01 -3.348186e+02 8.008128e+01 3.379961e+02 3.664983e+02 4.362657e+02 2.630693e+02 1.633238e+02 3.803224e+01 9.462469e+01 3.313108e+01 3.710168e+01 3.643602e+01 3.583409e+01 1.842124e+02 -8.378438e+00 2.00496e+02 2.687956e+02 2.630693e+02 3.409687e+02 1.919106e+02 1.063862e+02 8.751817e+01 4.55471e+01 2.822643e+01 4.445608e+01 3.993974e+01 -6.863818e+01 1.034166e+01 1.028225e+02 1.735539e+02 1.633238e+02 1.919106e+02 2.336393e+02 1.143863e+02 1.093115e+02 8.302032e+01 3.247775e+01 3.061179e+01 2.592673e+01 -1.125945e+00 3.556792e+01 -5.57253e+00 9.524467e+01 3.803224e+01 1.063862e+02 1.143863e+02 2.261294e+02 8.058358e+01 5.529812e+01 7.797048e+01 3.986926e+01 1.840696e+01 -1.140837e+02 7.986943e+01 -6.447052e+00 8.704237e+01 9.462469e+01 8.751817e+01 1.093115e+02 8.058358e+01 2.251245e+02 5.431581e+01 2.928749e+00 5.92733e+01 3.579827e+01 -3.946681e+01 1.277478e+01 2.424952e+01 5.363495e+01 3.313108e+01 4.55471e+01 8.302032e+01 5.529812e+01 5.431581e+01 2.142647e+02 4.37197e+01 -1.948998e+01 2.295588e+01 -9.971223e+01 5.490921e+01 -3.635572e+00 1.887663e+01 3.710168e+01 2.822643e+01 3.247775e+01 7.797048e+01 2.928749e+00 4.37197e+01 1.937032e+02 4.876412e+01 -2.069367e+01 -4.196413e+01 4.130942e+01 -1.168783e+00 2.216558e+01 3.643602e+01 4.445608e+01 3.061179e+01 3.986926e+01 5.92733e+01 -1.948998e+01 4.876412e+01 1.536752e+02 6.065649e+01 -1.37667e+02 3.981259e+01 3.174911e+01 3.223013e+01 3.583409e+01 3.993974e+01 2.592673e+01 1.840696e+01 3.579827e+01 2.295588e+01 -2.069367e+01 6.065649e+01 1.126724e+02 ) .

_:1b1e53f7-db77-47c6-8024-c78fa1390b33 a essentia:DerivativeVariance ;
    afo:value 1.206762e-03 .

_:1c439d40-f339-4a15-9492-36c6024341ea a essentia:SecondPeakBPM ;
    event:time _:cc314794-9b36-4ae3-9987-818656b78614 ;
    afo:computed_by _:LowLevelExtractor ;
    afo:feature [ a essentia:DerivativeMean ;
            afo:value 0 ],
        [ a essentia:SecondDerivativeVariance ;
            afo:value 0 ],
        [ a essentia:Variance ;
            afo:value 0 ],
        [ a essentia:Mean ;
            afo:value 117 ],
        [ a essentia:Minimum ;
            afo:value 117 ],
        [ a essentia:Maximum ;
            afo:value 117 ],
        [ a essentia:SecondDerivativeMean ;
            afo:value 0 ],
        [ a essentia:Median ;
            afo:value 117 ],
        [ a essentia:DerivativeVariance ;
            afo:value 0 ] .

_:1c776894-c796-46a5-8f94-a3c789df0627 a essentia:Mean ;
    afo:value 1.739131e-01 .

_:1e34f550-d5a5-4f18-b8f2-198c9b874da8 a essentia:DerivativeMean ;
    afo:value 7.297903e-01 .

_:201007c0-0bb3-49fc-a5ed-7bd3ebeb3a44 rdf:first 1.092548e-04 ;
    rdf:rest ( 1.383058e-03 3.61416e-04 3.196583e-04 8.144265e-04 2.327961e-04 7.237531e-05 5.863443e-05 1.157359e-04 5.60484e-05 3.77194e-05 4.880811e-05 3.954829e-05 3.765877e-05 3.405122e-05 3.760986e-05 3.799578e-05 5.907825e-05 5.517372e-05 6.095862e-05 5.795798e-05 8.395554e-05 6.626588e-05 6.072246e-05 3.360251e-05 2.214996e-05 4.189966e-06 ) .

_:2023624e-d2b4-4b69-b573-fe2d7804eca0 a essentia:Maximum ;
    afo:values ( 1.515217e+01 6.368116e+01 2.386517e+02 2.865533e+02 3.75519e+02 4.079229e+02 8.796781e+02 8.905334e+02 4.369146e+02 8.432689e+02 1.348691e+03 4.487822e+02 2.058197e+02 2.23057e+02 3.161204e+02 3.124744e+02 3.685325e+02 6.051693e+02 4.470566e+02 5.127679e+02 5.670315e+02 4.984753e+02 4.864238e+02 5.427318e+02 6.054502e+02 6.062294e+02 4.312501e+02 5.133679e+02 1.56907e+02 1.244708e+02 1.608224e+02 9.038231e+01 9.132663e+01 6.950665e+01 7.639815e+01 3.951017e+01 1.615333e+01 3.179793e+00 3.712859e-01 1.269585e-02 ) .

_:2074d957-79b9-46c8-b6be-7bcb9227d0eb a essentia:Median ;
    afo:value 3.357995e-03 .

_:209380e5-dbe5-49e8-a080-aff7c789697d rdf:first 1.071741e+00 ;
    rdf:rest ( 4.425767e+00 5.215404e+00 7.869247e+00 1.093961e+01 1.068545e+01 7.416826e+00 6.865198e+00 4.803417e+00 4.138831e+00 5.663911e+00 8.213667e+00 8.011657e+00 8.343305e+00 8.977856e+00 9.161805e+00 9.827447e+00 1.213173e+01 1.297234e+01 1.161296e+01 1.335125e+01 1.186731e+01 1.457414e+01 1.350573e+01 1.381332e+01 1.261009e+01 1.148483e+01 1.114999e+01 1.103505e+01 8.727717e+00 9.37437e+00 6.12396e+00 4.794452e+00 3.355621e+00 3.038003e+00 1.917602e+00 7.797852e-01 1.767877e-01 2.08382e-02 6.212501e-04 ) .

_:21222c99-64ea-43fd-be7a-55b777afec9c a essentia:Maximum ;
    afo:value 1.064689e+01 .

_:21d27936-9475-4e9e-80d7-448aeca444ab a essentia:DerivativeVariance ;
    afo:value 2.671924e-03 .

_:21fd9627-3cb5-4e2e-8bce-479fa6656c61 a essentia:Maximum ;
    afo:value 4.770986e+00 .

_:22351b91-191c-4ffb-ba31-55108db4e91b a essentia:Minimum ;
    afo:value 2.641526e-08 .

_:224fb0cb-53a6-43c8-8200-beb56f88ec49 a essentia:Maximum ;
    afo:value 4.90111e+03 .

_:2373c77d-5d9c-4130-b767-69c6c76f0d41 a essentia:Maximum ;
    afo:value 1.739131e-01 .

_:23b5a604-523c-40d4-8c53-e935419782c9 a essentia:Median ;
    afo:value 6.244629e+02 .

_:23bf1a6c-5663-4821-8def-8c376b588842 a essentia:Minimum ;
    afo:value 9.318798e-06 .

_:24251803-6cdf-4e7d-b02f-65aec7723829 a essentia:DerivativeVariance ;
    afo:value 5.045267e+01 .

_:24746520-4486-4ada-9118-7fc8e38016fc a essentia:DerivativeVariance ;
    afo:value 1.593993e-05 .

_:24b3d9d4-85af-4467-b801-dab9841019dc a essentia:Variance ;
    afo:value 4.21034e-03 .

_:25c9594a-96cd-445d-a9ac-d714bc1866f0 rdf:first 9.198919e-02 ;
    rdf:rest ( 4.302427e-02 1.010334e-02 3.710727e-03 3.644001e-03 2.007888e-02 ) .

_:26b2acff-51bf-4937-8400-8d9bc6b00566 a essentia:Median ;
    afo:value 3.865177e-03 .

_:27809acf-15c8-4fab-b61e-8b49418fbf9c a essentia:Variance ;
    afo:value 11722374 .

_:27ca6720-792c-415e-9bd0-5ef71105a227 a essentia:Maximum ;
    afo:value 1 .

_:2829a641-f8bb-40d8-b284-8edca90f6b3b a essentia:SecondDerivativeVariance ;
    afo:value 1.340867e-03 .

_:2847cabb-68c2-40c0-8795-26f96386e3d7 a essentia:Entropy ;
    afo:feature _:0cd97550-b2fb-48e0-89f3-5e9d17b16c85,
        _:21fd9627-3cb5-4e2e-8bce-479fa6656c61,
        [ a essentia:Mean ;
            afo:value 2.7813e+00 ],
        [ a essentia:Median ;
            afo:value 2.812088e+00 ],
        [ a essentia:SecondDerivativeMean ;
            afo:value 1.2269e+00 ],
        [ a essentia:DerivativeVariance ;
            afo:value 3.506752e-01 ],
        [ a essentia:Minimum ;
            afo:value 6.96585e-02 ],
        [ a essentia:DerivativeMean ;
            afo:value 7.433211e-01 ],
        [ a essentia:Variance ;
            afo:value 7.101198e-01 ] .

_:286c37a6-d6f4-4904-92d8-a4d8fa5476a7 a essentia:Key ;
    event:time _:cc314794-9b36-4ae3-9987-818656b78614 ;
    afo:value "A#" .

_:28703dad-398a-41a1-892a-5be36e0dbab2 a essentia:SecondDerivativeVariance ;
    afo:value 3.916765e-01 .

_:2871bfb8-7cf8-49a5-b391-9c2b8fe27e7f a essentia:SecondDerivativeMean ;
    afo:value 7.73338e-02 .

_:28bb0311-1eb3-4162-bb95-e999d5a476d6 a essentia:Mean ;
    afo:value 3.291824e-02 .

_:28f2b405-1d00-40dc-ae9a-84b426d323eb a essentia:SecondDerivativeVariance ;
    afo:value 3.738702e-05 .

_:295c03ae-465c-4d38-86b2-adb32a09c011 a essentia:Median ;
    afo:value 4.785196e-01 .

_:2a5abc57-2538-41a2-a8b8-b2be224b8a21 a essentia:SecondDerivativeMean ;
    afo:value 1.403091e-02 .

_:2aaf67cd-9b03-435a-b514-9bf7c2eff708 a essentia:Median ;
    afo:value 3.056138e+00 .

_:2c86c82f-528e-4695-9bdb-85d67dfffbd5 a essentia:Variance ;
    afo:value 7.562105e+12 .

_:2eb747df-e0ed-47a6-82f3-c7c462813945 a essentia:Kurtosis ;
    afo:feature [ a essentia:DerivativeVariance ;
            afo:value 9.197825e+01 ],
        [ a essentia:Minimum ;
            afo:value -1.844109e+00 ],
        [ a essentia:SecondDerivativeVariance ;
            afo:value 2.252823e+02 ],
        [ a essentia:SecondDerivativeMean ;
            afo:value 4.827835e+00 ],
        [ a essentia:Variance ;
            afo:value 1.296408e+02 ],
        [ a essentia:Mean ;
            afo:value 2.678535e+00 ],
        [ a essentia:Maximum ;
            afo:value 4.051721e+02 ],
        [ a essentia:DerivativeMean ;
            afo:value 3.067568e+00 ],
        [ a essentia:Median ;
            afo:value -1.179988e-01 ] .

_:2ee2cc2e-5fda-460b-92a6-549785b96094 a essentia:DerivativeVariance ;
    afo:value 6.341256e+00 .

_:3014ae42-a5a4-4c2c-9212-149526404438 a essentia:Maximum ;
    afo:values ( 3.169438e-02 2.997376e-01 2.415502e-01 1.196082e-01 1.08391e-01 8.957375e-02 4.772033e-02 6.349703e-02 1.945143e-02 6.81085e-03 6.505551e-03 8.331536e-03 9.009593e-03 1.005085e-02 1.144685e-02 1.211032e-02 8.856934e-03 9.383663e-03 1.061086e-02 1.091303e-02 1.098134e-02 3.912798e-03 4.794956e-03 4.737997e-03 8.239981e-03 8.458695e-03 1.812457e-03 ) .

_:307e586f-323b-4fb9-a859-54cbb7743fd8 a essentia:DerivativeVariance ;
    afo:value 5.363703e-04 .

_:308f68a1-4f06-49a4-becf-7b853aee1c4f a essentia:DerivativeMean ;
    afo:value 2.658337e+00 .

_:30f4d7db-d812-4532-bb6c-1fd1d3159bd1 a essentia:Loudness ;
    event:time _:cc314794-9b36-4ae3-9987-818656b78614 ;
    afo:feature [ a essentia:Mean ;
            afo:value 8.182554e-01 ] .

_:31bec9fc-8048-4569-b94f-92ccf6547684 a essentia:SecondDerivativeMean ;
    afo:value 1.165834e-01 .

_:3234bad5-b340-4c57-af9a-f721d0b7d0fc a essentia:Median ;
    afo:value 1.07011e+01 .

_:33619106-a626-401e-b13c-e9e366165938 a essentia:Median ;
    afo:value 2.227433e-02 .

_:33878189-9af9-4e14-8873-4972304478b2 a essentia:Median ;
    afo:value 1.255772e+03 .

_:33a106e9-4568-4abb-ab62-f4e237b4c4a0 a essentia:DerivativeVariance ;
    afo:value 7.958405e-01 .

_:33aebb82-7156-48b2-ba75-f948460f0ca3 a essentia:SecondDerivativeMean ;
    afo:value 2.748319e+00 .

_:341a69d6-29b2-44dc-b8cd-b3c8372a95d3 rdf:first -7.106497e+02 ;
    rdf:rest ( 9.688139e+01 2.852662e+01 2.989416e+01 9.006199e+00 1.03787e+01 4.210779e+00 7.468756e+00 -1.185375e+00 1.459111e+00 -1.645942e+00 -3.935379e+00 -3.466426e+00 ) .

_:34ad5121-c6d2-4069-a308-236288e4a1e2 a essentia:EnergyBand ;
    event:time _:cc314794-9b36-4ae3-9987-818656b78614 ;
    afo:computed_by _:LowLevelExtractor ;
    afo:feature _:08554351-4de0-4b8a-b6ea-65aac5abae11,
        _:24746520-4486-4ada-9118-7fc8e38016fc,
        _:28f2b405-1d00-40dc-ae9a-84b426d323eb,
        [ a essentia:Maximum ;
            afo:value 3.324557e-02 ],
        [ a essentia:Minimum ;
            afo:value 4.800645e-08 ],
        [ a essentia:DerivativeMean ;
            afo:value 1.882176e-03 ],
        [ a essentia:Variance ;
            afo:value 1.825489e-05 ],
        [ a essentia:SecondDerivativeMean ;
            afo:value 2.818699e-03 ],
        [ a essentia:Median ;
            afo:value 4.714895e-04 ] .

_:3509bcca-c7d9-462c-9a7c-894c53419777 a essentia:DerivativeVariance ;
    afo:value 7.892616e+00 .

_:358819bc-a7d6-405e-b802-6f6d65fabceb a essentia:Variance ;
    afo:value 1.480321e+01 .

_:35ec92e1-d3e3-4dd3-93a8-8291500145df a essentia:THPCP ;
    event:time _:cc314794-9b36-4ae3-9987-818656b78614 ;
    afo:value ( 1 7.48045e-01 4.83612e-01 5.970398e-01 6.053838e-01 4.273127e-01 3.799098e-01 4.54926e-01 5.560606e-01 6.702581e-01 6.539023e-01 5.56776e-01 5.749709e-01 5.817338e-01 5.248582e-01 5.36038e-01 5.675024e-01 5.130875e-01 5.016789e-01 5.211055e-01 4.584613e-01 4.160363e-01 4.061831e-01 4.561047e-01 6.518121e-01 6.589193e-01 4.529758e-01 3.87301e-01 3.948105e-01 3.902678e-01 3.840257e-01 3.538938e-01 3.634413e-01 4.766199e-01 5.615458e-01 7.756722e-01 ) .

_:36515dd1-50d6-454c-9f3d-a91edaee3712 a essentia:SecondDerivativeVariance ;
    afo:value 1.742834e+00 .

_:37255530-902a-4bb2-9606-6ee524429244 a essentia:ERBBands ;
    event:time _:cc314794-9b36-4ae3-9987-818656b78614 ;
    afo:computed_by _:LowLevelExtractor ;
    afo:feature [ a essentia:Skewness ;
            afo:feature _:0fdec111-52e9-498a-a6d5-6d553a02366b,
                _:1e34f550-d5a5-4f18-b8f2-198c9b874da8,
                _:33a106e9-4568-4abb-ab62-f4e237b4c4a0,
                _:36515dd1-50d6-454c-9f3d-a91edaee3712,
                [ a essentia:Variance ;
                    afo:value 2.022377e+00 ],
                [ a essentia:Mean ;
                    afo:value 4.932415e-01 ],
                [ a essentia:Minimum ;
                    afo:value -2.840315e+00 ],
                [ a essentia:Median ;
                    afo:value 3.158333e-01 ],
                [ a essentia:Maximum ;
                    afo:value 1.464813e+01 ] ] .

_:37707f5a-3932-4288-a06b-546315022aa7 a essentia:SecondDerivativeVariance ;
    afo:value 1.328308e+01 .

_:37aed1ba-a715-4eea-a692-fa70d5b9d60e a essentia:Minimum ;
    afo:value 123 .

_:380925d7-4f55-4cce-bd48-83a57946f970 a essentia:Minimum ;
    afo:value 4.715841e-01 .

_:383db589-1840-4d0f-87b9-a3e721340301 a essentia:EnergyBand ;
    event:time _:cc314794-9b36-4ae3-9987-818656b78614 ;
    afo:computed_by _:LowLevelExtractor ;
    afo:feature _:2074d957-79b9-46c8-b6be-7bcb9227d0eb,
        _:2a5abc57-2538-41a2-a8b8-b2be224b8a21,
        _:307e586f-323b-4fb9-a859-54cbb7743fd8,
        [ a essentia:Maximum ;
            afo:value 1.963781e-01 ],
        [ a essentia:DerivativeMean ;
            afo:value 7.710516e-03 ],
        [ a essentia:Variance ;
            afo:value 3.248964e-04 ],
        [ a essentia:Mean ;
            afo:value 7.981188e-03 ],
        [ a essentia:SecondDerivativeVariance ;
            afo:value 1.54102e-03 ],
        [ a essentia:Minimum ;
            afo:value 2.333272e-08 ] .

_:3862e7e5-2de9-4e31-83c8-b7537aaf8cd1 rdf:first 3.83566e-08 ;
    rdf:rest ( 4.051901e-08 4.605807e-09 8.033705e-10 3.601482e-10 3.079748e-10 2.758941e-10 2.507761e-10 1.717121e-10 1.079949e-10 8.460539e-11 8.753647e-11 9.227441e-11 8.135751e-11 1.025533e-10 5.076314e-11 1.057632e-10 8.202795e-11 1.07136e-10 9.091072e-11 6.11986e-11 8.252306e-11 6.650938e-11 7.13128e-11 9.563907e-11 4.954763e-11 6.676061e-11 5.967608e-11 6.693452e-11 4.281463e-11 3.781469e-11 6.755581e-11 7.621501e-11 6.144017e-11 6.087585e-11 6.241161e-11 3.313237e-11 5.420451e-11 6.099418e-11 5.677907e-11 ) .

_:38cca72d-2eab-4068-918b-3973941afce4 a essentia:SecondDerivativeVariance ;
    afo:values ( 7.539996e-02 1.461111e-01 3.359564e-02 9.112756e-03 1.418725e-02 3.023587e-02 ) .

_:39063b68-3339-4aab-8eae-308283c8e043 a essentia:DerivativeVariance ;
    afo:values ( 2.178029e-02 3.848744e-02 9.393251e-03 2.72219e-03 3.784391e-03 8.455371e-03 ) .

_:39d03bb8-ada6-454f-b188-69292c8cc3f4 a essentia:Median ;
    afo:values _:201007c0-0bb3-49fc-a5ed-7bd3ebeb3a44 .

_:3abea901-7583-447a-a08a-59fbe318650c a essentia:InverseCovariance ;
    afo:dimensions ( 13 13 ) ;
    afo:values ( 9.301578e-05 1.024888e-04 7.381906e-05 -1.536867e-05 9.341454e-05 -2.275025e-04 1.096787e-04 1.646277e-05 1.216588e-05 -3.811361e-05 4.835349e-05 -5.70286e-05 1.275202e-04 1.024888e-04 4.222916e-04 2.757736e-05 6.706538e-05 -1.665583e-05 -1.465898e-04 1.703041e-04 -4.341293e-05 -1.216246e-04 -8.885798e-06 -5.051432e-05 -1.474763e-05 1.333194e-05 7.381906e-05 2.757736e-05 8.953686e-04 -5.915905e-04 -1.684506e-04 -1.502612e-04 6.851141e-05 2.092147e-04 3.296347e-04 -6.896613e-05 8.490602e-05 -4.349032e-05 2.596902e-06 -1.536867e-05 6.706538e-05 -5.915905e-04 2.757096e-03 -1.699337e-03 -2.955229e-04 6.659985e-05 -9.466144e-04 3.018103e-05 -2.255359e-04 5.107728e-04 -6.065117e-06 2.535186e-04 9.341454e-05 -1.665583e-05 -1.684506e-04 -1.699337e-03 6.664482e-03 -3.61197e-03 -1.024687e-03 2.703856e-03 -1.421508e-03 8.373686e-04 -1.942419e-03 8.844067e-04 -9.433724e-04 -2.275025e-04 -1.465898e-04 -1.502612e-04 -2.955229e-04 -3.61197e-03 8.910147e-03 -4.218725e-03 -1.857929e-03 9.861005e-04 4.511171e-04 7.661472e-04 -6.506906e-04 -7.48917e-04 1.096787e-04 1.703041e-04 6.851141e-05 6.659985e-05 -1.024687e-03 -4.218725e-03 1.131273e-02 -2.583592e-03 -2.022119e-03 -2.481319e-03 7.707262e-04 -3.873795e-04 1.173846e-03 1.646277e-05 -4.341293e-05 2.092147e-04 -9.466144e-04 2.703856e-03 -1.857929e-03 -2.583592e-03 8.22737e-03 -1.757699e-03 4.102437e-04 -3.390684e-03 7.274072e-04 -1.243094e-03 1.216588e-05 -1.216246e-04 3.296347e-04 3.018103e-05 -1.421508e-03 9.861005e-04 -2.022119e-03 -1.757699e-03 7.34424e-03 -1.52409e-03 2.359679e-03 -3.203583e-03 9.464394e-04 -3.811361e-05 -8.885798e-06 -6.896613e-05 -2.255359e-04 8.373686e-04 4.511171e-04 -2.481319e-03 4.102437e-04 -1.52409e-03 7.038865e-03 -2.863509e-03 3.819395e-03 -3.413686e-03 4.835349e-05 -5.051432e-05 8.490602e-05 5.107728e-04 -1.942419e-03 7.661472e-04 7.707262e-04 -3.390684e-03 2.359679e-03 -2.863509e-03 9.090725e-03 -5.182209e-03 4.922781e-03 -5.70286e-05 -1.474763e-05 -4.349032e-05 -6.065117e-06 8.844067e-04 -6.506906e-04 -3.873795e-04 7.274072e-04 -3.203583e-03 3.819395e-03 -5.182209e-03 1.277478e-02 -7.720115e-03 1.275202e-04 1.333194e-05 2.596902e-06 2.535186e-04 -9.433724e-04 -7.48917e-04 1.173846e-03 -1.243094e-03 9.464394e-04 -3.413686e-03 4.922781e-03 -7.720115e-03 1.490661e-02 ) .

_:3b9d9d8a-9bb7-457a-963c-bb3bfa059c5f a essentia:Variance ;
    afo:value 4.586171e-02 .

_:3bdcdb37-b166-4fdb-bb6f-b31d3c815ab6 a essentia:Mean ;
    afo:value 1.751012e-01 .

_:3c12ca87-7cd9-45d2-b79a-a44c21616f6c a essentia:Median ;
    afo:values ( 3.439338e-04 4.520032e-04 2.260589e-04 1.820097e-04 9.195917e-05 4.021823e-05 1.89866e-05 1.402159e-05 1.346111e-05 1.690002e-05 1.018637e-05 6.767861e-06 6.687443e-06 6.121789e-06 3.46182e-06 3.960863e-06 3.682697e-06 2.78084e-06 2.447056e-06 2.090172e-06 2.551354e-06 2.096027e-06 2.252824e-06 2.898837e-06 2.477261e-06 2.172773e-06 2.107764e-06 1.796823e-06 1.471446e-06 1.045743e-06 1.345677e-06 1.541755e-06 1.535601e-06 1.022436e-06 1.175487e-06 8.961114e-07 7.255747e-07 5.72122e-07 4.028585e-07 2.8824e-07 ) .

_:3d62b8b5-f635-4c6d-b856-8daf2d75ec06 a essentia:DerivativeVariance ;
    afo:value 4.680294e-06 .

_:3d7ff578-4ca6-4ae8-b042-4354d302d1fd a essentia:Energy ;
    event:time _:cc314794-9b36-4ae3-9987-818656b78614 ;
    afo:computed_by _:LowLevelExtractor ;
    afo:feature [ a essentia:SecondDerivativeVariance ;
            afo:value 2.471711e-03 ],
        [ a essentia:Median ;
            afo:value 1.531308e-02 ],
        [ a essentia:SecondDerivativeMean ;
            afo:value 2.81991e-02 ],
        [ a essentia:DerivativeMean ;
            afo:value 2.012344e-02 ],
        [ a essentia:Minimum ;
            afo:value 1.295315e-06 ],
        [ a essentia:Mean ;
            afo:value 4.404843e-02 ],
        [ a essentia:DerivativeVariance ;
            afo:value 1.486838e-03 ],
        [ a essentia:Variance ;
            afo:value 4.772333e-03 ],
        [ a essentia:Maximum ;
            afo:value 3.649488e-01 ] .

_:3dbf89f4-7c93-4ffc-8e3f-84943de04426 a essentia:Minimum ;
    afo:value -5.230966e-01 .

_:3dce5013-9cba-4795-9320-c05106801ee6 a essentia:Minimum ;
    afo:values _:150b2ba2-cab0-49d3-920e-8744ecd295c4 .

_:3dde906e-9eed-4b93-a8e3-661484731da5 rdf:first 1.319056e-05 ;
    rdf:rest ( 1.697384e-03 9.730129e-04 6.283137e-04 2.370831e-04 1.047844e-05 3.093361e-06 3.449089e-06 1.948019e-06 1.503684e-06 1.183607e-06 1.612279e-06 1.831524e-06 1.941917e-06 2.17824e-06 2.079653e-06 2.044595e-06 1.986519e-06 2.169745e-06 1.731231e-06 1.81935e-06 5.589899e-07 8.304553e-07 5.920944e-07 2.220421e-06 3.103327e-06 1.61028e-07 ) .

_:3e2178ed-3faf-48a3-8975-bd3968d9d702 a essentia:Mean ;
    afo:value 4.715841e-01 .

