@prefix afo: <https://w3id.org/afo/onto/1.1#> .
@prefix dc: <http://purl.org/dc/elements/1.1/> .
@prefix essentia: <http://sovarr.c4dm.eecs.qmul.ac.uk/af/essentia/> .
@prefix event: <http://purl.org/NET/c4dm/event.owl#> .
@prefix foaf: <http://xmlns.com/foaf/0.1/> .
@prefix mo: <http://purl.org/ontology/mo/> .
@prefix rdf: <http://www.w3.org/1999/02/22-rdf-syntax-ns#> .
@prefix rdfs: <http://www.w3.org/2000/01/rdf-schema#> .
@prefix tl: <http://purl.org/NET/c4dm/timeline.owl#> .
@prefix xml: <http://www.w3.org/XML/1998/namespace> .
@prefix xsd: <http://www.w3.org/2001/XMLSchema#> .

<http://musicbrainz.org/release/a615ab2e-c751-4c95-996c-e20e661318b9> a mo:Release ;
    dc:date "2002" ;
    dc:title "Campark Records: the Vocal Groups, Volume 3" ;
    mo:publisher [ a mo:Label ] ;
    mo:publishing_location "United Kingdom" ;
    mo:release_type mo:compilation ;
    mo:track <http://musicbrainz.org/recording/61cd906c-0472-4af2-9fe0-3bf2c12ed7d4> ;
    foaf:maker [ a mo:MusicArtist ;
            foaf:name "Bittersweets" ] .

<Bittersweets+-+Mark+My+Words.mp3> a mo:AudioFile ;
    mo:encodes [ a essentia:Signal ;
            mo:sample_rate "48000"^^xsd:interger ;
            mo:time _:80a1d926-a5e2-4bda-80fd-124a190b5026 ;
            essentia:bit_rate "128033"^^xsd:float ;
            essentia:codec "mp3"^^xsd:string ;
            essentia:downmix "mix"^^xsd:string ;
            essentia:equal_loudness "0"^^xsd:float ;
            essentia:lossless false ;
            essentia:md5_encoded "44d5e44c537660c5248245f8f259f59a"^^xsd:string ;
            essentia:replay_gain "-6.29729270935"^^xsd:float ] .

<http://musicbrainz.org/recording/61cd906c-0472-4af2-9fe0-3bf2c12ed7d4> a mo:Track ;
    dc:title "Mark My Words" ;
    mo:available_as <Bittersweets+-+Mark+My+Words.mp3> ;
    mo:genre [ a mo:Genre ;
            rdfs:label "R&B" ] ;
    mo:track_number "21/29" .

[] a mo:MusicArtist .

[] a essentia:VersionInfo .

_:0018789f-1090-4762-b414-3101ad98a50e a essentia:Mean ;
    afo:value 120 .

_:00d5513f-1c5c-4d51-8479-6c720d280401 a essentia:SecondDerivativeVariance ;
    afo:value 1.219918e-02 .

_:011dc811-add9-4328-b193-c154ed610f25 a essentia:DerivativeVariance ;
    afo:value 5.697066e-05 .

_:01641dc1-b90a-4327-a6e2-884105cf303e rdf:first 1.718243e-22 ;
    rdf:rest ( 2.569212e-21 1.701625e-20 1.9781e-20 4.722668e-20 9.312597e-20 8.90384e-20 2.414303e-19 3.071721e-19 4.20126e-19 4.733818e-19 3.672308e-18 2.82433e-18 2.687185e-18 2.603324e-18 4.439099e-18 6.074475e-18 6.830408e-18 8.219321e-18 1.150524e-17 5.275835e-18 8.486659e-18 8.073493e-18 7.051012e-18 7.73865e-18 1.232671e-17 1.397989e-17 2.090822e-17 2.392713e-17 2.097474e-17 2.5193e-17 1.924366e-17 1.320994e-17 1.535825e-17 1.18849e-17 5.821365e-18 4.10031e-18 1.205818e-18 3.440357e-19 3.847982e-20 ) .

_:01670b2d-ffef-47ff-ae40-5fc7680f5e70 a essentia:SecondDerivativeMean ;
    afo:value 2.605667e-01 .

_:016ce157-1ad5-4283-b107-697158733674 a essentia:Maximum ;
    afo:value 1.226897e+02 .

_:01a2a505-2d46-41c7-8a3b-3d3af99ef9c7 rdf:first 3.1206e-01 ;
    rdf:rest ( 2.858389e-01 1.711463e-01 1.980658e-01 1.76377e-01 8.903676e-02 ) .

_:01ad7c62-d50b-4bca-bfaf-df77b9039fb8 a essentia:Dissonance ;
    event:time _:80a1d926-a5e2-4bda-80fd-124a190b5026 ;
    afo:computed_by _:LowLevelExtractor ;
    afo:feature [ a essentia:Mean ;
            afo:value 4.697353e-01 ],
        [ a essentia:DerivativeMean ;
            afo:value 1.555307e-02 ],
        [ a essentia:Minimum ;
            afo:value 2.872298e-01 ],
        [ a essentia:Variance ;
            afo:value 4.652338e-04 ],
        [ a essentia:Median ;
            afo:value 4.743746e-01 ],
        [ a essentia:Maximum ;
            afo:value 5e-01 ],
        [ a essentia:DerivativeVariance ;
            afo:value 2.019617e-04 ],
        [ a essentia:SecondDerivativeVariance ;
            afo:value 5.536304e-04 ],
        [ a essentia:SecondDerivativeMean ;
            afo:value 2.629091e-02 ] .

_:040495cd-112b-4622-ab48-68aee164e34e a essentia:Variance ;
    afo:value 5.029702e-01 .

_:04834167-ebaa-4b38-9345-5095dc274ec6 a essentia:SecondDerivativeVariance ;
    afo:value 3.375834e+00 .

_:0528fd49-006b-4986-86cc-ad718649ee8f rdf:first 8.65559e-04 ;
    rdf:rest ( 6.819451e-04 4.786647e-04 6.412694e-04 3.243791e-04 1.786865e-04 1.569297e-04 1.141004e-04 6.420948e-05 4.682593e-05 4.954718e-05 2.743604e-05 3.082049e-05 1.687945e-05 2.436353e-05 2.613744e-05 2.397472e-05 2.388852e-05 2.773695e-05 2.657491e-05 1.047313e-05 8.498552e-06 9.526e-06 8.311276e-06 5.528628e-06 3.342708e-06 3.905643e-06 7.198017e-06 5.813962e-06 3.226214e-06 1.844733e-06 8.887221e-07 5.845969e-07 4.80963e-07 5.909856e-07 8.239492e-07 9.122431e-07 7.408904e-07 5.770706e-07 3.096748e-07 ) .

_:070877b2-5d4e-4876-a24b-39bab0ed854d a essentia:SecondDerivativeMean ;
    afo:value 0 .

_:070f5bfc-ef8c-4c43-83b8-cb6f09c47650 a essentia:DerivativeVariance ;
    afo:values ( 5.347509e-02 4.089094e-02 3.444653e-02 2.316571e-02 2.315203e-02 2.93054e-02 3.641798e-02 4.453611e-02 4.412207e-02 5.058715e-02 4.302846e-02 3.566081e-02 2.713382e-02 1.907672e-02 1.424503e-02 1.83404e-02 1.804398e-02 1.50622e-02 9.841458e-03 7.137401e-03 1.106499e-02 2.187999e-02 2.035733e-02 2.600928e-02 7.52425e-02 2.563234e-02 1.325853e-02 1.448042e-02 1.555741e-02 2.292165e-02 7.545435e-02 7.567652e-02 6.654093e-02 8.102224e-02 6.001893e-02 7.448561e-02 ) .

_:0715212a-69ff-4b07-befe-b2109ee22aea a essentia:BarkBands ;
    event:time _:80a1d926-a5e2-4bda-80fd-124a190b5026 ;
    afo:computed_by _:LowLevelExtractor ;
    afo:feature [ a essentia:Skewness ;
            afo:feature [ a essentia:Maximum ;
                    afo:value 2.528656e+01 ],
                [ a essentia:DerivativeVariance ;
                    afo:value 5.939692e-01 ],
                [ a essentia:DerivativeMean ;
                    afo:value 5.661729e-01 ],
                [ a essentia:Variance ;
                    afo:value 1.952357e+00 ],
                [ a essentia:SecondDerivativeVariance ;
                    afo:value 1.71489e+00 ],
                [ a essentia:Median ;
                    afo:value 1.326085e+00 ],
                [ a essentia:SecondDerivativeMean ;
                    afo:value 8.977888e-01 ],
                [ a essentia:Mean ;
                    afo:value 1.476284e+00 ],
                [ a essentia:Minimum ;
                    afo:value -2.090753e+00 ] ] .

_:08918fd2-aeaa-4c9c-9369-0c063e46457d a essentia:DerivativeVariance ;
    afo:value 8.474206e-05 .

_:092e7b39-be88-4a5c-817f-4e58faef3847 a essentia:ChordsScale ;
    event:time _:80a1d926-a5e2-4bda-80fd-124a190b5026 ;
    afo:value "major" .

_:09bafb23-07a0-47b6-af23-4c838101996f a essentia:DerivativeVariance ;
    afo:value 408173871104 .

_:0a86e63c-867a-43bf-9150-29765c5040b9 a essentia:DerivativeMean ;
    afo:value 1.697987e-09 .

_:0ae1cdc2-aea6-4fe5-a66c-6d85bc29ae30 a essentia:Mean ;
    afo:value 1.072224e+00 .

_:0b96b1eb-66dd-472d-8b23-1d9f360bb2dd a essentia:Median ;
    afo:value 5.854185e-04 .

_:0bf8e890-43e8-4f1c-89b7-64f0b6483a27 a essentia:DerivativeMean ;
    afo:values ( 7.894434e-04 4.955793e-04 5.873117e-04 9.81497e-04 2.676542e-04 1.585117e-04 1.576151e-04 1.407829e-04 8.895457e-05 8.323975e-05 1.18174e-04 6.826908e-05 7.39351e-05 3.797836e-05 6.052263e-05 5.559411e-05 4.795718e-05 3.899287e-05 3.707682e-05 4.583283e-05 1.547385e-05 1.329943e-05 1.388216e-05 9.441625e-06 8.224812e-06 3.703166e-06 3.631118e-06 6.666831e-06 6.61021e-06 3.58358e-06 1.809379e-06 1.064328e-06 8.003339e-07 6.886991e-07 6.430074e-07 7.645467e-07 7.436513e-07 6.105502e-07 4.332981e-07 2.243953e-07 ) .

_:0cb1a277-51f1-48aa-9f15-dfcb021f05f0 a essentia:DerivativeVariance ;
    afo:value 1.451785e+01 .

_:0cb99244-6d01-4a4e-a962-305606eea1cf a essentia:DerivativeVariance ;
    afo:value 0 .

_:0d523e05-bf7f-4b6c-9b13-2c2e932d6025 a essentia:Minimum ;
    afo:value 0 .

_:0d52ba32-153c-47e0-a076-5b4afa0d1dad a essentia:Minimum ;
    afo:value 1 .

_:0dbf9aa7-90c1-4525-ae48-a9c582c930b5 rdf:first 6.241441e-01 ;
    rdf:rest ( 5.612066e-01 5.141661e-01 4.252036e-01 3.110036e-01 2.917216e-01 ) .

_:0de9e867-d187-40f7-b943-ca908ed3d05c a essentia:DerivativeVariance ;
    afo:value 5.930488e-01 .

_:0df018c2-226e-417c-a69e-c575528777fb a essentia:DerivativeMean ;
    afo:values ( 1.050467e-01 4.685723e-01 9.447533e-01 2.050728e+00 1.247402e+01 1.212861e+01 5.893739e+00 6.841489e+00 1.094509e+01 1.268495e+01 1.126298e+01 1.183755e+01 2.326007e+01 1.65877e+01 1.930317e+01 1.543935e+01 2.764996e+01 2.425644e+01 2.394854e+01 3.266056e+01 1.549955e+01 1.222533e+01 1.077303e+01 9.206992e+00 4.459651e+00 8.151624e+00 8.290236e+00 3.569141e+00 1.712214e+00 1.205682e+00 1.099441e+00 1.154396e+00 7.60186e-01 2.946754e-01 8.815535e-02 4.181811e-02 4.759666e-03 9.82487e-05 6.750482e-06 7.643172e-06 ) .

_:0e567a61-ed88-44aa-9def-ca2feaf94c8c a essentia:Median ;
    afo:value 5.429307e-01 .

_:0f1e062a-78de-49be-b5a5-5793cc23129f a essentia:Median ;
    afo:value 1.853139e+01 .

_:0f7c9bbd-7544-4126-bbb2-551f6b24821a a essentia:DynamicComplexity ;
    event:time _:80a1d926-a5e2-4bda-80fd-124a190b5026 ;
    afo:value 3.458979e+00 .

_:0faf677b-f132-4018-82b7-374f6613bdc5 rdf:first 1.615889e-02 ;
    rdf:rest ( 4.293016e-01 2.335015e+00 1.045231e+01 6.076855e+02 3.037096e+02 6.405191e+01 1.139876e+02 3.113974e+02 5.140781e+02 5.336136e+02 7.593685e+02 2.633098e+03 1.489794e+03 2.061667e+03 1.903097e+03 5.20424e+03 3.458204e+03 2.590751e+03 5.793583e+03 1.048497e+03 9.027247e+02 3.545504e+02 4.498058e+02 1.079756e+02 2.495684e+02 3.128801e+02 3.646612e+01 1.043088e+01 6.507296e+00 5.492609e+00 4.66025e+00 1.815852e+00 2.268116e-01 2.30127e-02 5.744971e-03 6.625394e-05 2.687012e-08 7.969328e-11 6.866701e-11 ) .

_:101084cb-4ba2-4db6-9745-2406af237f8c a essentia:DerivativeVariance ;
    afo:value 7.582512e+00 .

_:1038417b-fd30-4e15-8a2f-6bc5725e804c a essentia:SecondDerivativeMean ;
    afo:value 1.917545e+00 .

_:10a301e1-6275-4962-b5a1-f6ded25174a4 a essentia:SecondDerivativeVariance ;
    afo:value 4.511468e-05 .

_:123fb135-9f81-460a-9e98-a1777615f09b a essentia:Mean ;
    afo:value 4.590164e-01 .

_:12aa5cbb-0535-41a7-be50-daef4a6ac5aa a essentia:SecondDerivativeMean ;
    afo:values _:01a2a505-2d46-41c7-8a3b-3d3af99ef9c7 .

_:12c106b3-89cf-4e3a-baa2-783a68c8bf39 rdf:first -7.087207e+00 ;
    rdf:rest ( -6.712321e+00 -7.393795e+00 -7.520386e+00 -7.47347e+00 -1.003467e+01 ) .

_:12d3d8e4-2b87-4449-9a5d-ec5ee6ddb57f a essentia:Variance ;
    afo:value 9.986816e-04 .

_:12ecaaff-8d4d-4b5e-931a-6083670f7ab7 a essentia:Median ;
    afo:values _:0528fd49-006b-4986-86cc-ad718649ee8f .

_:12f36c2d-6965-4dbd-9fa5-0ed132eca9b8 a essentia:Maximum ;
    afo:value 6.4266e-01 .

_:132ce808-8be9-438a-bdbe-b9a638f63e8c a essentia:BeatsLoudness ;
    event:time _:80a1d926-a5e2-4bda-80fd-124a190b5026 ;
    afo:computed_by _:LowLevelExtractor ;
    afo:feature _:08918fd2-aeaa-4c9c-9369-0c063e46457d,
        [ a essentia:Maximum ;
            afo:value 7.225291e-02 ],
        [ a essentia:SecondDerivativeMean ;
            afo:value 2.161541e-02 ],
        [ a essentia:Minimum ;
            afo:value 1.71215e-06 ],
        [ a essentia:SecondDerivativeVariance ;
            afo:value 2.36366e-04 ],
        [ a essentia:Variance ;
            afo:value 2.035612e-04 ],
        [ a essentia:Median ;
            afo:value 3.566517e-02 ],
        [ a essentia:Mean ;
            afo:value 3.521624e-02 ],
        [ a essentia:DerivativeMean ;
            afo:value 1.190695e-02 ] .

_:134be2f8-ca3b-4e5a-b64f-f049cfb2b137 a essentia:SecondDerivativeVariance ;
    afo:value 6.628905e-01 .

_:1393d2c9-9ec7-4776-a1f1-b3b10e58e54b a essentia:Mean ;
    afo:value 9.412241e-01 .

_:139d9a14-3326-46fc-88d0-4116a87ac69b a essentia:Mean ;
    afo:value 1 .

_:148394ee-e686-480c-a7cc-dcdd4730f3a4 a essentia:Variance ;
    afo:value 2.488238e+00 .

_:14e5b1d5-7c37-4488-b5ab-2b7e7e5cb615 a essentia:Centroid ;
    event:time _:80a1d926-a5e2-4bda-80fd-124a190b5026 ;
    afo:computed_by _:LowLevelExtractor ;
    afo:feature [ a essentia:DerivativeVariance ;
            afo:value 7.37128e+04 ],
        [ a essentia:Mean ;
            afo:value 1.334255e+03 ],
        [ a essentia:SecondDerivativeVariance ;
            afo:value 1.475469e+05 ],
        [ a essentia:DerivativeMean ;
            afo:value 2.478939e+02 ],
        [ a essentia:Maximum ;
            afo:value 1.072119e+04 ],
        [ a essentia:Variance ;
            afo:value 3.816564e+05 ],
        [ a essentia:Median ;
            afo:value 1.300657e+03 ],
        [ a essentia:SecondDerivativeMean ;
            afo:value 3.729232e+02 ],
        [ a essentia:Minimum ;
            afo:value 1.154431e+02 ] .

_:14ed31e1-c40e-4997-b86c-e509aee44a80 rdf:first 4.457859e-02 ;
    rdf:rest ( 1.252329e+00 6.05344e+00 2.695715e+01 1.741402e+03 8.640096e+02 1.59035e+02 2.962462e+02 7.616479e+02 1.142559e+03 1.304446e+03 1.942367e+03 6.814738e+03 3.32597e+03 5.149203e+03 3.911031e+03 1.152613e+04 8.773385e+03 5.528332e+03 1.390907e+04 2.377592e+03 2.294875e+03 9.007009e+02 1.139249e+03 2.734394e+02 5.958333e+02 7.102153e+02 8.163345e+01 2.148913e+01 1.29697e+01 1.000071e+01 9.232951e+00 3.670668e+00 4.546446e-01 4.447364e-02 1.284397e-02 1.606595e-04 6.217699e-08 1.503738e-10 1.631875e-10 ) .

_:15867d3f-0397-43e5-b4ae-1c4321962c67 a essentia:Median ;
    afo:value 2.216607e+01 .

_:15d46e8b-876e-49e5-8544-ae3bde8e4b6e a essentia:SecondDerivativeMean ;
    afo:value 1.065763e-02 .

_:15dc62fd-df05-485e-9ea4-216f12aa85b8 a essentia:Energy ;
    event:time _:80a1d926-a5e2-4bda-80fd-124a190b5026 ;
    afo:computed_by _:LowLevelExtractor ;
    afo:feature _:15d46e8b-876e-49e5-8544-ae3bde8e4b6e,
        [ a essentia:SecondDerivativeVariance ;
            afo:value 1.394317e-04 ],
        [ a essentia:Mean ;
            afo:value 2.731377e-02 ],
        [ a essentia:DerivativeMean ;
            afo:value 6.659274e-03 ],
        [ a essentia:Maximum ;
            afo:value 9.538716e-02 ],
        [ a essentia:Minimum ;
            afo:value 1.111005e-20 ],
        [ a essentia:Variance ;
            afo:value 2.138381e-04 ],
        [ a essentia:DerivativeVariance ;
            afo:value 5.515726e-05 ],
        [ a essentia:Median ;
            afo:value 2.734673e-02 ] .

_:16025d00-7a65-4506-bb1b-b9bd88aa0c04 a essentia:Maximum ;
    afo:value 4.138971e+00 .

_:164b61bc-8fec-46cf-8680-67c208848c3b a essentia:DerivativeVariance ;
    afo:value 2.752411e-02 .

_:1835f837-01b7-450c-bb64-1df0621fba92 a essentia:DerivativeVariance ;
    afo:value 1.404977e-04 .

_:18c0d174-e33c-4ec6-aa13-3a779c1c94f3 a essentia:Variance ;
    afo:value 1.128249e+02 .

_:1913d220-9c41-464d-910b-0929c41021b4 a essentia:Entropy ;
    event:time _:80a1d926-a5e2-4bda-80fd-124a190b5026 ;
    afo:computed_by _:LowLevelExtractor ;
    afo:feature [ a essentia:DerivativeMean ;
            afo:value 1.312247e-01 ],
        [ a essentia:Minimum ;
            afo:value 5.039158e+00 ],
        [ a essentia:Maximum ;
            afo:value 9.795462e+00 ],
        [ a essentia:SecondDerivativeMean ;
            afo:value 1.922664e-01 ],
        [ a essentia:SecondDerivativeVariance ;
            afo:value 3.453254e-02 ],
        [ a essentia:Median ;
            afo:value 7.627388e+00 ],
        [ a essentia:Mean ;
            afo:value 7.60141e+00 ],
        [ a essentia:Variance ;
            afo:value 1.112068e-01 ],
        [ a essentia:DerivativeVariance ;
            afo:value 1.760678e-02 ] .

_:19557af9-5101-41c4-a908-8a9d5ed924ed a essentia:DerivativeVariance ;
    afo:value 1.664464e-05 .

_:19ea8259-8e3d-4117-b57e-1afa47f89530 a essentia:Median ;
    afo:value 5.67649e-01 .

_:1a0f1cea-928e-43fc-b5e8-c06893a29d10 a essentia:DerivativeMean ;
    afo:value 8.43604e-03 .

_:1a2d4fec-3ec8-4ca1-88f1-76d8bf54a812 a essentia:Maximum ;
    afo:value 4.994121e-01 .

_:1bb57342-5452-49f7-bd54-09b4d9f11fdc a essentia:Variance ;
    afo:value 2.994005e+01 .

_:1bdbff83-8b67-47ff-b9a4-d1c7f060d1b5 a essentia:Median ;
    afo:values ( 3.898242e-04 2.851134e-03 9.232847e-04 5.489901e-04 3.297765e-03 8.578892e-04 6.858802e-04 4.90021e-04 3.048031e-04 2.817981e-04 2.141041e-04 1.236057e-04 2.905551e-04 2.3605e-04 3.922677e-04 2.507145e-04 1.606249e-04 1.756987e-04 1.089992e-04 2.123768e-04 1.409299e-04 3.965486e-05 3.854066e-05 7.107423e-05 2.80349e-05 6.529256e-06 3.503242e-10 ) .

_:1ceed8b7-d7e8-45f2-a756-1f233de5fccc a essentia:SecondDerivativeVariance ;
    afo:value 6.21305e-07 .

_:1d3e7ef4-f125-459b-afc7-507efb6d3ed2 a essentia:SecondDerivativeVariance ;
    afo:values ( 6.46294e-03 3.609489e-03 2.494334e-03 1.720167e-03 7.50244e-04 4.086783e-04 ) .

_:1d6027f7-a901-450e-8265-78cc2c672962 a essentia:DerivativeVariance ;
    afo:value 1.350707e-04 .

_:1da8be24-94ca-4d49-9996-8f80af0f7047 a essentia:Median ;
    afo:value 120 .

_:1e6688f7-433c-4e26-ba1a-179deee13938 a essentia:DerivativeMean ;
    afo:value 2.572825e-02 .

_:1ecbba2c-f8f1-4361-9c5c-88f760b9723d a essentia:DerivativeVariance ;
    afo:value 0 .

_:1f2633ec-73f6-4ae8-9b9d-23437917d7dd a essentia:SilenceRate ;
    event:time _:80a1d926-a5e2-4bda-80fd-124a190b5026 ;
    afo:computed_by _:LowLevelExtractor ;
    afo:feature _:0d52ba32-153c-47e0-a076-5b4afa0d1dad,
        [ a essentia:SecondDerivativeMean ;
            afo:value 0 ],
        [ a essentia:Maximum ;
            afo:value 1 ],
        [ a essentia:Variance ;
            afo:value 0 ],
        [ a essentia:Median ;
            afo:value 1 ],
        [ a essentia:DerivativeMean ;
            afo:value 0 ],
        [ a essentia:SecondDerivativeVariance ;
            afo:value 0 ],
        [ a essentia:DerivativeVariance ;
            afo:value 0 ],
        [ a essentia:Mean ;
            afo:value 1 ] .

_:1f55ae59-cdf2-4446-8d29-54e210bff371 a essentia:SecondDerivativeVariance ;
    afo:values ( 2.290359e-06 2.804152e-05 6.450389e-06 6.195301e-06 1.330684e-04 3.287362e-06 3.117703e-06 3.152374e-06 7.200392e-06 4.676988e-06 4.461888e-06 1.738538e-06 5.94914e-06 3.298554e-06 2.736661e-06 3.373274e-06 1.17767e-06 3.041507e-07 1.932468e-07 2.482356e-07 2.045338e-07 1.484411e-08 1.170764e-08 1.396095e-08 1.759262e-09 2.181226e-10 1.270386e-17 ) .

_:2082c7cc-5243-4ea8-96b8-179699c8cfb0 a essentia:Median ;
    afo:value 1.309804e-01 .

_:20935554-4e90-4988-baca-456884407703 rdf:first 2.259976e-01 ;
    rdf:rest ( 2.246501e-01 1.42513e-01 7.28785e-02 6.066782e-02 8.932803e-02 1.611849e-01 2.064361e-01 2.509747e-01 3.4235e-01 3.173235e-01 1.779027e-01 8.970518e-02 6.404211e-02 6.745537e-02 1.045658e-01 1.169075e-01 8.215723e-02 5.446662e-02 4.511033e-02 6.932273e-02 1.300388e-01 1.433638e-01 1.871044e-01 2.568122e-01 1.708202e-01 7.64891e-02 7.936427e-02 8.258258e-02 1.265857e-01 3.010888e-01 3.968856e-01 2.85711e-01 1.698897e-01 1.40536e-01 1.729919e-01 ) .

_:20c66ea8-5b9b-4e71-a68a-0d81b13eb330 a essentia:Median ;
    afo:value 4.886211e-01 .

_:214f098c-7c70-43a4-a598-0c4ef50f1c09 a essentia:Variance ;
    afo:value 9.070243e+00 .

_:217a54b3-dcb0-4757-b1d8-80d633cd84f6 a essentia:SecondDerivativeVariance ;
    afo:value 1.581259e-04 .

_:2193f14b-b88b-4d76-bb7e-5ba21da58dcb a essentia:SecondDerivativeMean ;
    afo:value 3.326157e-03 .

_:21a60d6b-9ac2-4174-a152-ab5f198a9231 a essentia:SecondDerivativeMean ;
    afo:value 6.342608e+00 .

_:222e2bc5-7a36-4913-bc61-d42e4f449372 a essentia:DerivativeVariance ;
    afo:value 5.390266e+01 .

_:227f2498-7f6e-4da3-84ff-637fcbf1d12d rdf:first 1.024742e+00 ;
    rdf:rest ( 1.004437e+00 1.1637e+00 1.110992e+00 1.185491e+00 1.398823e+00 ) .

_:242e4613-85fb-4755-8f22-24a4bcf22147 a essentia:DerivativeVariance ;
    afo:value 0 .

_:24658551-6105-43a2-b3c1-6075aac146db a essentia:DerivativeMean ;
    afo:value 1.646326e-01 .

_:249cb9f7-8d9a-4cb0-871c-d3dc5e855e92 a essentia:DerivativeMean ;
    afo:value 0 .

_:25945d85-ec55-442e-84fe-125bb8bc1d80 a essentia:DerivativeVariance ;
    afo:value 0 .

_:268a4f1d-a91d-4ccc-893a-77ca54e30b1d a essentia:Mean ;
    afo:value 1.586215e-01 .

_:26fa0ede-40b5-48bd-91a7-0c18afadfa7a a essentia:SecondDerivativeVariance ;
    afo:value 480174014464 .

_:274f47e6-a28e-4b4c-b374-a593463e6c66 a essentia:Mean ;
    afo:value 2.442804e-01 .

_:278b3295-f269-4915-85d9-331a2693eae8 a essentia:DerivativeMean ;
    afo:value 1.884301e-02 .

_:27e42bcf-758a-4deb-8877-0844357206b7 a essentia:DerivativeMean ;
    afo:value 5.40548e+00 .

_:27f07125-8d70-4d78-848b-f0e9c5b32e4b a essentia:Minimum ;
    afo:value 4.590164e-01 .

_:28e9ce2e-0121-47a7-8abd-0ffc122ae7c9 a essentia:Median ;
    afo:value 3.407461e+00 .

_:28fc6444-bbcf-4a52-9d85-14a24e5f1708 a essentia:DerivativeMean ;
    afo:value 3.645386e+00 .

_:29c942e2-b641-4752-9db4-92836e6a209d a essentia:DerivativeMean ;
    afo:value 0 .

_:2a44e78d-cab4-4fda-b9ab-6e445a7b6e10 a essentia:SilenceRate ;
    event:time _:80a1d926-a5e2-4bda-80fd-124a190b5026 ;
    afo:computed_by _:LowLevelExtractor ;
    afo:feature _:139d9a14-3326-46fc-88d0-4116a87ac69b,
        _:242e4613-85fb-4755-8f22-24a4bcf22147,
        _:29c942e2-b641-4752-9db4-92836e6a209d,
        [ a essentia:Median ;
            afo:value 1 ],
        [ a essentia:Maximum ;
            afo:value 1 ],
        [ a essentia:SecondDerivativeMean ;
            afo:value 0 ],
        [ a essentia:SecondDerivativeVariance ;
            afo:value 0 ],
        [ a essentia:Variance ;
            afo:value 0 ],
        [ a essentia:Minimum ;
            afo:value 1 ] .

_:2a4c0d3b-cefe-490a-92f1-d70feca218c9 rdf:first 2.609164e-06 ;
    rdf:rest ( 1.490028e-06 2.487839e-06 9.05388e-06 2.91119e-07 1.472228e-07 1.529704e-07 1.416696e-07 8.680104e-08 1.200013e-07 1.723039e-07 5.985648e-08 8.841629e-08 2.194449e-08 5.954889e-08 4.208892e-08 3.375556e-08 1.657154e-08 1.270225e-08 3.360538e-08 2.421692e-09 2.634013e-09 3.544419e-09 7.643274e-10 1.046254e-09 1.380301e-10 1.728189e-10 4.743843e-10 4.967736e-10 1.33556e-10 1.923586e-11 8.824554e-12 5.722283e-12 5.202715e-12 3.508369e-12 5.016217e-12 4.035896e-12 2.717946e-12 1.117406e-12 3.07848e-13 ) .

_:2abade5d-b4c9-4cc9-9b9e-a76402e74d7a a essentia:StrongPeak ;
    event:time _:80a1d926-a5e2-4bda-80fd-124a190b5026 ;
    afo:computed_by _:LowLevelExtractor ;
    afo:feature _:04834167-ebaa-4b38-9345-5095dc274ec6,
        _:0ae1cdc2-aea6-4fe5-a66c-6d85bc29ae30,
        _:148394ee-e686-480c-a7cc-dcdd4730f3a4,
        _:20c66ea8-5b9b-4e71-a68a-0d81b13eb330,
        [ a essentia:DerivativeVariance ;
            afo:value 1.370854e+00 ],
        [ a essentia:DerivativeMean ;
            afo:value 6.803288e-01 ],
        [ a essentia:Minimum ;
            afo:value 0 ],
        [ a essentia:Maximum ;
            afo:value 1.342936e+01 ],
        [ a essentia:SecondDerivativeMean ;
            afo:value 1.15674e+00 ] .

_:2ba1e348-550d-4a94-9bb4-69afa121ddd0 a essentia:Mean ;
    afo:value 2e-01 .

_:2d70ec68-ffb4-4e51-bab5-684a2dd477c1 a essentia:Variance ;
    afo:value 6.215021e-02 .

_:2da27a48-2201-4eee-a904-fa41e6cd046f a tl:Timeline ;
    tl:interval _:80a1d926-a5e2-4bda-80fd-124a190b5026 .

_:2dc63e13-058c-4c8c-9581-41fbd4094117 a essentia:Mean ;
    afo:value 8.424252e-02 .

_:2e30ecdb-23bb-42c5-a20e-0c695146c0d6 a essentia:ChordsHistogram ;
    event:time _:80a1d926-a5e2-4bda-80fd-124a190b5026 ;
    afo:value ( 4.260355e+01 9.812623e+00 1.084813e+01 2.021696e+00 1.972387e-01 0 0 0 4.43787e-01 0 9.861933e-01 0 0 0 0 6.311637e+00 0 0 0 0 0 4.930966e-01 2.149901e+01 4.783038e+00 ) .

_:2e5b718c-224d-4cbb-b845-390a86fd93ed a essentia:Mean ;
    afo:values _:12c106b3-89cf-4e3a-baa2-783a68c8bf39 .

_:2f7210ae-966b-4777-991d-0263a54cf214 a essentia:SecondDerivativeVariance ;
    afo:value 7.131912e+02 .

_:2fbaf639-75c3-4294-b8b9-d33e91fc4f85 a essentia:Maximum ;
    afo:values ( 1.43281e+00 6.37032e+00 2.619412e+01 4.836758e+01 2.336772e+02 1.840568e+02 1.347476e+02 1.950049e+02 2.685394e+02 3.914994e+02 5.723432e+02 5.082217e+02 1.027953e+03 9.573856e+02 8.451865e+02 1.90006e+03 2.751873e+03 1.357843e+03 1.140081e+03 1.647359e+03 5.76068e+02 6.322924e+02 2.769093e+02 4.664394e+02 4.303559e+02 3.779124e+02 4.283608e+02 1.327771e+02 5.608828e+01 4.487191e+01 5.844035e+01 4.199827e+01 2.613929e+01 1.068936e+01 3.070226e+00 1.549686e+00 1.573661e-01 3.25012e-03 1.841314e-04 1.163298e-04 ) .

_:2fbc57ce-6f5e-4c45-8012-937a7ce80fbc a essentia:ZeroCrossingRate ;
    event:time _:80a1d926-a5e2-4bda-80fd-124a190b5026 ;
    afo:computed_by _:LowLevelExtractor ;
    afo:feature _:1835f837-01b7-450c-bb64-1df0621fba92,
        _:1a0f1cea-928e-43fc-b5e8-c06893a29d10,
        [ a essentia:Maximum ;
            afo:value 7.758789e-01 ],
        [ a essentia:Variance ;
            afo:value 9.620179e-04 ],
        [ a essentia:Minimum ;
            afo:value 9.765625e-04 ],
        [ a essentia:SecondDerivativeMean ;
            afo:value 9.962721e-03 ],
        [ a essentia:Mean ;
            afo:value 5.612465e-02 ],
        [ a essentia:Median ;
            afo:value 5.419922e-02 ],
        [ a essentia:SecondDerivativeVariance ;
            afo:value 1.658422e-04 ] .

_:2ff5227e-ebe2-405b-aa96-f0355af90c79 a essentia:Median ;
    afo:values ( -6.491811e-01 -7.458984e-01 -7.79717e-01 -7.653632e-01 -7.981703e-01 -7.705643e-01 ) .

_:2ff7efeb-52ea-4dc4-8c4b-96e0b6f481d6 a essentia:SecondDerivativeMean ;
    afo:value 4.168567e+00 .

_:3063a826-226b-4674-8475-753201712b8e a essentia:Maximum ;
    afo:value 7.782494e-01 .

_:3077d63f-0512-4a20-a242-76b04516eeea a essentia:ERBBands ;
    event:time _:80a1d926-a5e2-4bda-80fd-124a190b5026 ;
    afo:computed_by _:LowLevelExtractor ;
    afo:feature _:0df018c2-226e-417c-a69e-c575528777fb,
        _:2fbaf639-75c3-4294-b8b9-d33e91fc4f85,
        [ a essentia:Minimum ;
            afo:values _:01641dc1-b90a-4327-a6e2-884105cf303e ],
        [ a essentia:SecondDerivativeVariance ;
            afo:values _:14ed31e1-c40e-4997-b86c-e509aee44a80 ],
        [ a essentia:Mean ;
            afo:values ( 1.648352e-01 7.868236e-01 1.780401e+00 3.218243e+00 1.625733e+01 1.863746e+01 1.075346e+01 1.327538e+01 2.086917e+01 2.257463e+01 1.866827e+01 1.963853e+01 3.954745e+01 3.378072e+01 3.483429e+01 2.899923e+01 4.730721e+01 4.600682e+01 4.813506e+01 5.840088e+01 3.010973e+01 2.368925e+01 2.104324e+01 1.772886e+01 9.744303e+00 1.852967e+01 2.024405e+01 8.524024e+00 3.37131e+00 2.321843e+00 2.445812e+00 2.781788e+00 1.942098e+00 7.823572e-01 2.267419e-01 1.015401e-01 1.060445e-02 2.363569e-04 2.880008e-05 3.476025e-05 ) ],
        [ a essentia:DerivativeVariance ;
            afo:values _:0faf677b-f132-4018-82b7-374f6613bdc5 ],
        [ a essentia:Variance ;
            afo:values ( 3.433624e-02 7.579848e-01 5.292766e+00 1.430097e+01 7.959696e+02 4.304476e+02 1.326388e+02 2.625475e+02 8.218276e+02 1.262141e+03 9.542783e+02 1.359765e+03 5.530384e+03 4.828509e+03 5.041435e+03 5.937338e+03 1.318578e+04 9.720408e+03 8.475401e+03 1.270246e+04 2.622885e+03 2.405151e+03 8.515952e+02 9.27585e+02 1.945085e+02 7.184849e+02 1.146144e+03 1.372319e+02 2.326413e+01 1.609005e+01 1.70779e+01 1.578037e+01 7.652969e+00 1.056538e+00 9.448896e-02 2.045915e-02 2.106475e-04 9.802078e-08 5.158688e-10 3.524211e-10 ) ],
        [ a essentia:Median ;
            afo:values ( 9.889994e-02 5.147485e-01 1.046292e+00 2.015262e+00 4.713841e+00 1.13507e+01 7.445697e+00 7.741989e+00 1.026999e+01 1.080824e+01 8.809291e+00 8.081413e+00 1.026156e+01 7.863985e+00 9.453924e+00 7.738468e+00 1.348964e+01 1.482572e+01 1.75607e+01 2.345151e+01 1.255524e+01 9.362385e+00 1.104073e+01 7.525868e+00 5.374579e+00 1.009948e+01 8.282892e+00 4.108948e+00 1.644961e+00 9.641398e-01 1.183642e+00 1.490516e+00 1.069609e+00 4.606765e-01 1.280984e-01 5.311466e-02 5.614201e-03 1.300872e-04 2.399435e-05 3.493413e-05 ) ],
        [ a essentia:SecondDerivativeMean ;
            afo:values ( 1.714358e-01 8.095894e-01 1.57064e+00 3.429992e+00 2.095299e+01 2.078137e+01 9.592019e+00 1.094597e+01 1.730812e+01 1.985277e+01 1.829653e+01 1.935647e+01 3.750601e+01 2.477065e+01 3.049964e+01 2.431716e+01 4.342544e+01 3.733542e+01 3.604743e+01 5.120011e+01 2.383692e+01 1.913681e+01 1.692641e+01 1.441293e+01 6.900443e+00 1.268883e+01 1.262214e+01 5.291572e+00 2.460631e+00 1.719253e+00 1.57623e+00 1.680418e+00 1.114898e+00 4.354017e-01 1.269062e-01 6.252249e-02 7.275042e-03 1.464443e-04 9.394001e-06 1.193631e-05 ) ] .

_:30d79938-16ab-4ad7-acfc-ff03d8abe9fe a essentia:Mean ;
    afo:value 6.658446e-02 .

_:30f8615c-8a27-4f37-85ad-2b67e79b2503 a essentia:Variance ;
    afo:value 0 .

_:325564d9-297f-4d37-a9fe-f33849a1bfea a essentia:Mean ;
    afo:values ( -5.401e+00 1.039636e+02 -1.262986e+02 4.444431e+01 -6.081783e+01 2.082857e+01 -4.490799e+01 1.045728e+01 -2.475351e+01 6.848102e+00 -1.112671e+01 -7.847872e+00 1.790793e+00 ) .

_:3365e853-89bc-46b1-b4dd-051159c02543 a essentia:KeyScale ;
    event:time _:80a1d926-a5e2-4bda-80fd-124a190b5026 ;
    afo:value "major" .

_:33849a87-09b0-4da0-8c44-38e25d505e03 a essentia:DerivativeMean ;
    afo:value 6.94171e+00 .

_:33a455a1-f931-4878-a640-fdb78063bfe9 a essentia:Minimum ;
    afo:value 2.841735e-01 .

_:34555d7f-ecff-4c9a-818e-3a73fedbc4f5 a essentia:Minimum ;
    afo:value -2.61576e+00 .

_:346b0287-654c-4b2f-a447-d14ceb278f7f a essentia:DerivativeMean ;
    afo:value 0 .

_:3470dfad-b5f3-4ed8-a3b6-0db0cfdfa8eb a essentia:Minimum ;
    afo:value 8.547794e-21 .

_:34bb2c53-a808-4125-8dec-6ad0989b0b32 a essentia:SilenceRate ;
    event:time _:80a1d926-a5e2-4bda-80fd-124a190b5026 ;
    afo:computed_by _:LowLevelExtractor ;
    afo:feature _:0d523e05-bf7f-4b6c-9b13-2c2e932d6025,
        _:2d70ec68-ffb4-4e51-bab5-684a2dd477c1,
        _:30d79938-16ab-4ad7-acfc-ff03d8abe9fe,
        [ a essentia:DerivativeVariance ;
            afo:value 6.859038e-03 ],
        [ a essentia:Maximum ;
            afo:value 1 ],
        [ a essentia:DerivativeMean ;
            afo:value 6.906759e-03 ],
        [ a essentia:SecondDerivativeVariance ;
            afo:value 1.510623e-02 ],
        [ a essentia:Median ;
            afo:value 0 ],
        [ a essentia:SecondDerivativeMean ;
            afo:value 1.381693e-02 ] .

_:34cd1cb6-cc61-4322-8078-e42cddbe02db a essentia:Minimum ;
    afo:value 2.281086e+00 .

_:357e318f-7c38-4d73-9ed6-5358790ab245 a essentia:Minimum ;
    afo:value 1.250632e-16 .

_:35ee9d57-0727-489c-8fa9-25ecd21e7ae6 a essentia:TuningFrequency ;
    event:time _:80a1d926-a5e2-4bda-80fd-124a190b5026 ;
    afo:value 4.341931e+02 .

_:3779b5d2-ff30-4a6e-b2d9-b1823bddb7c3 a essentia:EqualTemperedDeviation ;
    event:time _:80a1d926-a5e2-4bda-80fd-124a190b5026 ;
    afo:value 2.06421e-01 .

_:37ae4d14-ae74-4bba-81bf-b0c7ade08bc0 a essentia:Median ;
    afo:value 1.561107e-01 .

_:37e041a8-f319-4837-a0ec-8e72db173ed5 a essentia:ChordsStrength ;
    event:time _:80a1d926-a5e2-4bda-80fd-124a190b5026 ;
    afo:computed_by _:LowLevelExtractor ;
    afo:feature _:0e567a61-ed88-44aa-9def-ca2feaf94c8c,
        _:3063a826-226b-4674-8475-753201712b8e,
        _:33a455a1-f931-4878-a640-fdb78063bfe9,
        [ a essentia:Variance ;
            afo:value 8.676032e-03 ],
        [ a essentia:DerivativeMean ;
            afo:value 1.131343e-02 ],
        [ a essentia:Mean ;
            afo:value 5.465161e-01 ],
        [ a essentia:DerivativeVariance ;
            afo:value 8.195172e-05 ],
        [ a essentia:SecondDerivativeVariance ;
            afo:value 9.947956e-05 ],
        [ a essentia:SecondDerivativeMean ;
            afo:value 1.167135e-02 ] .

_:38b1b58e-3da7-4511-ad2c-939f2fbd38ec a essentia:Maximum ;
    afo:values ( 1 1 1 1 1 1 1 1 1 1 1 1 1 1 1 1 1 1 1 1 1 1 1 1 1 1 1 1 1 1 1 1 1 1 1 1 ) .

_:3914a373-c7a3-4767-87f1-139a4c513d9b a essentia:Mean ;
    afo:value 1.901509e-01 .

_:397ca50d-3f49-4d85-be41-be5e8a3854cd a essentia:DerivativeMean ;
    afo:value 3.030917e+00 .

_:39c7c9d2-d712-483d-9ae5-7498a1418fed a essentia:Minimum ;
    afo:value 3.071542e+00 .

_:39ffe491-2d82-4384-8ae0-aa1cf64ab50a a essentia:DerivativeMean ;
    afo:values ( 5.815948e-02 4.666658e-02 3.858412e-02 3.236803e-02 2.15839e-02 1.655784e-02 ) .

_:3ad3a628-b472-4b4b-8924-100695502a38 a essentia:Mean ;
    afo:value 1.275455e-02 .

_:3cb70ce4-a1b2-4fd0-bae5-096f80a995ab a essentia:SecondDerivativeVariance ;
    afo:value 1.191117e-03 .

_:3cd2218b-6253-4afa-9d10-a9d4a71a84cb a essentia:Minimum ;
    afo:value 8.675932e-03 .

_:3cd51143-148c-4f88-ac2e-0e17b8d43e5f rdf:first 7.649968e-02 ;
    rdf:rest ( 8.786276e-02 4.834529e-02 2.066085e-02 1.857859e-02 3.043556e-02 5.696585e-02 7.030118e-02 6.972669e-02 1.000201e-01 1.022628e-01 5.42683e-02 2.27343e-02 1.394045e-02 1.401541e-02 2.911476e-02 3.581882e-02 2.132751e-02 1.122319e-02 9.744607e-03 1.86789e-02 3.800879e-02 4.090942e-02 4.355646e-02 1.071068e-01 4.87557e-02 1.877302e-02 2.353536e-02 2.33228e-02 2.83771e-02 9.513804e-02 1.250964e-01 9.316094e-02 7.004765e-02 5.151165e-02 6.764341e-02 ) .

_:3ce0ed50-f9c5-4914-931a-e08c1f04ca82 a essentia:SecondDerivativeMean ;
    afo:value 5.395796e-03 .

_:3d3b9c01-525c-4d4f-8be1-e3ba92d20d01 a essentia:Mean ;
    afo:value 7.260638e-03 .

_:3d55ce59-a903-49b7-b6ca-d92231fe771c rdf:first 9.34456e-03 ;
    rdf:rest ( 4.908864e-03 5.650896e-03 4.057591e-03 2.04447e-03 1.137615e-03 ) .

_:3d97d81d-8b49-49e9-9278-edb267a2b51c a essentia:MFCC ;
    event:time _:80a1d926-a5e2-4bda-80fd-124a190b5026 ;
    afo:computed_by _:LowLevelExtractor ;
    afo:feature [ a essentia:Mean ;
            afo:values ( -6.37348e+02 1.19892e+02 -5.381379e-02 2.292843e+01 1.018546e+01 5.645167e+00 2.923287e+00 -6.626108e+00 2.632139e+00 5.244048e+00 -7.063452e+00 4.629545e+00 -5.79293e+00 ) ],
        [ a essentia:InverseCovariance ;
            afo:dimensions ( 13 13 ) ;
            afo:values ( 1.528782e-04 6.854178e-05 2.306743e-04 -1.227669e-05 9.218844e-05 -6.458267e-05 1.571212e-04 -1.031501e-04 1.67529e-04 -1.418631e-04 5.912016e-04 -2.82109e-04 3.497931e-04 6.854178e-05 1.327075e-03 5.13967e-05 -1.014051e-04 -2.05924e-04 -3.036878e-04 -5.016662e-04 4.855146e-04 -6.790891e-05 1.254887e-04 -1.21568e-04 5.073555e-04 -3.780354e-04 2.306743e-04 5.13967e-05 2.953044e-03 -1.249206e-03 -3.824239e-04 -2.278289e-04 6.429218e-04 -6.519614e-04 2.051667e-03 -1.056226e-03 1.379659e-03 -1.419708e-03 8.238312e-04 -1.227669e-05 -1.014051e-04 -1.249206e-03 4.508215e-03 -1.542736e-03 -9.791883e-05 1.117413e-03 1.417003e-04 -6.680957e-04 1.048823e-03 2.857998e-04 -1.102842e-04 -2.271693e-04 9.218844e-05 -2.05924e-04 -3.824239e-04 -1.542736e-03 8.610775e-03 -1.74299e-03 2.759466e-03 -5.057498e-04 -1.325286e-03 -3.601527e-04 5.39089e-04 -8.821128e-04 -2.832424e-03 -6.458267e-05 -3.036878e-04 -2.278289e-04 -9.791883e-05 -1.74299e-03 1.285732e-02 -6.006312e-03 -9.757651e-04 6.179947e-04 6.668552e-04 -5.593187e-03 6.860582e-03 -1.460844e-03 1.571212e-04 -5.016662e-04 6.429218e-04 1.117413e-03 2.759466e-03 -6.006312e-03 1.128919e-02 -3.591359e-03 2.191846e-03 -3.196537e-03 3.881437e-03 -7.347707e-03 2.575417e-03 -1.031501e-04 4.855146e-04 -6.519614e-04 1.417003e-04 -5.057498e-04 -9.757651e-04 -3.591359e-03 1.269689e-02 -5.786981e-03 4.056822e-03 -3.393013e-03 5.122899e-03 -2.281363e-03 1.67529e-04 -6.790891e-05 2.051667e-03 -6.680957e-04 -1.325286e-03 6.179947e-04 2.191846e-03 -5.786981e-03 1.494579e-02 -8.058039e-03 2.629938e-03 -2.327678e-03 1.016876e-03 -1.418631e-04 1.254887e-04 -1.056226e-03 1.048823e-03 -3.601527e-04 6.668552e-04 -3.196537e-03 4.056822e-03 -8.058039e-03 1.758267e-02 -6.167696e-03 2.892328e-03 5.944683e-04 5.912016e-04 -1.21568e-04 1.379659e-03 2.857998e-04 5.39089e-04 -5.593187e-03 3.881437e-03 -3.393013e-03 2.629938e-03 -6.167696e-03 1.925637e-02 -7.586927e-03 1.747092e-03 -2.82109e-04 5.073555e-04 -1.419708e-03 -1.102842e-04 -8.821128e-04 6.860582e-03 -7.347707e-03 5.122899e-03 -2.327678e-03 2.892328e-03 -7.586927e-03 1.89028e-02 -5.933113e-03 3.497931e-04 -3.780354e-04 8.238312e-04 -2.271693e-04 -2.832424e-03 -1.460844e-03 2.575417e-03 -2.281363e-03 1.016876e-03 5.944683e-04 1.747092e-03 -5.933113e-03 1.874672e-02 ) ],
        [ a essentia:Covariance ;
            afo:dimensions ( 13 13 ) ;
            afo:values ( 9.476425e+03 -6.168951e+02 -7.265704e+02 -2.813549e+02 -2.914627e+02 -1.614228e+02 8.912268e+00 -6.369907e+01 -2.109313e+01 -3.01353e+01 -2.814308e+02 -6.221878e+00 -1.999731e+02 -6.168951e+02 8.397947e+02 2.068487e+01 2.273939e+01 3.435012e+01 6.527953e+01 4.453176e+01 -2.862869e+00 -4.737402e+00 4.207556e+00 2.353381e+01 -1.839764e+01 2.373034e+01 -7.265704e+02 2.068487e+01 5.317961e+02 1.853087e+02 7.718276e+01 -2.111119e+01 -5.559955e+01 -2.387196e+01 -5.752152e+01 -2.229837e+01 -1.144645e+01 2.376095e+01 2.001326e+01 -2.813549e+02 2.273939e+01 1.853087e+02 3.406094e+02 1.051312e+02 -2.663505e+01 -9.217133e+01 -1.220528e+01 -3.364039e+00 -3.047149e+01 -1.563189e+01 3.485799e-01 2.939395e+01 -2.914627e+02 3.435012e+01 7.718276e+01 1.051312e+02 1.798436e+02 1.496803e+00 -6.690602e+01 6.77612e+00 1.943781e+01 -5.22248e+00 3.513479e+00 -1.849588e+00 3.951679e+01 -1.614228e+02 6.527953e+01 -2.111119e+01 -2.663505e+01 1.496803e+00 1.465201e+02 7.243732e+01 4.514569e+01 1.279685e+00 1.393812e+01 3.519237e+01 -3.144828e+01 -1.624472e+00 8.912268e+00 4.453176e+01 -5.559955e+01 -9.217133e+01 -6.690602e+01 7.243732e+01 1.923743e+02 3.420823e+01 -4.360725e+00 2.479557e+01 1.627167e+01 2.678717e+01 -1.825964e+01 -6.369907e+01 -2.862869e+00 -2.387196e+01 -1.220528e+01 6.77612e+00 4.514569e+01 3.420823e+01 1.235658e+02 3.918384e+01 2.813329e+00 1.627683e+01 -2.657303e+01 4.76986e+00 -2.109313e+01 -4.737402e+00 -5.752152e+01 -3.364039e+00 1.943781e+01 1.279685e+00 -4.360725e+00 3.918384e+01 1.129775e+02 4.268943e+01 8.470548e+00 -5.222338e+00 1.265009e+00 -3.01353e+01 4.207556e+00 -2.229837e+01 -3.047149e+01 -5.22248e+00 1.393812e+01 2.479557e+01 2.813329e+00 4.268943e+01 8.938082e+01 2.653189e+01 5.790583e-01 -8.948438e+00 -2.814308e+02 2.353381e+01 -1.144645e+01 -1.563189e+01 3.513479e+00 3.519237e+01 1.627167e+01 1.627683e+01 8.470548e+00 2.653189e+01 8.470137e+01 1.605377e+01 4.944286e+00 -6.221878e+00 -1.839764e+01 2.376095e+01 3.485799e-01 -1.849588e+00 -3.144828e+01 2.678717e+01 -2.657303e+01 -5.222338e+00 5.790583e-01 1.605377e+01 9.54001e+01 1.802306e+01 -1.999731e+02 2.373034e+01 2.001326e+01 2.939395e+01 3.951679e+01 -1.624472e+00 -1.825964e+01 4.76986e+00 1.265009e+00 -8.948438e+00 4.944286e+00 1.802306e+01 7.142054e+01 ) ] .

_:3da8baf1-21fc-44dc-b2e1-c1f9895aa54a a essentia:SecondDerivativeMean ;
    afo:value 4.687398e-04 .

_:3e72e5ec-d3c6-4cd9-b9d0-9beb7b105cf1 a essentia:SecondDerivativeVariance ;
    afo:value 0 .

_:3edcdd2e-b25d-404b-8d67-c354f4bea7ab rdf:first 2.659945e-01 ;
    rdf:rest ( 2.154692e-01 1.906178e-01 1.29144e-01 8.633524e-02 9.232545e-02 ) .

_:3f8d07d3-361b-4dae-9395-787260415c4d a essentia:Mean ;
    afo:value 4418680 .

_:3f93e2be-4113-4f10-b868-700c6dfd9ba9 a essentia:Mean ;
    afo:value 2.035216e+01 .

_:3fb5887c-2998-4f58-bb92-2fe81b43182c rdf:first 4.063955e-01 ;
    rdf:rest ( 2.22876e-01 1.463406e-01 1.266584e-01 1.337224e-01 6.18992e-02 ) .

_:41fc6e19-caef-4c5c-9ca8-458f99c3001e a essentia:SecondPeakBPM ;
    event:time _:80a1d926-a5e2-4bda-80fd-124a190b5026 ;
    afo:computed_by _:LowLevelExtractor ;
    afo:feature _:0018789f-1090-4762-b414-3101ad98a50e,
        _:1da8be24-94ca-4d49-9996-8f80af0f7047,
        _:1ecbba2c-f8f1-4361-9c5c-88f760b9723d,
        _:249cb9f7-8d9a-4cb0-871c-d3dc5e855e92,
        [ a essentia:Maximum ;
            afo:value 120 ],
        [ a essentia:SecondDerivativeMean ;
            afo:value 0 ],
        [ a essentia:SecondDerivativeVariance ;
            afo:value 0 ],
        [ a essentia:Minimum ;
            afo:value 120 ],
        [ a essentia:Variance ;
            afo:value 0 ] .

_:42b933b9-ba29-49a1-928d-7f80d07a1ac6 a essentia:SecondDerivativeVariance ;
    afo:value 2.008049e-01 .

_:42d238d0-98eb-4a07-a274-de487c9e4a10 a essentia:Maximum ;
    afo:value 1.266419e+02 .

