@prefix afo: <https://w3id.org/afo/onto/1.1#> .
@prefix dc: <http://purl.org/dc/elements/1.1/> .
@prefix essentia: <http://sovarr.c4dm.eecs.qmul.ac.uk/af/essentia/> .
@prefix event: <http://purl.org/NET/c4dm/event.owl#> .
@prefix foaf: <http://xmlns.com/foaf/0.1/> .
@prefix mo: <http://purl.org/ontology/mo/> .
@prefix rdf: <http://www.w3.org/1999/02/22-rdf-syntax-ns#> .
@prefix rdfs: <http://www.w3.org/2000/01/rdf-schema#> .
@prefix tl: <http://purl.org/NET/c4dm/timeline.owl#> .
@prefix xml: <http://www.w3.org/XML/1998/namespace> .
@prefix xsd: <http://www.w3.org/2001/XMLSchema#> .

<http://musicbrainz.org/release/3e581f3e-95e4-4099-bc06-1171879b4e5f> a mo:Release ;
    dc:date "2003-06-23" ;
    dc:title "Dangerously in Love" ;
    mo:catalogue_number "509395 2" ;
    mo:publisher [ a mo:Label ;
            foaf:name "Columbia" ] ;
    mo:track <http://musicbrainz.org/recording/6a0c5648-83c6-42f4-8afc-b4c7c5230e0c> ;
    essentia:asin "B00006IWGY" ;
    essentia:barcode "5099750939529" ;
    foaf:maker <http://musicbrainz.org/artist/859d0860-d480-4efd-970c-c05d5f1776b8> .

<08+Signs.flac> a mo:AudioFile ;
    mo:encodes [ a essentia:Signal ;
            mo:time _:994fb9fd-175c-4efa-8ccf-045c3ae0d41c ;
            essentia:bit_rate "0"^^xsd:float ;
            essentia:codec "flac"^^xsd:string ;
            essentia:downmix "mix"^^xsd:string ;
            essentia:equal_loudness "0"^^xsd:float ;
            essentia:lossless true ;
            essentia:md5_encoded "7992b8cdd89479689c61b8278537d904"^^xsd:string ;
            essentia:replay_gain "-9.57782554626"^^xsd:float ] .

<http://musicbrainz.org/artist/859d0860-d480-4efd-970c-c05d5f1776b8> a mo:MusicArtist ;
    foaf:name "Beyonce",
        "Beyoncé" .

<http://musicbrainz.org/recording/6a0c5648-83c6-42f4-8afc-b4c7c5230e0c> a mo:Track ;
    dc:title "Signs" ;
    mo:available_as <08+Signs.flac> ;
    mo:genre [ a mo:Genre ;
            rdfs:label " " ] ;
    mo:track_number "8" .

[] a essentia:VersionInfo .

_:0003f5da-2b01-465c-98dc-21560f75ff0b a essentia:DerivativeMean ;
    afo:value 4.195184e-01 .

_:00104cf3-a775-48d4-91bb-b84b6a3758b7 a essentia:Median ;
    afo:value 7.962021e-03 .

_:00130f24-af59-494a-8465-d186f9796077 a essentia:SecondDerivativeMean ;
    afo:value 8750329 .

_:0017c8a0-51a0-430a-a80f-22a3e2dfde05 a essentia:Minimum ;
    afo:value 76 .

_:0107a73b-82de-479a-baff-ef5e837406a2 a essentia:DerivativeMean ;
    afo:value 0 .

_:011b7a53-7cb1-4439-8f08-d06d97e056d8 a essentia:Kurtosis ;
    afo:feature [ a essentia:Minimum ;
            afo:value -1.969301e+00 ],
        [ a essentia:Median ;
            afo:value 5.694592e+00 ],
        [ a essentia:Maximum ;
            afo:value 1.382394e+04 ],
        [ a essentia:SecondDerivativeVariance ;
            afo:value 9.178708e+04 ],
        [ a essentia:SecondDerivativeMean ;
            afo:value 2.405524e+01 ],
        [ a essentia:DerivativeVariance ;
            afo:value 3.11851e+04 ],
        [ a essentia:Variance ;
            afo:value 1.854213e+04 ],
        [ a essentia:Mean ;
            afo:value 2.100468e+01 ],
        [ a essentia:DerivativeMean ;
            afo:value 1.485606e+01 ] .

_:011ea0b1-5764-4e29-a76a-bb737f48e886 a essentia:Median ;
    afo:value 1.953822e+01 .

_:01c295ad-6fce-41f2-907f-8829a8476797 a essentia:OnsetRate ;
    event:time _:994fb9fd-175c-4efa-8ccf-045c3ae0d41c ;
    afo:value 4.832224e+00 .

_:0248f1e6-1c0e-4f2d-9dd6-534fc0af28c9 a essentia:SecondDerivativeMean ;
    afo:value 5.505681e+00 .

_:02e517ff-bebc-4ac3-8fa4-13a8bf45eade a essentia:Maximum ;
    afo:value 0 .

_:037a3c03-8683-4781-8d4c-3e8dc35c859e rdf:first 4.397521e-02 ;
    rdf:rest ( 6.086512e-01 1.271016e-01 9.221862e-02 7.744291e-02 3.861152e-02 5.32309e-02 5.682453e-02 7.362881e-02 6.796456e-02 5.887396e-02 5.380281e-02 2.645967e-02 1.696095e-02 1.423537e-02 8.018362e-03 1.165842e-02 8.557625e-03 6.184169e-03 7.216529e-03 1.788233e-02 6.651883e-03 8.042377e-03 1.140176e-02 2.264015e-02 5.551442e-03 7.259689e-03 ) .

_:041eb378-bffe-4f81-94b5-5cf1f2e94afe a essentia:DerivativeMean ;
    afo:value 3.919129e-02 .

_:049da848-635c-454f-abd3-5fe88851ae0e rdf:first 4.479858e-02 ;
    rdf:rest ( 4.767118e-02 2.167729e-02 5.204902e-03 3.493229e-03 3.086707e-03 3.677287e-03 4.414195e-03 7.632022e-03 1.438594e-02 1.66261e-02 1.026699e-02 4.194318e-03 3.302591e-03 5.669931e-03 2.156047e-02 2.929399e-02 1.501594e-02 2.566949e-03 1.301215e-03 2.668801e-03 7.997963e-03 9.406517e-03 2.675306e-02 1.99078e-02 1.866185e-02 4.278349e-03 2.966624e-03 2.718763e-03 9.761559e-03 2.564799e-02 3.162032e-02 1.817425e-02 5.663899e-03 4.353583e-03 1.61103e-02 ) .

_:04afd4c4-f512-49b0-b578-a9452492545e rdf:first 3.292616e-03 ;
    rdf:rest ( 1.444628e-03 3.060482e-04 1.440669e-04 1.81856e-04 1.891623e-04 9.715744e-05 7.749691e-05 5.960314e-05 2.718442e-05 3.230263e-05 2.997147e-05 1.471636e-05 1.156057e-05 6.264979e-06 3.623664e-06 3.448885e-06 4.868598e-06 3.338403e-06 2.668978e-06 2.267431e-06 1.549114e-06 9.711501e-07 1.081823e-06 1.69702e-06 1.781738e-06 1.368868e-06 1.080821e-06 5.231421e-07 3.734873e-07 2.272226e-07 1.281264e-07 9.487476e-08 9.226838e-08 1.309678e-07 1.709863e-07 1.599076e-07 1.458785e-07 1.535103e-07 1.525057e-07 ) .

_:04bf935f-2fea-43a2-90d2-f0b5d4abc884 a essentia:Minimum ;
    afo:value 1.861703e-02 .

_:04fe22ce-4cf7-4b87-9f2b-f3209d7ebcab a essentia:Variance ;
    afo:value 3.281842e+01 .

_:05839205-4b6c-4d7f-968e-9c89c864e0a6 a essentia:Minimum ;
    afo:value -1.649175e+00 .

_:058efc78-ff00-4fb7-96cb-75c589530945 a essentia:Variance ;
    afo:value 2.327286e-05 .

_:0626523f-e667-4909-b3ca-99564268157c a essentia:Median ;
    afo:value 1 .

_:062c7549-1d74-4436-a749-00c8bfc96532 a essentia:SecondDerivativeMean ;
    afo:values ( 7.131222e-02 7.917938e-02 7.142213e-02 5.65893e-02 4.032336e-02 3.21582e-02 ) .

_:072763e1-9b8a-46b7-bec8-fe910db00feb a essentia:Maximum ;
    afo:value 3.198988e+02 .

_:0776bab2-2ae6-44f3-991d-2e2ec44fc1ed rdf:first 6.09946e-01 ;
    rdf:rest ( 6.231828e-01 6.083437e-01 5.777992e-01 5.138453e-01 6.088689e-01 ) .

_:078c7a27-3cdc-4b61-9596-3d79144937ce rdf:first 13 ;
    rdf:rest ( 13 ) .

_:07b38c90-d966-4fa1-af8e-5403385d675a a essentia:Variance ;
    afo:value 7.993101e-05 .

_:07ffe9b6-f495-4fe7-b65b-3817ffa3e52b rdf:first 4.081027e-01 ;
    rdf:rest ( 1.760146e+00 1.68744e+00 1.504879e+00 1.869747e+00 2.22504e+00 5.401374e+00 8.219166e+00 6.886432e+00 6.973984e+00 9.072056e+00 5.678141e+00 7.476107e+00 9.150934e+00 6.503564e+00 4.328947e+00 2.69091e+00 2.69277e+00 3.468044e+00 2.773132e+00 2.306965e+00 1.545668e+00 1.254942e+00 2.299335e+00 2.447738e+00 1.773873e+00 8.975354e-01 5.193411e-01 2.431611e-01 1.86534e-01 2.544059e-01 2.747535e-01 2.24046e-01 1.832328e-01 1.160808e-01 4.116606e-02 9.695857e-03 2.023145e-03 2.68472e-04 1.002765e-04 ) .

_:0818f574-adff-4abb-b8a5-b1043fb8be05 a essentia:Minimum ;
    afo:value 0 .

_:0873317c-6f65-494b-9ce4-ce7d3f02312e a essentia:Decrease ;
    event:time _:994fb9fd-175c-4efa-8ccf-045c3ae0d41c ;
    afo:computed_by _:LowLevelExtractor ;
    afo:feature [ a essentia:DerivativeMean ;
            afo:value 5.696804e-09 ],
        [ a essentia:Median ;
            afo:value -8.00121e-09 ],
        [ a essentia:Maximum ;
            afo:value 1.035968e-09 ],
        [ a essentia:SecondDerivativeMean ;
            afo:value 8.165402e-09 ],
        [ a essentia:Variance ;
            afo:value 6.749695e-16 ],
        [ a essentia:Mean ;
            afo:value -1.890048e-08 ],
        [ a essentia:SecondDerivativeVariance ;
            afo:value 3.036837e-16 ],
        [ a essentia:DerivativeVariance ;
            afo:value 1.482992e-16 ],
        [ a essentia:Minimum ;
            afo:value -1.707676e-07 ] .

_:08a5c2ad-b591-4bd5-bf6a-f88874bf2f1c a essentia:Minimum ;
    afo:value 1.039995e-20 .

_:08b66e9e-a6ed-4ebe-af94-02f315e9e3db a essentia:Minimum ;
    afo:value -4.535515e+00 .

_:09134144-9bde-4d95-aa89-998cb23947bf a essentia:Mean ;
    afo:value 1.689369e+02 .

_:0925f8ab-5832-46df-a8eb-34de4bcdeba5 rdf:first 1.260176e-02 ;
    rdf:rest ( 8.994763e-03 9.337932e-03 4.894335e-03 3.604656e-03 2.00116e-03 ) .

_:092ac9d3-16a7-46fe-8dc1-24702aaa2f44 a essentia:DerivativeMean ;
    afo:value 6.00176e-01 .

_:094d706f-9ad6-43f9-a9fe-ea2bf1bf633f rdf:first 4.732373e-05 ;
    rdf:rest ( 7.995414e-04 9.373808e-05 5.10407e-05 6.996874e-05 7.664277e-06 ) .

_:0a4d37aa-3117-4d5a-8f81-b6a3f6b663ee a essentia:DerivativeMean ;
    afo:value 1.761645e+01 .

_:0aa3738a-15d4-48d8-bec0-7e46e6acbcb0 a essentia:Maximum ;
    afo:value 1.525487e+01 .

_:0ae4bb45-c398-4402-9a80-1ceb465386be a essentia:SecondDerivativeMean ;
    afo:value 3.227261e-02 .

_:0b21187a-84ed-4153-a04f-45680adf32b4 a essentia:ChordsHistogram ;
    event:time _:994fb9fd-175c-4efa-8ccf-045c3ae0d41c ;
    afo:value ( 2.472399e+01 9.905147e+00 7.665993e+00 8.085834e-01 1.819313e+00 4.664904e-01 5.675633e+00 1.757114e+00 1.243974e-01 9.329809e-02 1.554968e-02 0 0 0 0 4.664904e-02 9.951796e-01 8.381278e+00 1.088478e-01 4.353911e-01 0 3.43648e+00 1.088478e+00 3.245219e+01 ) .

_:0b525553-c0b1-47d0-af3e-e3549e9a74c8 a essentia:Mean ;
    afo:value 1.808482e+01 .

_:0b67a99b-3502-4e4e-a307-7e34a41f31d9 a essentia:Median ;
    afo:value 1.703783e-01 .

_:0bf43d52-ab87-4809-a7ea-bb05ec90dc29 a essentia:DerivativeVariance ;
    afo:value 0 .

_:0c08b5bb-7b1e-43e2-a079-307cb08c7e51 a essentia:Spread ;
    afo:feature _:0b525553-c0b1-47d0-af3e-e3549e9a74c8,
        [ a essentia:Median ;
            afo:value 1.123669e+01 ],
        [ a essentia:DerivativeMean ;
            afo:value 7.805593e+00 ],
        [ a essentia:DerivativeVariance ;
            afo:value 2.051746e+02 ],
        [ a essentia:Minimum ;
            afo:value 3.064985e-03 ],
        [ a essentia:SecondDerivativeMean ;
            afo:value 1.154179e+01 ],
        [ a essentia:Maximum ;
            afo:value 1.37052e+02 ],
        [ a essentia:Variance ;
            afo:value 4.495334e+02 ],
        [ a essentia:SecondDerivativeVariance ;
            afo:value 3.928351e+02 ] .

_:0c198c1c-2b83-46c3-8004-e5d0ce142460 a essentia:SecondDerivativeVariance ;
    afo:value 1.396852e-03 .

_:0c1d64c0-19d2-4192-807a-8418c97a2325 a essentia:BarkBands ;
    event:time _:994fb9fd-175c-4efa-8ccf-045c3ae0d41c ;
    afo:computed_by _:LowLevelExtractor ;
    afo:feature [ a essentia:FlatnessDB ;
            afo:feature [ a essentia:DerivativeMean ;
                    afo:value 2.988683e-02 ],
                [ a essentia:Minimum ;
                    afo:value 2.791937e-02 ],
                [ a essentia:Maximum ;
                    afo:value 1 ],
                [ a essentia:Mean ;
                    afo:value 2.074646e-01 ],
                [ a essentia:Median ;
                    afo:value 1.970566e-01 ],
                [ a essentia:Variance ;
                    afo:value 7.730487e-03 ],
                [ a essentia:DerivativeVariance ;
                    afo:value 1.064508e-03 ],
                [ a essentia:SecondDerivativeVariance ;
                    afo:value 2.057193e-03 ],
                [ a essentia:SecondDerivativeMean ;
                    afo:value 4.247669e-02 ] ] .

_:0c7a8ab3-248d-4c40-b48b-cfb71c52c03c a essentia:SpectralComplexity ;
    event:time _:994fb9fd-175c-4efa-8ccf-045c3ae0d41c ;
    afo:computed_by _:LowLevelExtractor ;
    afo:feature _:0818f574-adff-4abb-b8a5-b1043fb8be05,
        [ a essentia:DerivativeVariance ;
            afo:value 1.543819e+01 ],
        [ a essentia:SecondDerivativeMean ;
            afo:value 4.03655e+00 ],
        [ a essentia:DerivativeMean ;
            afo:value 2.653033e+00 ],
        [ a essentia:Variance ;
            afo:value 5.455554e+01 ],
        [ a essentia:Median ;
            afo:value 11 ],
        [ a essentia:SecondDerivativeVariance ;
            afo:value 2.98198e+01 ],
        [ a essentia:Mean ;
            afo:value 1.197294e+01 ],
        [ a essentia:Maximum ;
            afo:value 55 ] .

_:0d807f08-72a6-47eb-8373-a1bd6302adad a essentia:SecondDerivativeMean ;
    afo:value 5.920288e-02 .

_:0d81fd87-80b2-49d9-886a-cd3dc4aa4621 a essentia:Maximum ;
    afo:value 6.654863e-01 .

_:0dd907db-a48b-4e44-b554-1604bd0b252e a essentia:Spread ;
    afo:feature [ a essentia:SecondDerivativeMean ;
            afo:value 1.872858e+01 ],
        [ a essentia:Median ;
            afo:value 2.759288e+01 ],
        [ a essentia:SecondDerivativeVariance ;
            afo:value 7.513481e+02 ],
        [ a essentia:Minimum ;
            afo:value 1.384669e+00 ],
        [ a essentia:DerivativeMean ;
            afo:value 1.235089e+01 ],
        [ a essentia:Variance ;
            afo:value 8.363003e+02 ],
        [ a essentia:Maximum ;
            afo:value 2.210535e+02 ],
        [ a essentia:DerivativeVariance ;
            afo:value 3.531965e+02 ],
        [ a essentia:Mean ;
            afo:value 3.596408e+01 ] .

_:0e643459-1d8c-46e1-9f54-b6e6a8c5e25e a essentia:SecondDerivativeVariance ;
    afo:value 0 .

_:0ea2a200-612e-437d-aad1-6f3a84909fe8 a essentia:Variance ;
    afo:value 0 .

_:0ef35338-8efa-46a3-beb3-2efbced932ec rdf:first -6.590198e-01 ;
    rdf:rest ( -6.867908e-01 -7.096156e-01 -7.544141e-01 -7.817894e-01 -8.118952e-01 ) .

_:0f37c35f-e7d4-43af-9ac4-afc1250771fc a essentia:DerivativeMean ;
    afo:value 0 .

_:0fffc100-8a38-4a4c-aff4-6ef61193789e a essentia:DerivativeMean ;
    afo:value 5.382222e-01 .

_:104d5df5-6a29-43d1-a9b6-4addfc86b791 a essentia:DerivativeVariance ;
    afo:value 1.018493e+01 .

_:1103f35b-a1ad-489a-9845-c4b074d9e245 a essentia:SecondDerivativeVariance ;
    afo:value 2.084387e+00 .

_:1109f956-fd3b-47e5-90d2-dd1e1043b1af rdf:first -7.489684e+00 ;
    rdf:rest ( -7.129369e+00 -7.845336e+00 -8.643821e+00 -8.460464e+00 -1.043035e+01 ) .

_:1126480d-09e1-44ff-a0c5-cebcae117cd7 a essentia:Mean ;
    afo:value 1.437222e+01 .

_:116a2839-6aee-49a6-810b-199534691ac6 a essentia:DerivativeVariance ;
    afo:value 2.446149e+01 .

_:1181f3f8-e1da-4746-b95c-91bb610af201 a essentia:Maximum ;
    afo:value 40 .

_:123f81ba-b139-4a3a-9750-f76d7a34468e a essentia:Mean ;
    afo:value 7.402378e-02 .

_:12826685-4e4a-49ba-a8f7-17ee2cc0fd66 a essentia:KeyStrength ;
    event:time _:994fb9fd-175c-4efa-8ccf-045c3ae0d41c ;
    afo:value 6.167726e-01 .

_:12c0ec52-9a1c-4b4f-aa6e-b509913d3994 a essentia:Mean ;
    afo:value 9.598492e-01 .

_:13957ce0-c1a6-432c-9dc2-a506aec64890 a essentia:SecondDerivativeMean ;
    afo:value 2.675099e-02 .

_:14e5887d-2776-483b-9bb9-359975a191a9 rdf:first -2.808411e+01 ;
    rdf:rest ( 8.969135e+01 -7.946836e+01 1.074702e+01 -4.816849e+01 1.16373e+01 -2.602093e+01 1.775673e+01 -2.148263e+01 7.423625e+00 -5.793037e+00 -4.948331e-01 -1.396975e+00 ) .

_:151cb198-9a08-454d-ad59-0bc5398b534b a essentia:DerivativeVariance ;
    afo:value 2.8954e+01 .

_:15b125b8-09a0-4021-90a3-4d1d88339e8f a essentia:SecondDerivativeVariance ;
    afo:value 4.498331e-03 .

_:165e20df-5dbf-43fd-a6b1-dac13f908ff6 a essentia:Minimum ;
    afo:value 8.05559e+01 .

_:1769bfd4-6a26-497d-9d23-86fbc0bda5a2 a essentia:Maximum ;
    afo:value 9.81383e-01 .

_:178c229e-33c8-4c12-8222-b962e223973d a essentia:SecondDerivativeVariance ;
    afo:value 6.927356e+01 .

_:1857af99-10f6-4f56-8876-90f9ebb4d5cf a essentia:Median ;
    afo:value 1.861703e-02 .

_:186dfe20-19a8-449f-8173-728d5fbe5ddd a essentia:SecondDerivativeMean ;
    afo:values _:0776bab2-2ae6-44f3-991d-2e2ec44fc1ed .

_:18731f5f-c662-40c1-a26a-6dff7db813c1 a essentia:SecondDerivativeVariance ;
    afo:values ( 1.234595e-05 4.751415e-03 2.312286e-04 9.978173e-05 7.382563e-05 1.165185e-05 1.103148e-05 1.406531e-05 2.981317e-05 2.03355e-05 7.927339e-06 2.499419e-05 1.230698e-06 2.271879e-06 5.07172e-07 2.502981e-07 2.75595e-07 1.195943e-07 1.356701e-07 1.505003e-07 3.93043e-07 3.465632e-07 3.790248e-07 5.64828e-07 1.013104e-06 1.090875e-06 2.443901e-06 ) .

_:1883392c-091e-41e3-82ae-1f59faa50159 a essentia:Entropy ;
    event:time _:994fb9fd-175c-4efa-8ccf-045c3ae0d41c ;
    afo:computed_by _:LowLevelExtractor ;
    afo:feature [ a essentia:SecondDerivativeVariance ;
            afo:value 1.786793e-01 ],
        [ a essentia:Variance ;
            afo:value 4.694316e-01 ],
        [ a essentia:Minimum ;
            afo:value 4.304735e+00 ],
        [ a essentia:SecondDerivativeMean ;
            afo:value 3.973167e-01 ],
        [ a essentia:Mean ;
            afo:value 7.208783e+00 ],
        [ a essentia:Median ;
            afo:value 7.122783e+00 ],
        [ a essentia:DerivativeVariance ;
            afo:value 1.019724e-01 ],
        [ a essentia:DerivativeMean ;
            afo:value 2.886966e-01 ],
        [ a essentia:Maximum ;
            afo:value 9.813075e+00 ] .

_:196fb4f8-9295-4fe6-b867-b5e0b4062680 a essentia:Maximum ;
    afo:value 4.999999e-01 .

_:1a0ec16d-e4ed-49f3-abb1-7e20bc73ece6 a essentia:DerivativeMean ;
    afo:value 3.387231e-02 .

_:1a399219-45d6-4282-b4c4-1ca9335e7f6b a essentia:Median ;
    afo:value 1.506713e+01 .

_:1a58ac4f-ebba-4f4a-b7ab-e31cf619b65d a essentia:SecondDerivativeVariance ;
    afo:value 7.309115e-01 .

_:1adc3056-0a2d-4c4d-9f37-cceff336f2ff a essentia:SecondDerivativeMean ;
    afo:value 4.666332e+00 .

_:1b1fa987-89e9-4276-809d-d608d0ac42c8 a essentia:Median ;
    afo:value 5.616316e-03 .

_:1b869b6d-be75-48f2-aa39-7ea965ee363d a essentia:SecondDerivativeMean ;
    afo:value 4.238146e+00 .

_:1b8d1667-da48-440b-a15f-ab76583235be a essentia:NonTemperedEnergyRatio ;
    event:time _:994fb9fd-175c-4efa-8ccf-045c3ae0d41c ;
    afo:value 8.856772e-01 .

_:1c491190-e5e2-4310-add7-9171b224ccb2 a essentia:Mean ;
    afo:value 0 .

_:1c7b614e-3eaf-43fa-a5ef-15c62543bd17 a essentia:SecondDerivativeMean ;
    afo:value 1.547413e-03 .

_:1c843084-2b0c-4072-abc8-1992dbdaf5e3 a essentia:Maximum ;
    afo:values _:037a3c03-8683-4781-8d4c-3e8dc35c859e .

_:1cd69ca5-4573-47ac-a978-00ef48154caa a essentia:Mean ;
    afo:value 0 .

_:1d4d9b1e-6ebe-49c2-bd5f-8bf7fd3b156e a essentia:Median ;
    afo:value 1.706699e+00 .

_:1d5ee6d4-c97e-447f-b338-39063d5a3a24 a essentia:Median ;
    afo:value 0 .

_:1d828b77-7cc5-4741-918a-fcfa1851e902 a essentia:DerivativeMean ;
    afo:value 2.534216e+00 .

_:1df048a0-9480-4216-90fc-30307db8d475 a essentia:Variance ;
    afo:value 3.618524e-03 .

_:1edce9e3-73c6-463d-8c74-853c91d60762 a essentia:MelBands ;
    event:time _:994fb9fd-175c-4efa-8ccf-045c3ae0d41c ;
    afo:computed_by _:LowLevelExtractor ;
    afo:feature [ a essentia:Skewness ;
            afo:feature _:08b66e9e-a6ed-4ebe-af94-02f315e9e3db,
                _:09134144-9bde-4d95-aa89-998cb23947bf,
                [ a essentia:SecondDerivativeMean ;
                    afo:value 3.610288e+01 ],
                [ a essentia:DerivativeVariance ;
                    afo:value 1.038512e+06 ],
                [ a essentia:Variance ;
                    afo:value 13494310 ],
                [ a essentia:Maximum ;
                    afo:value 8.683091e+04 ],
                [ a essentia:SecondDerivativeVariance ;
                    afo:value 2.106842e+06 ],
                [ a essentia:DerivativeMean ;
                    afo:value 1.907095e+01 ],
                [ a essentia:Median ;
                    afo:value 2.790393e+00 ] ] .

_:1f444f9a-53dc-47c6-a55e-219b729c3cd3 a essentia:DerivativeMean ;
    afo:value 1450064 .

_:2012b666-4205-406d-9946-9b8172ff51c5 a essentia:Variance ;
    afo:values ( 1.155322e-01 1.567606e-02 1.286462e-02 3.356689e-02 2.37075e-03 3.081573e-02 ) .

_:20a4004c-c024-4631-896e-30d1f490a8e8 a essentia:SecondDerivativeVariance ;
    afo:value 5.589126e-06 .

_:20ac3cdb-cdf0-4970-85ec-acac7d691725 a essentia:Median ;
    afo:value 1 .

_:212a1f27-d71e-4dfb-aa70-965cb1c472f4 a essentia:DerivativeMean ;
    afo:value 1.135663e-02 .

_:2165acaa-d099-4acc-8364-1da92e631df3 a essentia:InverseCovariance ;
    afo:dimensions ( 13 13 ) ;
    afo:values ( 1.668073e-04 7.487603e-05 5.271588e-05 -3.833132e-05 1.035762e-05 4.014067e-05 -1.921193e-04 -1.331526e-04 -8.126692e-05 -9.056739e-05 6.921062e-05 -6.489785e-05 -7.747951e-05 7.487603e-05 5.699216e-04 -1.528482e-05 -3.24904e-04 -1.617351e-05 3.413777e-04 -6.692272e-04 2.473509e-04 -4.600249e-05 -1.889955e-04 -1.577724e-05 -1.594746e-04 8.949664e-05 5.271588e-05 -1.528482e-05 9.71243e-04 2.852254e-05 -3.703694e-04 -3.545371e-04 2.258381e-04 -5.943792e-04 9.287769e-05 3.668104e-04 -3.198065e-04 2.520342e-04 5.883975e-05 -3.833132e-05 -3.24904e-04 2.852254e-05 2.401703e-03 -8.7814e-04 1.242692e-04 3.782805e-05 -6.720995e-05 -1.002286e-03 5.750775e-04 5.013421e-05 -1.098858e-04 2.557475e-04 1.035762e-05 -1.617351e-05 -3.703694e-04 -8.7814e-04 3.496687e-03 -5.265325e-04 5.648341e-04 -9.47142e-04 -1.33566e-04 -6.39374e-04 4.754468e-04 8.742384e-06 -5.100277e-04 4.014067e-05 3.413777e-04 -3.545371e-04 1.242692e-04 -5.265325e-04 3.448241e-03 -1.572839e-03 3.934781e-04 -5.876396e-04 2.882697e-04 -1.732363e-03 5.979494e-04 -7.810536e-05 -1.921193e-04 -6.692272e-04 2.258381e-04 3.782805e-05 5.648341e-04 -1.572839e-03 5.29434e-03 -5.794654e-04 1.695425e-04 -2.022295e-03 7.697711e-04 -9.585368e-04 -1.27178e-04 -1.331526e-04 2.473509e-04 -5.943792e-04 -6.720995e-05 -9.47142e-04 3.934781e-04 -5.794654e-04 6.36392e-03 -2.00924e-03 1.021244e-03 -1.350035e-03 -8.003827e-04 -1.323527e-03 -8.126692e-05 -4.600249e-05 9.287769e-05 -1.002286e-03 -1.33566e-04 -5.876396e-04 1.695425e-04 -2.00924e-03 7.001067e-03 -2.22574e-03 -2.617229e-04 2.226697e-04 4.708334e-04 -9.056739e-05 -1.889955e-04 3.668104e-04 5.750775e-04 -6.39374e-04 2.882697e-04 -2.022295e-03 1.021244e-03 -2.22574e-03 7.315414e-03 -2.078646e-03 8.166599e-04 -1.278294e-03 6.921062e-05 -1.577724e-05 -3.198065e-04 5.013421e-05 4.754468e-04 -1.732363e-03 7.697711e-04 -1.350035e-03 -2.617229e-04 -2.078646e-03 8.087671e-03 -2.778975e-03 7.833741e-04 -6.489785e-05 -1.594746e-04 2.520342e-04 -1.098858e-04 8.742384e-06 5.979494e-04 -9.585368e-04 -8.003827e-04 2.226697e-04 8.166599e-04 -2.778975e-03 7.044476e-03 -3.510693e-03 -7.747951e-05 8.949664e-05 5.883975e-05 2.557475e-04 -5.100277e-04 -7.810536e-05 -1.27178e-04 -1.323527e-03 4.708334e-04 -1.278294e-03 7.833741e-04 -3.510693e-03 9.156404e-03 ) .

_:216a39ea-4752-4b5f-9c42-a0bb9d3e41c5 a essentia:DerivativeVariance ;
    afo:value 2.418687e-05 .

_:219b644a-64c5-4535-8954-97d9ad96c974 rdf:first 2.451774e+00 ;
    rdf:rest ( 6.896206e+00 3.560574e+00 3.973722e+00 6.759061e+00 7.509471e+00 1.50446e+01 2.105126e+01 2.719551e+01 2.160592e+01 3.154802e+01 4.446596e+01 5.18464e+01 6.032618e+01 4.901186e+01 4.955201e+01 1.794916e+01 1.571625e+01 1.913039e+01 1.145652e+01 1.047202e+01 8.381834e+00 5.890936e+00 8.236198e+00 9.832568e+00 8.106325e+00 5.002648e+00 4.508912e+00 4.029001e+00 3.847625e+00 4.49508e+00 4.665318e+00 4.261274e+00 3.517084e+00 2.022431e+00 9.477757e-01 3.960484e-01 1.072359e-01 3.20966e-02 2.420692e-03 ) .

_:21eaa8e7-6673-49b9-ae05-96e21200f553 a essentia:Median ;
    afo:values _:07ffe9b6-f495-4fe7-b65b-3817ffa3e52b .

_:2227141f-49bc-428d-95ec-8dc406c49269 a essentia:SecondDerivativeMean ;
    afo:value 1.476002e+00 .

_:22657748-f989-420c-be04-16841e046c1d rdf:first 2.453007e-01 ;
    rdf:rest ( 2.153608e-01 1.549894e-01 9.714993e-02 8.426991e-02 7.526906e-02 7.431982e-02 9.326806e-02 1.220689e-01 1.577307e-01 1.682916e-01 1.604789e-01 1.26014e-01 1.038107e-01 1.173978e-01 1.565566e-01 1.578861e-01 1.275384e-01 8.033372e-02 6.321839e-02 6.995247e-02 9.676272e-02 1.0953e-01 2.136028e-01 3.279656e-01 2.167994e-01 1.148577e-01 1.126063e-01 1.086877e-01 1.314491e-01 2.452994e-01 2.862423e-01 2.693746e-01 2.326553e-01 1.997694e-01 2.243988e-01 ) .

_:2297e640-f5e5-4bb4-b389-21adc241377e a essentia:Covariance ;
    afo:dimensions _:078c7a27-3cdc-4b61-9596-3d79144937ce ;
    afo:values ( 7.621879e+03 -4.628265e+02 -4.429271e+02 1.184514e+02 8.420287e+01 1.222691e+02 4.524403e+02 3.401009e+02 2.813404e+02 3.064829e+02 1.158877e+02 2.995056e+02 2.629741e+02 -4.628265e+02 2.633253e+03 -2.115336e+02 3.505386e+02 1.981655e+01 -1.315542e+02 3.586274e+02 -6.877441e+01 7.792213e+01 1.780318e+02 7.854686e+00 1.101471e+02 1.934329e+01 -4.429271e+02 -2.115336e+02 1.424535e+03 6.554678e+01 2.390283e+02 2.09866e+02 -9.860262e+01 1.924936e+02 4.144672e+01 -8.47529e+01 1.047706e+02 -1.934642e+01 -1.450713e+00 1.184514e+02 3.505386e+02 6.554678e+01 5.724858e+02 1.723945e+02 6.401333e+00 3.927065e+01 7.295543e+01 1.119986e+02 1.442191e+01 1.674121e+01 3.492568e+01 1.012595e+01 8.420287e+01 1.981655e+01 2.390283e+02 1.723945e+02 4.116324e+02 9.272967e+01 2.47483e+00 1.243406e+02 8.167265e+01 3.271914e+01 4.240838e+01 3.469141e+01 4.59357e+01 1.222691e+02 -1.315542e+02 2.09866e+02 6.401333e+00 9.272967e+01 4.492697e+02 1.194408e+02 7.540107e+01 7.800101e+01 6.067209e+01 1.250482e+02 3.111319e+01 2.803859e+01 4.524403e+02 3.586274e+02 -9.860262e+01 3.927065e+01 2.47483e+00 1.194408e+02 3.57231e+02 4.825608e+01 7.00015e+01 1.419169e+02 5.755192e+01 9.456665e+01 6.050092e+01 3.401009e+02 -6.877441e+01 1.924936e+02 7.295543e+01 1.243406e+02 7.540107e+01 4.825608e+01 2.789478e+02 1.036103e+02 2.945976e+01 9.101252e+01 9.469118e+01 7.614013e+01 2.813404e+02 7.792213e+01 4.144672e+01 1.119986e+02 8.167265e+01 7.800101e+01 7.00015e+01 1.036103e+02 2.261546e+02 9.114177e+01 6.339106e+01 4.202205e+01 3.117118e+01 3.064829e+02 1.780318e+02 -8.47529e+01 1.442191e+01 3.271914e+01 6.067209e+01 1.419169e+02 2.945976e+01 9.114177e+01 2.354792e+02 7.306876e+01 5.182475e+01 5.137136e+01 1.158877e+02 7.854686e+00 1.047706e+02 1.674121e+01 4.240838e+01 1.250482e+02 5.755192e+01 9.101252e+01 6.339106e+01 7.306876e+01 2.117704e+02 1.005103e+02 4.450711e+01 2.995056e+02 1.101471e+02 -1.934642e+01 3.492568e+01 3.469141e+01 3.111319e+01 9.456665e+01 9.469118e+01 4.202205e+01 5.182475e+01 1.005103e+02 2.581437e+02 1.132561e+02 2.629741e+02 1.934329e+01 -1.450713e+00 1.012595e+01 4.59357e+01 2.803859e+01 6.050092e+01 7.614013e+01 3.117118e+01 5.137136e+01 4.450711e+01 1.132561e+02 1.708049e+02 ) .

_:22d6b6e5-d18d-4a25-a81a-02cfd1f028df a essentia:ChordsChangesRate ;
    event:time _:994fb9fd-175c-4efa-8ccf-045c3ae0d41c ;
    afo:value 7.619344e-02 .

_:230e16fa-f019-4e06-a8df-8408de1f401f a essentia:SecondDerivativeMean ;
    afo:value 4.042908e+00 .

_:23268c61-a5e7-494b-ae79-66ada2acba4d rdf:first -2.775582e+01 ;
    rdf:rest ( -2.770764e+01 -2.754098e+01 -2.750582e+01 -2.739948e+01 -2.740486e+01 ) .

_:2363eff2-1cf2-47c4-b4e5-68649e59f786 a essentia:Maximum ;
    afo:value 8.604071e-01 .

_:238c15d3-622a-42d1-ae45-33f6c6e5b733 a essentia:Variance ;
    afo:value 3.240034e+01 .

_:249276a4-11d6-4381-9abb-119436cfea9a a essentia:Minimum ;
    afo:value -1.924549e+00 .

_:24cb4589-68d8-4192-828c-44de85619f56 a essentia:DerivativeMean ;
    afo:value 3.726991e-01 .

_:2509f331-55c1-4eb1-b2f5-918e50cdb192 a essentia:Minimum ;
    afo:values [ rdf:first 0 ;
            rdf:rest [ rdf:first 0 ;
                    rdf:rest [ rdf:first 0 ;
                            rdf:rest [ rdf:first 0 ;
                                    rdf:rest [ rdf:first 0 ;
                                            rdf:rest [ rdf:first 0 ;
                                                    rdf:rest [ rdf:first 0 ;
                                                            rdf:rest [ rdf:first 0 ;
                                                                    rdf:rest [ rdf:first 0 ;
                                                                            rdf:rest [ rdf:first 0 ;
                                                                                    rdf:rest [ rdf:first 0 ;
                                                                                            rdf:rest [ rdf:first 0 ;
                                                                                                    rdf:rest [ rdf:first 0 ;
                                                                                                            rdf:rest [ rdf:first 0 ;
                                                                                                                    rdf:rest [ rdf:first 0 ;
                                                                                                                            rdf:rest [ rdf:first 0 ;
                                                                                                                                    rdf:rest [ rdf:first 0 ;
                                                                                                                                            rdf:rest [ rdf:first 0 ;
                                                                                                                                                    rdf:rest [ rdf:first 0 ;
                                                                                                                                                            rdf:rest [ rdf:first 0 ;
                                                                                                                                                                    rdf:rest [ rdf:first 0 ;
                                                                                                                                                                            rdf:rest [ rdf:first 0 ;
                                                                                                                                                                                    rdf:rest [ rdf:first 0 ;
                                                                                                                                                                                            rdf:rest [ rdf:first 0 ;
                                                                                                                                                                                                    rdf:rest [ rdf:first 0 ;
                                                                                                                                                                                                            rdf:rest [ rdf:first 0 ;
                                                                                                                                                                                                                    rdf:rest [ rdf:first 0 ;
                                                                                                                                                                                                                            rdf:rest [ rdf:first 0 ;
                                                                                                                                                                                                                                    rdf:rest [ rdf:first 0 ;
                                                                                                                                                                                                                                            rdf:rest [ rdf:first 0 ;
                                                                                                                                                                                                                                                    rdf:rest [ rdf:first 0 ;
                                                                                                                                                                                                                                                            rdf:rest [ rdf:first 0 ;
                                                                                                                                                                                                                                                                    rdf:rest [ rdf:first 0 ;
                                                                                                                                                                                                                                                                            rdf:rest [ rdf:first 0 ;
                                                                                                                                                                                                                                                                                    rdf:rest [ rdf:first 0 ;
                                                                                                                                                                                                                                                                                            rdf:rest [ rdf:first 0 ;
                                                                                                                                                                                                                                                                                                    rdf:rest () ] ] ] ] ] ] ] ] ] ] ] ] ] ] ] ] ] ] ] ] ] ] ] ] ] ] ] ] ] ] ] ] ] ] ] ] .

_:250aff2d-fc8c-4b9f-8eb9-874763d7e535 a essentia:DerivativeVariance ;
    afo:value 8.558088e-04 .

_:25229455-f78f-4139-ad9c-3ac4fd39c6f5 a essentia:Spread ;
    event:time _:994fb9fd-175c-4efa-8ccf-045c3ae0d41c ;
    afo:computed_by _:LowLevelExtractor ;
    afo:feature _:1f444f9a-53dc-47c6-a55e-219b729c3cd3,
        [ a essentia:Mean ;
            afo:value 5843703 ],
        [ a essentia:Variance ;
            afo:value 1.57295e+13 ],
        [ a essentia:Minimum ;
            afo:value 3.839548e+05 ],
        [ a essentia:SecondDerivativeMean ;
            afo:value 1980843 ],
        [ a essentia:Median ;
            afo:value 4.545212e+06 ],
        [ a essentia:Maximum ;
            afo:value 50304520 ],
        [ a essentia:SecondDerivativeVariance ;
            afo:value 6.880572e+12 ],
        [ a essentia:DerivativeVariance ;
            afo:value 3.994933e+12 ] .

_:25ab7069-b61d-427d-a014-45edb39df9d4 a essentia:Skewness ;
    event:time _:994fb9fd-175c-4efa-8ccf-045c3ae0d41c ;
    afo:computed_by _:LowLevelExtractor ;
    afo:feature _:0aa3738a-15d4-48d8-bec0-7e46e6acbcb0,
        _:24cb4589-68d8-4192-828c-44de85619f56,
        [ a essentia:Variance ;
            afo:value 1.289257e+00 ],
        [ a essentia:Mean ;
            afo:value 2.063417e+00 ],
        [ a essentia:Median ;
            afo:value 2.044873e+00 ],
        [ a essentia:DerivativeVariance ;
            afo:value 1.745524e-01 ],
        [ a essentia:SecondDerivativeMean ;
            afo:value 5.354364e-01 ],
        [ a essentia:Minimum ;
            afo:value -6.084316e-01 ],
        [ a essentia:SecondDerivativeVariance ;
            afo:value 3.517986e-01 ] .

_:2657836b-7355-4950-9ab5-76c12021bb77 a essentia:BarkBands ;
    event:time _:994fb9fd-175c-4efa-8ccf-045c3ae0d41c ;
    afo:computed_by _:LowLevelExtractor ;
    afo:feature [ a essentia:Skewness ;
            afo:feature _:2227141f-49bc-428d-95ec-8dc406c49269,
                [ a essentia:Mean ;
                    afo:value 2.639827e+00 ],
                [ a essentia:Minimum ;
                    afo:value -9.777934e+00 ],
                [ a essentia:Maximum ;
                    afo:value 9.040521e+01 ],
                [ a essentia:DerivativeMean ;
                    afo:value 9.910571e-01 ],
                [ a essentia:Median ;
                    afo:value 2.040795e+00 ],
                [ a essentia:Variance ;
                    afo:value 8.313803e+00 ],
                [ a essentia:DerivativeVariance ;
                    afo:value 2.909235e+00 ],
                [ a essentia:SecondDerivativeVariance ;
                    afo:value 7.019011e+00 ] ] .

_:26c856d3-c33e-4f74-8719-8ddfd087e2ea rdf:first 4.355067e-02 ;
    rdf:rest ( 4.982573e-02 4.582961e-02 3.568991e-02 2.637097e-02 2.213771e-02 ) .

_:27c48b26-b0b5-4503-b39e-17b54c57633e a tl:Timeline ;
    tl:interval _:994fb9fd-175c-4efa-8ccf-045c3ae0d41c .

_:283c0a97-aaf1-46ce-b46a-0ce507adaffb a essentia:ChordsStrength ;
    event:time _:994fb9fd-175c-4efa-8ccf-045c3ae0d41c ;
    afo:computed_by _:LowLevelExtractor ;
    afo:feature _:212a1f27-d71e-4dfb-aa70-965cb1c472f4,
        [ a essentia:Median ;
            afo:value 4.901419e-01 ],
        [ a essentia:SecondDerivativeMean ;
            afo:value 1.211161e-02 ],
        [ a essentia:Mean ;
            afo:value 4.961134e-01 ],
        [ a essentia:Variance ;
            afo:value 7.344208e-03 ],
        [ a essentia:SecondDerivativeVariance ;
            afo:value 1.07553e-04 ],
        [ a essentia:Maximum ;
            afo:value 7.890409e-01 ],
        [ a essentia:DerivativeVariance ;
            afo:value 8.302079e-05 ],
        [ a essentia:Minimum ;
            afo:value 2.432006e-01 ] .

_:2861054e-b882-4614-acbd-ac6fa50c9bc8 a essentia:DerivativeMean ;
    afo:values ( 1.376362e-01 1.239022e-01 8.664051e-02 5.379844e-02 4.712467e-02 4.158814e-02 4.072276e-02 5.090044e-02 6.802785e-02 9.214331e-02 9.780752e-02 9.070469e-02 7.140454e-02 5.754504e-02 6.684135e-02 9.2333e-02 9.497772e-02 7.441781e-02 4.496895e-02 3.48696e-02 3.868404e-02 5.534278e-02 6.398434e-02 1.168202e-01 1.75464e-01 1.212284e-01 6.554867e-02 6.260209e-02 6.066521e-02 7.302323e-02 1.362729e-01 1.619005e-01 1.507698e-01 1.263266e-01 1.068846e-01 1.228324e-01 ) .

_:28dbc430-0db5-4068-824a-2e0c09b5960e a essentia:ERBBands ;
    event:time _:994fb9fd-175c-4efa-8ccf-045c3ae0d41c ;
    afo:computed_by _:LowLevelExtractor ;
    afo:feature [ a essentia:Kurtosis ;
            afo:feature _:072763e1-9b8a-46b7-bec8-fe910db00feb,
                _:116a2839-6aee-49a6-810b-199534691ac6,
                _:249276a4-11d6-4381-9abb-119436cfea9a,
                [ a essentia:Mean ;
                    afo:value 3.087788e+00 ],
                [ a essentia:SecondDerivativeVariance ;
                    afo:value 5.08298e+01 ],
                [ a essentia:Variance ;
                    afo:value 2.214243e+02 ],
                [ a essentia:SecondDerivativeMean ;
                    afo:value 3.290508e+00 ],
                [ a essentia:Median ;
                    afo:value 1.2734e+00 ],
                [ a essentia:DerivativeMean ;
                    afo:value 2.07513e+00 ] ] .

_:29047f4d-df1d-4f9a-97f8-f1b4b305fd18 a essentia:SecondDerivativeMean ;
    afo:value 6.95482e-01 .

_:297e206c-b7e4-4363-a548-0c24a48d2e9c a essentia:Mean ;
    afo:value 7.743566e-01 .

_:2a4888bb-7319-45fc-b5d2-0156bc43d2e8 a essentia:Minimum ;
    afo:value 1.061415e-08 .

_:2a74f85a-7c31-498d-a426-56ceb664a2ec rdf:first 1.236943e-01 ;
    rdf:rest ( 1.17529e-01 2.825713e-02 1.74058e-02 1.790218e-02 1.212227e-02 1.081082e-02 1.64187e-02 2.222726e-02 7.383605e-02 8.457801e-02 3.385025e-02 2.89766e-02 2.307785e-02 2.416418e-02 5.348747e-02 7.339115e-02 2.953557e-02 1.332049e-02 9.085682e-03 1.00364e-02 2.608417e-02 3.904776e-02 5.568061e-02 1.664314e-01 6.585366e-02 2.457619e-02 2.512905e-02 2.596323e-02 2.112882e-02 6.776772e-02 1.091058e-01 7.011171e-02 4.461543e-02 3.551812e-02 4.361805e-02 ) .

_:2ab8be27-45e6-4668-86f9-b37c002c48b7 a essentia:Minimum ;
    afo:value 0 .

_:2b1afb22-0c3e-4092-948f-9c1f54c04fe2 rdf:first 13 ;
    rdf:rest ( 13 ) .

_:2b5bca60-fbc5-49b1-9383-f86756e9e7df a essentia:DerivativeVariance ;
    afo:value 8.168582e-01 .

_:2b78b5c1-339b-413d-a5fe-662923f95ea0 a essentia:Variance ;
    afo:value 4.946014e-03 .

_:2bee9ede-c526-470e-9d51-9e0676d4cb5c a essentia:SecondDerivativeMean ;
