@prefix afo: <https://w3id.org/afo/onto/1.1#> .
@prefix dc: <http://purl.org/dc/elements/1.1/> .
@prefix essentia: <http://sovarr.c4dm.eecs.qmul.ac.uk/af/essentia/> .
@prefix event: <http://purl.org/NET/c4dm/event.owl#> .
@prefix foaf: <http://xmlns.com/foaf/0.1/> .
@prefix mo: <http://purl.org/ontology/mo/> .
@prefix rdf: <http://www.w3.org/1999/02/22-rdf-syntax-ns#> .
@prefix rdfs: <http://www.w3.org/2000/01/rdf-schema#> .
@prefix tl: <http://purl.org/NET/c4dm/timeline.owl#> .
@prefix xml: <http://www.w3.org/XML/1998/namespace> .
@prefix xsd: <http://www.w3.org/2001/XMLSchema#> .

<http://musicbrainz.org/release/8d9b458c-ff47-40b7-98a1-f13ced62cea5> a mo:Release ;
    dc:date "1982" ;
    dc:title "Intégrale 1965-1995 (Disc 15)" ;
    mo:publisher [ a mo:Label ] ;
    mo:release_type mo:compilation ;
    mo:track <http://musicbrainz.org/recording/70b465af-d354-4f3c-8551-59ebdfd01ff5> ;
    foaf:maker <http://musicbrainz.org/artist/dee1a19a-1145-4a47-b009-4bef3c1f445d> .

<Michel+Sardou+-+Diez+Anos+Ya+(Dix+Ans+Plus+Tot).mp3> a mo:AudioFile ;
    mo:encodes [ a essentia:Signal ;
            mo:sample_rate "44100"^^xsd:interger ;
            mo:time _:be0e723d-2ce5-4cf4-ae1b-d3e84157397f ;
            essentia:bit_rate "128000"^^xsd:float ;
            essentia:codec "mp3"^^xsd:string ;
            essentia:downmix "mix"^^xsd:string ;
            essentia:equal_loudness "0"^^xsd:float ;
            essentia:lossless false ;
            essentia:md5_encoded "21eb3cedfbf7a2f78b9bbc9396b7b5cb"^^xsd:string ;
            essentia:replay_gain "-5.93074226379"^^xsd:float ] .

<http://musicbrainz.org/artist/dee1a19a-1145-4a47-b009-4bef3c1f445d> a mo:MusicArtist ;
    foaf:name "Michel Sardou" .

<http://musicbrainz.org/recording/70b465af-d354-4f3c-8551-59ebdfd01ff5> a mo:Track ;
    dc:title "Diez Anos Ya (Dix Ans Plus Tot)" ;
    mo:available_as <Michel+Sardou+-+Diez+Anos+Ya+(Dix+Ans+Plus+Tot).mp3> ;
    mo:genre [ a mo:Genre ] ;
    mo:track_number "15" .

[] a essentia:VersionInfo .

_:0014513c-8c2a-401f-9519-765ebf96f608 a essentia:Variance ;
    afo:value 0 .

_:007c4b31-7c61-4470-9592-b6661098d6df rdf:first 4.588915e-02 ;
    rdf:rest ( 3.056588e-02 6.125304e-02 1.600331e-01 6.849384e-02 2.312411e-02 2.387558e-02 2.129953e-02 3.35627e-02 5.350251e-02 3.005862e-02 1.510173e-02 1.325786e-02 1.779267e-02 3.34033e-02 5.478388e-02 3.707897e-02 5.303913e-02 9.402521e-02 4.387693e-02 2.506984e-02 2.298919e-02 2.554382e-02 6.412646e-02 1.0753e-01 4.86701e-02 2.688308e-02 2.667996e-02 2.708478e-02 5.946698e-02 1.035945e-01 6.228537e-02 5.169503e-02 7.118246e-02 3.920569e-02 3.051238e-02 ) .

_:0118c080-4193-4e37-b7c5-d955d3c4e7fd a essentia:Maximum ;
    afo:value 9.891533e-03 .

_:0173e022-af44-46d4-b0e2-64ae85d148b7 a essentia:Median ;
    afo:value 7.876647e+00 .

_:034337fb-7ccf-4e0a-b9fb-e0a91380dc44 a essentia:Mean ;
    afo:value 1 .

_:03f155d5-d5dd-4c51-8fa9-6cd15e1e65f5 a essentia:DerivativeVariance ;
    afo:value 530592759808 .

_:04298a6d-bfa7-45b4-ad7f-b1bde09aa122 a essentia:SecondDerivativeVariance ;
    afo:value 1.591589e+02 .

_:043b392b-5956-4fe2-be41-3b5486fed62c a essentia:Variance ;
    afo:value 1.613532e+02 .

_:04ef9595-ee91-40b9-8235-3032aa00a480 a essentia:Variance ;
    afo:values ( 1.293568e+00 1.243117e+00 1.318851e+00 1.346243e+00 1.660964e+00 3.37612e+00 ) .

_:0547ef94-8f33-45c5-a080-97a94d745e30 a essentia:Median ;
    afo:value 2.142139e+00 .

_:0574e938-21db-4d23-bef2-cadf486f26c8 rdf:first 1.002519e-01 ;
    rdf:rest ( 9.094585e-02 6.466354e-02 2.719856e-02 5.43535e-03 2.722696e-03 ) .

_:0579fa79-5a11-4b48-868b-fd29168cb72c a essentia:SecondDerivativeVariance ;
    afo:value 1.04942e-03 .

_:057f71cd-fe11-4ec0-a0ba-263f251a7556 a essentia:Variance ;
    afo:value 0 .

_:06002be6-3235-47bd-b096-730d38d2991c a essentia:Maximum ;
    afo:value 2.703857e-01 .

_:061f8bc8-9181-457f-9981-e48dee6e31c2 a essentia:Maximum ;
    afo:value 41549868 .

_:07293a61-8047-4f1e-9d06-a8f15b988df5 a essentia:SecondDerivativeVariance ;
    afo:value 0 .

_:073364af-398f-4145-81a1-384f002bd1a4 a essentia:Minimum ;
    afo:value 2.929872e+00 .

_:07891d56-a079-4555-b3d8-208f942fc42d a essentia:Crest ;
    afo:feature [ a essentia:Minimum ;
            afo:value 1.904644e+00 ],
        [ a essentia:Maximum ;
            afo:value 3.238204e+01 ],
        [ a essentia:DerivativeVariance ;
            afo:value 7.759614e+00 ],
        [ a essentia:SecondDerivativeVariance ;
            afo:value 1.987252e+01 ],
        [ a essentia:DerivativeMean ;
            afo:value 2.932121e+00 ],
        [ a essentia:Variance ;
            afo:value 2.032601e+01 ],
        [ a essentia:SecondDerivativeMean ;
            afo:value 4.729685e+00 ],
        [ a essentia:Median ;
            afo:value 1.212244e+01 ],
        [ a essentia:Mean ;
            afo:value 1.296298e+01 ] .

_:07b58e8b-d3c5-431d-b4eb-97a2aeca1663 a essentia:Minimum ;
    afo:value -1 .

_:08542ceb-4642-419e-9c47-f17046cdb680 a essentia:FirstPeakBPM ;
    event:time _:be0e723d-2ce5-4cf4-ae1b-d3e84157397f ;
    afo:computed_by _:LowLevelExtractor ;
    afo:feature [ a essentia:Median ;
            afo:value 103 ],
        [ a essentia:Minimum ;
            afo:value 103 ],
        [ a essentia:Variance ;
            afo:value 0 ],
        [ a essentia:Maximum ;
            afo:value 103 ],
        [ a essentia:DerivativeVariance ;
            afo:value 0 ],
        [ a essentia:DerivativeMean ;
            afo:value 0 ],
        [ a essentia:SecondDerivativeMean ;
            afo:value 0 ],
        [ a essentia:SecondDerivativeVariance ;
            afo:value 0 ],
        [ a essentia:Mean ;
            afo:value 103 ] .

_:0881e43d-8256-4d28-a62f-102c00367541 a essentia:Variance ;
    afo:values _:007c4b31-7c61-4470-9592-b6661098d6df .

_:08a725c0-c6d8-4a79-9684-c37a38a4f681 a essentia:Kurtosis ;
    afo:feature [ a essentia:Variance ;
            afo:value 4.50375e+00 ],
        [ a essentia:Maximum ;
            afo:value 3.565236e+01 ],
        [ a essentia:Median ;
            afo:value 4.365212e-02 ],
        [ a essentia:DerivativeVariance ;
            afo:value 1.621583e+00 ],
        [ a essentia:Mean ;
            afo:value 5.922115e-01 ],
        [ a essentia:SecondDerivativeVariance ;
            afo:value 3.67937e+00 ],
        [ a essentia:DerivativeMean ;
            afo:value 8.512398e-01 ],
        [ a essentia:SecondDerivativeMean ;
            afo:value 1.333391e+00 ],
        [ a essentia:Minimum ;
            afo:value -1.948523e+00 ] .

_:08f440a0-546e-46b9-a69a-b2a7a04312e5 rdf:first 8.125798e-02 ;
    rdf:rest ( 7.034058e-02 5.811129e-02 4.707028e-02 3.584638e-02 4.005545e-02 ) .

_:0930fd4c-983c-41f0-9b6a-58db0904eb62 a essentia:Minimum ;
    afo:value 0 .

_:0931b239-0da4-488f-9f4a-1918a990a4a8 a essentia:Maximum ;
    afo:value 8.060868e-01 .

_:099c10fb-9e37-424b-b911-c44598fa2091 rdf:first 2.416415e-02 ;
    rdf:rest ( 1.850016e-01 5.935507e-01 2.067633e+00 7.472391e+00 1.395796e+01 7.881373e+00 1.092745e+01 1.215065e+01 8.486972e+00 1.002446e+01 1.323111e+01 1.046152e+01 1.056569e+01 8.125019e+00 8.704882e+00 8.378933e+00 1.010873e+01 9.473499e+00 5.941377e+00 3.97811e+00 5.499558e+00 3.917464e+00 2.53981e+00 1.697247e+00 8.345874e-01 4.158664e-01 3.515075e-01 2.783348e-01 1.859529e-01 1.576404e-01 1.4481e-01 1.031469e-01 4.756523e-02 2.210731e-02 5.411975e-03 6.076892e-04 4.13034e-05 1.431149e-05 2.332593e-05 ) .

_:0a02a307-a09a-4f9f-8602-502060aab520 a essentia:DerivativeVariance ;
    afo:value 0 .

_:0c1cf99b-ee4d-40d8-9199-128d7512c511 a essentia:Maximum ;
    afo:value 1.494606e+02 .

_:0c5f4a16-ec90-4e7b-b4c0-4ee4ef372c59 rdf:first -2.733814e+01 ;
    rdf:rest ( -2.764614e+01 -2.699878e+01 -2.728338e+01 -2.722257e+01 -2.724721e+01 ) .

_:0cc2501f-ae2d-45ab-8b86-54604055512d a essentia:Variance ;
    afo:value 1.105206e+00 .

_:0cfcd0d9-9d19-47dc-8eae-dc540d38e29f a essentia:DerivativeMean ;
    afo:value 4.685481e+00 .

_:0da6642c-e63e-49c3-ac85-24c704f6b4b5 a essentia:Median ;
    afo:values ( 1.824039e-02 2.727193e-02 2.074289e-01 3.78067e-01 2.329701e-01 2.226776e-02 8.459466e-03 8.398714e-03 1.491817e-02 2.019269e-02 1.499762e-02 7.61452e-03 5.319453e-03 6.761198e-03 3.071767e-02 5.224231e-02 4.483408e-02 5.087552e-02 5.856752e-02 4.07481e-02 1.256268e-02 8.785173e-03 2.582057e-02 1.02476e-01 1.218995e-01 6.680036e-02 1.693442e-02 1.168925e-02 1.779729e-02 4.429933e-02 5.815408e-02 6.737515e-02 6.160627e-02 3.905831e-02 1.212995e-02 1.611846e-02 ) .

_:0dfa829c-d2c9-40ad-814f-4b65558979e9 a essentia:Mean ;
    afo:value 9.672852e-02 .

_:0e19addc-ae67-4cd1-90b0-9507490bf9b4 a essentia:DerivativeMean ;
    afo:values ( 2.50984e-01 2.407276e-01 1.481844e-01 7.775407e-02 3.544393e-02 2.915312e-02 ) .

_:0e2b37b9-a5d6-4770-8b52-22bba71c25ad a essentia:Median ;
    afo:value 8.363501e+00 .

_:0e69bec3-9dd4-40a9-9c2e-140a5fcd121f a essentia:SecondDerivativeMean ;
    afo:value 5.958683e+00 .

_:0fbfe505-4cc1-4f55-9f24-e4442384dde0 rdf:first 9.880639e-04 ;
    rdf:rest ( 8.321603e-04 8.159039e-04 9.691272e-04 2.343443e-04 2.130287e-04 2.173778e-04 1.66595e-04 1.64731e-04 1.406789e-04 8.429929e-05 5.323158e-05 4.398953e-05 3.559647e-05 4.592263e-05 4.68767e-05 3.299836e-05 2.047837e-05 1.370479e-05 7.220843e-06 5.008923e-06 7.025077e-06 7.842321e-06 6.186221e-06 3.363003e-06 2.52884e-06 1.743892e-06 1.177551e-06 8.316591e-07 6.896055e-07 5.887911e-07 5.773698e-07 4.604098e-07 4.124764e-07 3.718132e-07 4.254134e-07 4.81648e-07 4.316396e-07 2.85313e-07 1.549784e-07 ) .

_:101993b2-3b93-452e-b454-95fb5c37578e a essentia:DerivativeMean ;
    afo:values _:0fbfe505-4cc1-4f55-9f24-e4442384dde0 .

_:10275b31-82d2-47c2-aaff-aec26ae76707 a essentia:Median ;
    afo:values _:099c10fb-9e37-424b-b911-c44598fa2091 .

_:10732899-75ba-41d2-b558-9f02a91a7b5a a essentia:DerivativeMean ;
    afo:value 9.803552e-03 .

_:10987aab-110e-4a75-a8b6-9cec848d47f0 a essentia:DerivativeMean ;
    afo:values ( 8.731321e-02 1.03145e-01 1.468494e-01 1.691066e-01 1.55979e-01 8.752934e-02 7.072395e-02 7.030901e-02 8.287635e-02 8.852302e-02 7.554047e-02 5.400456e-02 4.90848e-02 5.821285e-02 8.687165e-02 1.060453e-01 1.058606e-01 1.126417e-01 1.190805e-01 1.024415e-01 7.935175e-02 7.01163e-02 9.395158e-02 1.41468e-01 1.398177e-01 1.208388e-01 9.117171e-02 8.143902e-02 9.270368e-02 1.321534e-01 1.442147e-01 1.501451e-01 1.295187e-01 1.00157e-01 9.385071e-02 8.918635e-02 ) .

_:10a6b6a3-15be-472f-bd07-e443b0209ccd a essentia:Mean ;
    afo:value 2.305492e-04 .

_:10bc0035-bee7-41f1-93ca-07a5d4643add a essentia:Median ;
    afo:value 7.421722e+02 .

_:10c4918e-d50d-4a92-a823-de07f19003f6 a essentia:SecondDerivativeMean ;
    afo:value 6.132326e-01 .

_:10cb81d9-9f33-41a4-9025-a72956f2248a a essentia:Median ;
    afo:value 1 .

_:113584f4-f8fc-40f0-916d-b84f4737c251 a essentia:Median ;
    afo:value 2.207383e-03 .

_:113d4baf-2bc1-4583-82cb-b960a6c65cf3 a essentia:Variance ;
    afo:value 1.362929e-03 .

_:119a4eac-918c-40ab-a6dc-4277b2dcef20 a essentia:Mean ;
    afo:value 9.518733e+00 .

_:1281a849-2c26-4a1c-a4e6-f9eb32140a59 a essentia:SecondDerivativeVariance ;
    afo:value 1.037945e+02 .

_:12f016b1-6067-42fe-87af-aa1276feadfc a essentia:Variance ;
    afo:value 3.161422e+12 .

_:1339d3e6-d4ea-472f-a2ed-40688d6dac68 a essentia:SecondDerivativeVariance ;
    afo:value 2.112526e+01 .

_:14202870-1009-4690-a23c-d43d8e765187 a essentia:Minimum ;
    afo:values ( 1.18266e-23 2.778504e-23 5.773667e-23 1.339626e-23 3.690141e-23 5.606689e-23 1.379433e-23 3.112905e-23 1.186806e-22 9.5674e-23 8.393305e-23 9.383184e-23 5.207597e-23 9.112116e-23 1.263787e-22 1.460413e-22 2.988924e-22 2.137087e-22 4.243893e-22 3.244826e-22 6.780702e-22 5.175847e-22 7.025044e-22 9.053359e-22 1.497396e-21 1.322674e-21 2.148531e-21 ) .

_:149a8101-feae-4ba4-941e-79263532fe2b a essentia:SecondDerivativeMean ;
    afo:values ( 6.000239e-01 5.255076e-01 4.612457e-01 4.141038e-01 3.960952e-01 5.853292e-01 ) .

_:153620d2-7b3d-4e9f-a3a4-0b9db19df6f0 a essentia:Maximum ;
    afo:value 56 .

_:156528e1-fe1d-45de-808e-5de12f291ba0 a essentia:Median ;
    afo:value 2.618495e+00 .

_:157b722c-10d0-4633-86f6-5b0b9009ffcc a essentia:SecondDerivativeMean ;
    afo:value 6.780516e+05 .

_:157b96bf-683a-47a8-a798-028511b7589c a essentia:DerivativeVariance ;
    afo:values ( 2.035875e-03 1.393988e-03 9.732899e-04 6.109481e-04 4.37244e-04 7.046997e-04 ) .

_:159d1415-8e3b-4922-ae59-13a9f8f455d7 a essentia:Variance ;
    afo:value 1.951534e+02 .

_:15f62427-5f24-461c-a39c-535e7ef990fa a essentia:DerivativeVariance ;
    afo:value 1.685168e-07 .

_:1621e70d-3671-4487-9c20-9b1d38c84b6c a essentia:Variance ;
    afo:value 8.366904e-04 .

_:1769b8ad-359c-4243-85d9-7be5891dd12d a essentia:Maximum ;
    afo:value 1.201409e+01 .

_:17806f73-7bf9-41e0-b51a-e671d077a582 a essentia:Maximum ;
    afo:value 1 .

_:17f2c76a-5978-4fc3-884d-38fc86d276a0 a essentia:Maximum ;
    afo:value 1.296362e-01 .

_:18703dd8-f980-4ae6-bee1-32e285ed1dc0 a essentia:ChordsChangesRate ;
    event:time _:be0e723d-2ce5-4cf4-ae1b-d3e84157397f ;
    afo:value 2.578241e-02 .

_:1a160948-d5f9-4d13-83e5-f0bf1ad5c19b a essentia:BeatsLoudness ;
    event:time _:be0e723d-2ce5-4cf4-ae1b-d3e84157397f ;
    afo:computed_by _:LowLevelExtractor ;
    afo:feature _:113d4baf-2bc1-4583-82cb-b960a6c65cf3,
        [ a essentia:Maximum ;
            afo:value 1.760158e-01 ],
        [ a essentia:SecondDerivativeVariance ;
            afo:value 2.203155e-03 ],
        [ a essentia:SecondDerivativeMean ;
            afo:value 5.227327e-02 ],
        [ a essentia:DerivativeMean ;
            afo:value 3.041414e-02 ],
        [ a essentia:DerivativeVariance ;
            afo:value 7.484449e-04 ],
        [ a essentia:Minimum ;
            afo:value 1.279517e-09 ],
        [ a essentia:Mean ;
            afo:value 5.070975e-02 ],
        [ a essentia:Median ;
            afo:value 4.699419e-02 ] .

_:1a6a1410-7435-41c1-a84a-379673848b9a a essentia:DerivativeMean ;
    afo:value 1.192428e-02 .

_:1a974564-a90c-4220-af12-f7d9e5b9c749 a essentia:Variance ;
    afo:value 2.825743e-01 .

_:1aaea46d-cb93-4c8e-a0dc-2788e1185ca5 a essentia:Median ;
    afo:value 2.405915e-03 .

_:1ad39837-ecfe-4a26-8736-6d9c6d1aa372 a essentia:BarkBands ;
    event:time _:be0e723d-2ce5-4cf4-ae1b-d3e84157397f ;
    afo:computed_by _:LowLevelExtractor ;
    afo:feature [ a essentia:Kurtosis ;
            afo:feature _:156528e1-fe1d-45de-808e-5de12f291ba0,
                [ a essentia:SecondDerivativeMean ;
                    afo:value 3.85765e+00 ],
                [ a essentia:DerivativeMean ;
                    afo:value 2.434535e+00 ],
                [ a essentia:DerivativeVariance ;
                    afo:value 1.874112e+01 ],
                [ a essentia:Maximum ;
                    afo:value 1.853709e+02 ],
                [ a essentia:Variance ;
                    afo:value 3.815742e+01 ],
                [ a essentia:Minimum ;
                    afo:value -1.902912e+00 ],
                [ a essentia:Mean ;
                    afo:value 4.250281e+00 ],
                [ a essentia:SecondDerivativeVariance ;
                    afo:value 4.511536e+01 ] ] .

_:1b7ad1fc-00b4-409c-8afe-06c722c7e86e rdf:first 2.141952e-05 ;
    rdf:rest ( 1.339034e-05 1.261607e-05 1.939693e-05 4.942935e-07 4.411095e-07 4.733388e-07 5.910308e-07 3.770887e-07 2.599829e-07 1.297096e-07 3.289391e-08 2.381732e-08 1.94705e-08 3.576248e-08 4.064867e-08 2.421435e-08 5.598288e-09 2.242161e-09 1.086077e-09 2.537047e-10 5.965521e-10 9.641065e-10 7.635167e-10 1.631742e-10 9.212325e-11 4.816136e-11 3.249677e-11 1.954758e-11 1.129711e-11 7.656967e-12 7.643617e-12 4.759836e-12 3.925391e-12 3.879782e-12 5.629984e-12 7.790862e-12 8.488894e-12 3.211497e-12 7.154604e-13 ) .

_:1bd34f0e-d5c8-4670-aec9-722ad7067d08 a essentia:Variance ;
    afo:value 1.186486e+06 .

_:1c55edb0-bb17-4af2-a5a6-d721e97048a3 a essentia:Variance ;
    afo:value 7.23839e-04 .

_:1cee991a-3310-435a-b917-78773d57ca63 a tl:Timeline ;
    tl:interval _:be0e723d-2ce5-4cf4-ae1b-d3e84157397f .

_:1d4baf2d-7644-43cc-b24e-355909f0a50e a essentia:Median ;
    afo:value 3.289225e-01 .

_:1d514437-ed34-4b43-874c-37913c4d5249 a essentia:Minimum ;
    afo:value 3.194861e-02 .

_:1d5ab03a-dc7d-4350-aef9-8012574064d2 a essentia:Median ;
    afo:value 3.613281e-02 .

_:1d8888ab-f85f-4ec6-9f2d-091d9dfc1be2 a essentia:MelBands ;
    event:time _:be0e723d-2ce5-4cf4-ae1b-d3e84157397f ;
    afo:computed_by _:LowLevelExtractor ;
    afo:feature [ a essentia:Skewness ;
            afo:feature [ a essentia:Maximum ;
                    afo:value 1.078081e+01 ],
                [ a essentia:Minimum ;
                    afo:value -2.085137e+00 ],
                [ a essentia:Mean ;
                    afo:value 2.18184e+00 ],
                [ a essentia:Variance ;
                    afo:value 1.657303e+00 ],
                [ a essentia:Median ;
                    afo:value 2.042621e+00 ],
                [ a essentia:SecondDerivativeMean ;
                    afo:value 8.851756e-01 ],
                [ a essentia:DerivativeMean ;
                    afo:value 5.764871e-01 ],
                [ a essentia:SecondDerivativeVariance ;
                    afo:value 9.319296e-01 ],
                [ a essentia:DerivativeVariance ;
                    afo:value 4.339834e-01 ] ] .

_:1dab1eef-4592-4a0a-95d3-24a2ab9dc29a a essentia:Minimum ;
    afo:value 6.693985e-01 .

_:1df05dbc-90c8-421d-b521-f267153b92b5 a essentia:SecondDerivativeMean ;
    afo:value 4.845926e-01 .

_:1e6292b0-2a83-45d3-8c46-6e09d61ee7ea a essentia:DerivativeVariance ;
    afo:value 3.030502e-04 .

_:1f0aa7c7-dc24-4b94-bf0b-1e39f38a0348 a essentia:Maximum ;
    afo:value 1 .

_:1fa631cc-5066-4d91-87b2-084010559057 a essentia:SecondDerivativeMean ;
    afo:value 7.88517e-01 .

_:20051681-9051-4f78-9698-af60d64a5595 a essentia:Crest ;
    afo:feature _:073364af-398f-4145-81a1-384f002bd1a4,
        [ a essentia:Median ;
            afo:value 9.420803e+00 ],
        [ a essentia:Mean ;
            afo:value 1.019567e+01 ],
        [ a essentia:Maximum ;
            afo:value 2.511543e+01 ],
        [ a essentia:Variance ;
            afo:value 1.515219e+01 ],
        [ a essentia:SecondDerivativeVariance ;
            afo:value 1.558574e+01 ],
        [ a essentia:DerivativeMean ;
            afo:value 2.49793e+00 ],
        [ a essentia:DerivativeVariance ;
            afo:value 6.079981e+00 ],
        [ a essentia:SecondDerivativeMean ;
            afo:value 4.061903e+00 ] .

_:20aa87c5-5acb-41db-bc29-d23b0f5ccb6a a essentia:DerivativeMean ;
    afo:value 2.598988e+02 .

_:215d281e-0835-4480-a4ce-a5e4adbeb0c3 a essentia:SecondDerivativeVariance ;
    afo:value 4.999858e-01 .

_:21a7f41a-6f72-4499-aa8b-706f27198300 a essentia:Minimum ;
    afo:value 1.040301e-10 .

_:21b80498-a73d-4ce8-933a-452f46988001 a essentia:MelBands ;
    event:time _:be0e723d-2ce5-4cf4-ae1b-d3e84157397f ;
    afo:computed_by _:LowLevelExtractor ;
    afo:feature [ a essentia:Spread ;
            afo:feature [ a essentia:DerivativeVariance ;
                    afo:value 2.487172e+01 ],
                [ a essentia:Variance ;
                    afo:value 1.196406e+02 ],
                [ a essentia:Median ;
                    afo:value 1.347756e+01 ],
                [ a essentia:Mean ;
                    afo:value 1.603447e+01 ],
                [ a essentia:Maximum ;
                    afo:value 1.313873e+02 ],
                [ a essentia:DerivativeMean ;
                    afo:value 3.857105e+00 ],
                [ a essentia:Minimum ;
                    afo:value 6.130465e-01 ],
                [ a essentia:SecondDerivativeVariance ;
                    afo:value 5.227985e+01 ],
                [ a essentia:SecondDerivativeMean ;
                    afo:value 5.998589e+00 ] ] .

_:22d31bfa-3703-47ed-9081-e52f3ec006c0 a essentia:Mean ;
    afo:values ( -5.618159e+01 1.413789e+02 -1.214848e+02 1.74918e+01 -5.301925e+01 7.453828e+00 -4.303093e+01 3.05503e+00 -2.257213e+01 -5.956767e+00 -9.956989e+00 -5.954642e+00 -7.282826e+00 ) .

_:22ddaa25-ddd9-4131-ab28-919990373bac a essentia:FirstPeakSpread ;
    event:time _:be0e723d-2ce5-4cf4-ae1b-d3e84157397f ;
    afo:computed_by _:LowLevelExtractor ;
    afo:feature _:0a02a307-a09a-4f9f-8602-502060aab520,
        [ a essentia:DerivativeMean ;
            afo:value 0 ],
        [ a essentia:SecondDerivativeMean ;
            afo:value 0 ],
        [ a essentia:Minimum ;
            afo:value 6.336842e-01 ],
        [ a essentia:Variance ;
            afo:value 0 ],
        [ a essentia:Mean ;
            afo:value 6.336842e-01 ],
        [ a essentia:Median ;
            afo:value 6.336842e-01 ],
        [ a essentia:Maximum ;
            afo:value 6.336842e-01 ],
        [ a essentia:SecondDerivativeVariance ;
            afo:value 0 ] .

_:230920d9-9060-4986-8e81-00368527292d a essentia:Mean ;
    afo:value 2.629464e-02 .

_:231cecd1-0741-4fd7-a2d6-8a159ebec099 a essentia:SecondDerivativeVariance ;
    afo:values ( 2.791885e-01 1.280481e+01 6.29974e+01 2.425655e+02 3.5141e+03 2.186139e+03 3.673372e+02 9.616846e+02 2.107174e+03 5.601363e+03 5.838118e+03 6.347853e+03 4.883431e+03 1.859041e+03 2.019152e+03 3.221646e+03 6.802416e+03 5.691157e+03 1.493513e+03 5.460983e+02 1.619174e+02 4.686733e+02 8.54582e+02 2.080955e+02 1.146753e+02 7.122443e+01 4.251223e+01 2.252709e+01 1.975281e+01 1.155752e+01 1.030249e+01 1.61384e+01 1.243347e+01 1.366262e+00 1.179501e-01 1.490939e-01 1.531346e-01 2.765927e-03 1.056619e-06 2.050657e-09 ) .

_:2355c7a4-43b8-45b7-a4c2-06455ebc5828 a essentia:ERBBands ;
    event:time _:be0e723d-2ce5-4cf4-ae1b-d3e84157397f ;
    afo:computed_by _:LowLevelExtractor ;
    afo:feature [ a essentia:Skewness ;
            afo:feature _:1df05dbc-90c8-421d-b521-f267153b92b5,
                [ a essentia:Median ;
                    afo:value 4.444954e-01 ],
                [ a essentia:DerivativeMean ;
                    afo:value 3.143721e-01 ],
                [ a essentia:SecondDerivativeVariance ;
                    afo:value 1.971252e-01 ],
                [ a essentia:Maximum ;
                    afo:value 5.196599e+00 ],
                [ a essentia:DerivativeVariance ;
                    afo:value 8.704172e-02 ],
                [ a essentia:Variance ;
                    afo:value 4.798225e-01 ],
                [ a essentia:Minimum ;
                    afo:value -2.88359e+00 ],
                [ a essentia:Mean ;
                    afo:value 4.852002e-01 ] ] .

_:2478e90f-4e5d-4db9-9db0-30075aa58d12 a essentia:SecondDerivativeMean ;
    afo:value 2.371899e-02 .

_:24d2f3aa-c240-4277-8c40-fa426276b0c5 a essentia:BarkBands ;
    event:time _:be0e723d-2ce5-4cf4-ae1b-d3e84157397f ;
    afo:computed_by _:LowLevelExtractor ;
    afo:feature [ a essentia:FlatnessDB ;
            afo:feature _:1d514437-ed34-4b43-874c-37913c4d5249,
                [ a essentia:DerivativeVariance ;
                    afo:value 3.314544e-04 ],
                [ a essentia:SecondDerivativeMean ;
                    afo:value 2.90869e-02 ],
                [ a essentia:Mean ;
                    afo:value 1.80972e-01 ],
                [ a essentia:Maximum ;
                    afo:value 4.415806e-01 ],
                [ a essentia:Variance ;
                    afo:value 3.341865e-03 ],
                [ a essentia:SecondDerivativeVariance ;
                    afo:value 7.378931e-04 ],
                [ a essentia:Median ;
                    afo:value 1.739991e-01 ],
                [ a essentia:DerivativeMean ;
                    afo:value 1.895332e-02 ] ] .

_:2579e739-1b9c-4cbb-b4a6-4890c4171e0d a essentia:Flux ;
    event:time _:be0e723d-2ce5-4cf4-ae1b-d3e84157397f ;
    afo:computed_by _:LowLevelExtractor ;
    afo:feature _:21a7f41a-6f72-4499-aa8b-706f27198300,
        [ a essentia:Mean ;
            afo:value 7.611945e-02 ],
        [ a essentia:SecondDerivativeMean ;
            afo:value 4.13646e-02 ],
        [ a essentia:SecondDerivativeVariance ;
            afo:value 2.891206e-03 ],
        [ a essentia:Maximum ;
            afo:value 3.983014e-01 ],
        [ a essentia:DerivativeMean ;
            afo:value 2.614998e-02 ],
        [ a essentia:Variance ;
            afo:value 3.706368e-03 ],
        [ a essentia:DerivativeVariance ;
            afo:value 1.379791e-03 ],
        [ a essentia:Median ;
            afo:value 6.05248e-02 ] .

_:26e54495-51b9-4abb-9f32-3f62113de40f a essentia:DerivativeMean ;
    afo:value 6.316397e-03 .

_:27886cfe-aa1f-497c-852d-bfcf1503810e a essentia:DerivativeVariance ;
    afo:value 3.859524e+05 .

_:279c4094-77ea-41f2-b9ca-6a492e662a64 a essentia:DerivativeVariance ;
    afo:value 2.52618e-02 .

_:27fe5bcc-11b2-4011-ac81-b9e8e649a081 a essentia:DerivativeMean ;
    afo:value 1.342649e+02 .

_:29153148-2a03-478a-8cee-8ee1cb867c88 rdf:first 1.114852e-03 ;
    rdf:rest ( 1.066519e-03 1.08258e-03 1.581406e-03 5.674635e-04 4.552634e-04 4.169724e-04 2.72992e-04 2.922185e-04 2.540357e-04 1.531492e-04 9.194151e-05 7.753799e-05 6.159002e-05 8.16315e-05 8.11584e-05 5.753547e-05 3.850227e-05 2.520596e-05 1.288396e-05 9.212009e-06 1.312813e-05 1.485342e-05 1.174793e-05 6.040959e-06 4.292087e-06 2.921496e-06 1.621943e-06 1.087094e-06 9.460283e-07 8.251211e-07 8.014159e-07 6.534328e-07 6.093576e-07 5.69331e-07 6.541339e-07 7.257381e-07 6.516955e-07 4.359882e-07 2.34973e-07 ) .

_:295784cf-b00f-43d7-a72d-ce87f67c7a35 a essentia:Variance ;
    afo:value 3.47631e-07 .

_:2962425f-32e4-429d-b8ba-3f058b57fba1 a essentia:Danceability ;
    event:time _:be0e723d-2ce5-4cf4-ae1b-d3e84157397f ;
    afo:value 1.257805e+00 .

_:2a0cb2b2-141a-42b9-afc9-36c3e0155c9b a essentia:EqualTemperedDeviation ;
    event:time _:be0e723d-2ce5-4cf4-ae1b-d3e84157397f ;
    afo:value 5.745295e-03 .

_:2a95b491-9fbd-45b6-aafd-b9a57e73c3ff a essentia:BeatsCount ;
    event:time _:be0e723d-2ce5-4cf4-ae1b-d3e84157397f ;
    afo:value 530 .

_:2acb283e-a8c4-414e-b3c8-93af1d64e37b a essentia:Variance ;
    afo:value 3.06017e-03 .

_:2ae315ed-8806-4819-8b7f-6e2e737acbe2 a essentia:Median ;
    afo:value -4.849793e-09 .

_:2b18eaef-584a-4015-afe7-4afb41c588ea a essentia:ERBBands ;
    event:time _:be0e723d-2ce5-4cf4-ae1b-d3e84157397f ;
    afo:computed_by _:LowLevelExtractor ;
    afo:feature [ a essentia:Crest ;
            afo:feature _:0e2b37b9-a5d6-4770-8b52-22bba71c25ad,
                _:119a4eac-918c-40ab-a6dc-4277b2dcef20,
                [ a essentia:SecondDerivativeVariance ;
                    afo:value 1.45781e+01 ],
                [ a essentia:Minimum ;
                    afo:value 2.034637e+00 ],
                [ a essentia:Maximum ;
                    afo:value 3.045568e+01 ],
                [ a essentia:DerivativeMean ;
                    afo:value 2.504434e+00 ],
                [ a essentia:Variance ;
                    afo:value 1.932017e+01 ],
                [ a essentia:SecondDerivativeMean ;
                    afo:value 3.99489e+00 ],
                [ a essentia:DerivativeVariance ;
                    afo:value 6.164252e+00 ] ] .

_:2b4afe59-d20a-4645-9451-89bb18bbaa44 a essentia:FlatnessDB ;
    afo:feature _:0579fa79-5a11-4b48-868b-fd29168cb72c,
        [ a essentia:Median ;
            afo:value 2.404754e-01 ],
        [ a essentia:DerivativeMean ;
            afo:value 2.11953e-02 ],
        [ a essentia:SecondDerivativeMean ;
            afo:value 3.195816e-02 ],
        [ a essentia:DerivativeVariance ;
            afo:value 4.977082e-04 ],
        [ a essentia:Minimum ;
            afo:value 5.162839e-03 ],
        [ a essentia:Maximum ;
            afo:value 5.718461e-01 ],
        [ a essentia:Mean ;
            afo:value 2.510774e-01 ],
        [ a essentia:Variance ;
            afo:value 5.41041e-03 ] .

_:2dc22264-2c16-44da-8ddd-6de3ff9354e6 rdf:first 1.100298e-02 ;
    rdf:rest ( 8.496893e-03 4.587789e-03 5.29724e-04 1.887286e-04 1.821469e-05 ) .

_:2f082d24-f726-48c5-872e-b8f5da9ac323 a essentia:Variance ;
    afo:values ( 1.268975e-01 6.215088e+00 2.009652e+01 7.136783e+01 1.131776e+03 9.477068e+02 3.599659e+02 8.623257e+02 2.307094e+03 4.998004e+03 5.690749e+03 7.208776e+03 4.538141e+03 1.555992e+03 1.972478e+03 3.674135e+03 8.33426e+03 6.159095e+03 2.074207e+03 6.558237e+02 2.018205e+02 4.883848e+02 1.170611e+03 2.538212e+02 9.509303e+01 4.46078e+01 2.529352e+01 1.569019e+01 1.39663e+01 9.626636e+00 1.402506e+01 2.046306e+01 1.342241e+01 1.689743e+00 1.253454e-01 9.221815e-02 4.298813e-02 5.915437e-04 2.445587e-07 1.430155e-09 ) .

_:2f4d965c-5f89-441f-80da-50588900fba1 a essentia:Minimum ;
    afo:value -2.746126e+00 .

_:2f68af7c-ad3b-46bb-8354-0aad33efec4e a essentia:SecondPeakSpread ;
    event:time _:be0e723d-2ce5-4cf4-ae1b-d3e84157397f ;
    afo:computed_by _:LowLevelExtractor ;
    afo:feature [ a essentia:Maximum ;
            afo:value 1.153846e-01 ],
        [ a essentia:SecondDerivativeMean ;
            afo:value 0 ],
        [ a essentia:Median ;
            afo:value 1.153846e-01 ],
        [ a essentia:Mean ;
            afo:value 1.153846e-01 ],
        [ a essentia:DerivativeVariance ;
            afo:value 0 ],
        [ a essentia:Variance ;
            afo:value 0 ],
        [ a essentia:DerivativeMean ;
            afo:value 0 ],
        [ a essentia:Minimum ;
            afo:value 1.153846e-01 ],
        [ a essentia:SecondDerivativeVariance ;
            afo:value 0 ] .

_:30a80e1e-c764-4a0c-a196-2087404a35df a essentia:SecondDerivativeMean ;
    afo:values ( 1.746654e-01 1.247562e+00 2.706185e+00 5.864625e+00 2.139564e+01 1.964587e+01 1.014065e+01 1.487723e+01 2.216805e+01 2.459092e+01 2.919567e+01 3.286694e+01 2.53108e+01 2.128575e+01 1.824672e+01 2.330154e+01 2.935739e+01 2.57712e+01 1.686853e+01 1.037344e+01 6.253326e+00 9.539385e+00 1.160477e+01 5.967293e+00 4.438159e+00 2.773714e+00 1.850878e+00 1.489173e+00 1.37855e+00 1.059389e+00 9.165146e-01 1.027861e+00 7.804967e-01 2.969308e-01 1.250927e-01 8.778565e-02 4.322326e-02 5.679107e-03 1.272046e-04 1.898451e-05 ) .

_:30c2e99e-7f00-40be-bf16-9d87a32e2396 a essentia:ChordsHistogram ;
    event:time _:be0e723d-2ce5-4cf4-ae1b-d3e84157397f ;
    afo:value ( 3.184799e+01 7.704918e+00 4.117735e+01 9.239941e-01 0 5.961252e-02 2.682563e-01 5.663189e-01 2.608048e+00 1.341282e-01 2.816691e+00 0 1.639344e-01 0 2.980626e-02 4.470939e-02 0 3.725782e-01 0 9.388972e-01 6.110283e-01 1.028316e+00 5.842027e+00 2.861401e+00 ) .

_:30f7eeff-81d0-4636-a862-59ed1d45be1d a essentia:SecondDerivativeMean ;
    afo:value 3.777447e+00 .

_:317ed1dd-19bd-4501-b356-c2a01486b618 a essentia:DerivativeMean ;
    afo:value 2.454911e+00 .

_:3206b03d-48a8-4102-a266-20ff14431c9c rdf:first 5.223037e-03 ;
    rdf:rest ( 3.534779e-03 2.342986e-03 1.445066e-03 9.758724e-04 1.817466e-03 ) .

_:322050da-a81f-4080-80d3-ccb632aab62f a essentia:SecondDerivativeMean ;
    afo:values _:08f440a0-546e-46b9-a69a-b2a7a04312e5 .

_:323348cf-0d72-47b0-94f7-cab37fa18788 a essentia:GFCC ;
    event:time _:be0e723d-2ce5-4cf4-ae1b-d3e84157397f ;
    afo:computed_by _:LowLevelExtractor ;
    afo:feature _:22d31bfa-3703-47ed-9081-e52f3ec006c0,
        [ a essentia:InverseCovariance ;
            afo:dimensions ( 13 13 ) ;
            afo:values ( 1.404815e-04 -3.398483e-04 2.328741e-04 -4.036648e-04 3.567838e-04 -2.22829e-04 3.000426e-04 -3.96422e-04 3.013722e-04 -2.555951e-04 2.534122e-04 -3.622463e-04 4.304387e-04 -3.398483e-04 3.481309e-03 -9.552843e-04 2.523092e-03 -2.578255e-03 1.930291e-03 -1.78962e-03 2.372493e-03 -1.909507e-03 2.295218e-03 -2.517211e-03 2.77384e-03 -2.870286e-03 2.328741e-04 -9.552843e-04 2.070053e-03 -7.582696e-04 1.000591e-03 -1.119783e-03 1.053935e-03 -8.36451e-04 5.007281e-04 -1.888857e-03 1.804036e-03 -1.41386e-03 6.418396e-04 -4.036648e-04 2.523092e-03 -7.582696e-04 5.117731e-03 -1.825968e-03 4.780028e-04 -8.653071e-04 2.908382e-03 -2.549577e-03 1.72651e-03 -1.294578e-03 2.154761e-03 -2.934578e-03 3.567838e-04 -2.578255e-03 1.000591e-03 -1.825968e-03 5.767806e-03 1.614974e-04 1.234251e-04 -1.757609e-03 3.482552e-04 -2.266519e-03 2.891795e-03 -3.343876e-03 2.344509e-03 -2.22829e-04 1.930291e-03 -1.119783e-03 4.780028e-04 1.614974e-04 6.539876e-03 -1.756845e-03 -1.339354e-03 4.124795e-04 8.045912e-04 -2.428056e-03 1.475325e-03 -1.800751e-03 3.000426e-04 -1.78962e-03 1.053935e-03 -8.653071e-04 1.234251e-04 -1.756845e-03 6.736185e-03 -3.101481e-04 -9.366676e-04 -1.35662e-04 7.579284e-04 -2.893089e-03 3.105172e-03 -3.96422e-04 2.372493e-03 -8.36451e-04 2.908382e-03 -1.757609e-03 -1.339354e-03 -3.101481e-04 1.064008e-02 -2.413388e-03 -6.840304e-04 -1.878225e-03 1.878281e-03 -9.633616e-04 3.013722e-04 -1.909507e-03 5.007281e-04 -2.549577e-03 3.482552e-04 4.124795e-04 -9.366676e-04 -2.413388e-03 1.069379e-02 -3.262223e-03 -1.182723e-03 1.930163e-03 -1.418814e-03 -2.555951e-04 2.295218e-03 -1.888857e-03 1.72651e-03 -2.266519e-03 8.045912e-04 -1.35662e-04 -6.840304e-04 -3.262223e-03 1.440704e-02 -7.950752e-04 -1.374204e-03 8.890675e-04 2.534122e-04 -2.517211e-03 1.804036e-03 -1.294578e-03 2.891795e-03 -2.428056e-03 7.579284e-04 -1.878225e-03 -1.182723e-03 -7.950752e-04 1.264126e-02 -1.431491e-03 -2.420467e-04 -3.622463e-04 2.77384e-03 -1.41386e-03 2.154761e-03 -3.343876e-03 1.475325e-03 -2.893089e-03 1.878281e-03 1.930163e-03 -1.374204e-03 -1.431491e-03 1.322879e-02 -3.845777e-03 4.304387e-04 -2.870286e-03 6.418396e-04 -2.934578e-03 2.344509e-03 -1.800751e-03 3.105172e-03 -9.633616e-04 -1.418814e-03 8.890675e-04 -2.420467e-04 -3.845777e-03 1.522356e-02 ) ],
        [ a essentia:Covariance ;
            afo:dimensions ( 13 13 ) ;
            afo:values ( 1.363919e+04 -1.095336e+03 -4.611448e+02 5.676671e+02 -8.217546e+02 5.807661e+02 -5.294738e+02 3.750311e+02 -3.907601e+02 6.3467e+01 -1.261169e+01 3.320961e+01 -1.682441e+02 -1.095336e+03 1.906778e+03 -4.228173e+02 -2.418234e+02 5.219152e+02 -4.980167e+02 3.312267e+02 -2.758288e+02 3.062585e+02 -1.936932e+02 1.645211e+02 -1.416629e+02 1.440711e+02 -4.611448e+02 -4.228173e+02 9.08702e+02 -1.818893e+00 -1.061295e+02 1.698436e+02 -1.256447e+02 9.878919e+01 -8.807638e+01 1.402853e+02 -1.153424e+02 9.179054e+01 -3.207556e+01 5.676671e+02 -2.418234e+02 -1.818893e+00 3.828708e+02 -6.467413e+01 6.470188e+01 -4.547336e+01 -1.907288e+01 3.000052e+01 -9.683309e+00 7.538394e+00 -2.119659e+01 3.604511e+01 -8.217546e+02 5.219152e+02 -1.061295e+02 -6.467413e+01 4.622953e+02 -2.043093e+02 1.479515e+02 -7.351625e+01 8.609184e+01 -3.793538e-01 -2.393914e+01 3.444475e+01 -1.811575e-01 5.807661e+02 -4.980167e+02 1.698436e+02 6.470188e+01 -2.043093e+02 3.467105e+02 -7.270945e+01 1.181483e+02 -7.564995e+01 4.319445e+01 4.017591e+00 1.638126e+01 -1.559423e+01 -5.294738e+02 3.312267e+02 -1.256447e+02 -4.547336e+01 1.479515e+02 -7.270945e+01 2.615227e+02 -5.129704e+01 7.079734e+01 -2.742062e+01 2.453461e+01 8.535797e+00 -3.276753e+00 3.750311e+02 -2.758288e+02 9.878919e+01 -1.907288e+01 -7.351625e+01 1.181483e+02 -5.129704e+01 1.743489e+02 -2.751591e+01 5.180777e+01 -8.095409e+00 1.512998e+01 -2.555409e+01 -3.907601e+02 3.062585e+02 -8.807638e+01 3.000052e+01 8.609184e+01 -7.564995e+01 7.079734e+01 -2.751591e+01 1.866938e+02 -1.606976e+01 5.368474e+01 -4.916063e+01 4.667149e+01 6.3467e+01 -1.936932e+02 1.402853e+02 -9.683309e+00 -3.793538e-01 4.319445e+01 -2.742062e+01 5.180777e+01 -1.606976e+01 1.212264e+02 -3.268618e+01 4.327158e+01 -3.022162e+01 -1.261169e+01 1.645211e+02 -1.153424e+02 7.538394e+00 -2.393914e+01 4.017591e+00 2.453461e+01 -8.095409e+00 5.368474e+01 -3.268618e+01 1.32675e+02 -3.460884e+01 3.661603e+01 3.320961e+01 -1.416629e+02 9.179054e+01 -2.119659e+01 3.444475e+01 1.638126e+01 8.535797e+00 1.512998e+01 -4.916063e+01 4.327158e+01 -3.460884e+01 1.297341e+02 -1.46406e+01 -1.682441e+02 1.440711e+02 -3.207556e+01 3.604511e+01 -1.811575e-01 -1.559423e+01 -3.276753e+00 -2.555409e+01 4.667149e+01 -3.022162e+01 3.661603e+01 -1.46406e+01 1.061417e+02 ) ] .

_:3308f7ef-c2f7-401e-8e19-cb1717e02253 a essentia:TuningFrequency ;
    event:time _:be0e723d-2ce5-4cf4-ae1b-d3e84157397f ;
    afo:value 4.435726e+02 .

_:330ee830-483c-42e1-ba99-fccb08bfc2e8 a essentia:SecondDerivativeVariance ;
    afo:value 5.585273e-02 .

_:334bdddb-696c-4a4a-a643-47a7a8df6dbd a essentia:MelBands ;
    event:time _:be0e723d-2ce5-4cf4-ae1b-d3e84157397f ;
    afo:computed_by _:LowLevelExtractor ;
    afo:feature _:2b4afe59-d20a-4645-9451-89bb18bbaa44 .

_:3363ada0-4314-4bb7-8809-b80ba208c3c1 a essentia:DerivativeMean ;
    afo:values ( 4.986525e-02 4.329619e-02 3.666349e-02 2.940131e-02 2.278627e-02 2.531112e-02 ) .

_:34201bf7-a2fb-43ec-9440-b2db594b2dad rdf:first -5.035797e+00 ;
    rdf:rest ( -4.69877e+00 -5.071956e+00 -5.912264e+00 -5.624718e+00 -7.710136e+00 ) .

_:3431f3df-67f7-441d-b4ba-a9bdf01b5653 a essentia:Median ;
    afo:values ( 2.611288e-05 8.269811e-04 4.688495e-04 8.652175e-04 3.692557e-03 1.345742e-03 8.090776e-04 2.735896e-04 5.128915e-04 2.231207e-04 2.670551e-04 1.84323e-04 1.644493e-04 1.836378e-04 1.279447e-04 5.637677e-05 9.850792e-05 5.692092e-05 4.11208e-05 1.699984e-05 9.210563e-06 7.304797e-06 5.60486e-06 6.745495e-06 3.695183e-06 5.919032e-07 1.036395e-09 ) .

_:34561af8-bd8e-4bb4-b8cb-ad6787e1434f a essentia:SecondDerivativeVariance ;
    afo:values _:3206b03d-48a8-4102-a266-20ff14431c9c .

_:346dfbea-57e3-40bb-933b-bf32dca69837 a essentia:DerivativeVariance ;
    afo:value 2.410507e-01 .

_:3478bd86-e32c-4d19-9d99-c12338f74154 a essentia:Maximum ;
    afo:value 9.785058e+00 .

_:349b9181-6d0e-4545-94aa-090c7671d04e rdf:first 1.692645e-07 ;
    rdf:rest ( 2.534213e-04 5.553394e-05 4.969601e-05 2.8361e-04 9.753966e-06 1.477483e-05 1.211887e-05 1.000193e-05 4.213285e-06 1.872341e-06 2.058687e-06 3.741839e-06 2.020445e-06 4.446036e-07 1.187121e-07 1.608149e-07 2.346109e-07 6.210676e-08 3.164094e-08 1.759047e-08 1.337908e-08 1.121555e-08 3.614898e-08 4.929521e-09 2.239388e-08 4.383667e-11 ) .

_:351d6997-f588-4717-950a-7c876fa39d2b a essentia:MelBands ;
    event:time _:be0e723d-2ce5-4cf4-ae1b-d3e84157397f ;
    afo:computed_by _:LowLevelExtractor ;
    afo:feature [ a essentia:Kurtosis ;
            afo:feature _:04298a6d-bfa7-45b4-ad7f-b1bde09aa122,
                _:0cfcd0d9-9d19-47dc-8eae-dc540d38e29f,
                [ a essentia:Maximum ;
                    afo:value 2.223723e+02 ],
                [ a essentia:Variance ;
                    afo:value 1.433471e+02 ],
                [ a essentia:Mean ;
                    afo:value 9.485931e+00 ],
                [ a essentia:Minimum ;
                    afo:value -1.693312e+00 ],
                [ a essentia:Median ;
                    afo:value 6.175052e+00 ],
                [ a essentia:SecondDerivativeMean ;
                    afo:value 7.389293e+00 ],
                [ a essentia:DerivativeVariance ;
                    afo:value 6.676266e+01 ] ] .

_:35fd22cd-0351-46c6-99d3-58b35e8a1afe a essentia:SecondDerivativeVariance ;
    afo:value 2.79083e-02 .

_:37706c9b-472a-4262-a83d-512d89cd57ba a essentia:BarkBands ;
    event:time _:be0e723d-2ce5-4cf4-ae1b-d3e84157397f ;
    afo:computed_by _:LowLevelExtractor ;
    afo:feature [ a essentia:Skewness ;
            afo:feature _:1769b8ad-359c-4243-85d9-7be5891dd12d,
                _:2f4d965c-5f89-441f-80da-50588900fba1,
                _:346dfbea-57e3-40bb-933b-bf32dca69837,
                [ a essentia:Variance ;
                    afo:value 9.720775e-01 ],
                [ a essentia:Median ;
                    afo:value 1.451923e+00 ],
                [ a essentia:Mean ;
                    afo:value 1.510851e+00 ],
                [ a essentia:SecondDerivativeMean ;
                    afo:value 7.08917e-01 ],
                [ a essentia:DerivativeMean ;
                    afo:value 4.592672e-01 ],
                [ a essentia:SecondDerivativeVariance ;
                    afo:value 5.409005e-01 ] ] .

_:39076acd-6044-46ba-99e5-3d659b2acc0d a essentia:Minimum ;
    afo:value 1.082226e-20 .

