@prefix afo: <https://w3id.org/afo/onto/1.1#> .
@prefix dc: <http://purl.org/dc/elements/1.1/> .
@prefix essentia: <http://sovarr.c4dm.eecs.qmul.ac.uk/af/essentia/> .
@prefix event: <http://purl.org/NET/c4dm/event.owl#> .
@prefix foaf: <http://xmlns.com/foaf/0.1/> .
@prefix mo: <http://purl.org/ontology/mo/> .
@prefix rdf: <http://www.w3.org/1999/02/22-rdf-syntax-ns#> .
@prefix rdfs: <http://www.w3.org/2000/01/rdf-schema#> .
@prefix tl: <http://purl.org/NET/c4dm/timeline.owl#> .
@prefix xml: <http://www.w3.org/XML/1998/namespace> .
@prefix xsd: <http://www.w3.org/2001/XMLSchema#> .

<http://musicbrainz.org/release/44eee24b-27ee-480a-b284-f65a6af10811> a mo:Release ;
    dc:date "1988" ;
    dc:title "Swan Lake & The Sleeping Beauty (Philadelphia Orchestra feat. conductor: Eugene Ormandy)" ;
    mo:catalogue_number "GD86537" ;
    mo:publisher [ a mo:Label ;
            foaf:name "RCA Victor" ] ;
    mo:track <http://musicbrainz.org/recording/72bc705a-7ca8-4dab-afa9-80c3522710f2> ;
    essentia:barcode "0035628653727" ;
    essentia:replay_gain "0.30 dB" ;
    foaf:maker <http://musicbrainz.org/artist/9ddd7abc-9e1b-471d-8031-583bc6bc8be9> .

<14.+The+Sleeping+Beauty,+Op.+66_+Act+I,+Pas+d'action_+Aurora's+Variations.flac> a mo:AudioFile ;
    mo:encodes [ a essentia:Signal ;
            mo:time _:50211c61-10f3-4943-92a1-d9db7fcf6415 ;
            essentia:bit_rate "0"^^xsd:float ;
            essentia:codec "flac"^^xsd:string ;
            essentia:downmix "mix"^^xsd:string ;
            essentia:equal_loudness "0"^^xsd:float ;
            essentia:lossless true ;
            essentia:md5_encoded "fb6a1cc315fef26287a02e6174b067a8"^^xsd:string ;
            essentia:replay_gain "-0.133232116699"^^xsd:float ] .

<http://musicbrainz.org/artist/9ddd7abc-9e1b-471d-8031-583bc6bc8be9> a mo:MusicArtist ;
    foaf:name "Пётр Ильич Чайковский" .

<http://musicbrainz.org/recording/72bc705a-7ca8-4dab-afa9-80c3522710f2> a mo:Track ;
    dc:title "The Sleeping Beauty, Op. 66: Act I, Pas d'action: Aurora's Variations" ;
    mo:available_as <14.+The+Sleeping+Beauty,+Op.+66_+Act+I,+Pas+d'action_+Aurora's+Variations.flac> ;
    mo:genre [ a mo:Genre ;
            rdfs:label "Classic" ] ;
    mo:track_number "14" ;
    essentia:replay_gain "4.64 dB" ;
    essentia:replay_peak "0.486084" .

[] a essentia:VersionInfo .

_:00885ab3-aca8-481d-9174-dc29672f5c81 a essentia:ChordsHistogram ;
    event:time _:50211c61-10f3-4943-92a1-d9db7fcf6415 ;
    afo:value ( 2.229622e+01 1.67821e+00 1.80341e+01 9.589771e-01 4.661694e+00 3.063399e+00 2.237613e+00 4.022376e+00 7.991476e-02 0 1.06553e-01 7.991476e-02 7.991476e-02 0 1.06553e-01 4.608418e+00 2.717102e+00 6.952584e+00 4.501865e+00 9.856154e-01 3.010123e+00 1.632925e+01 1.305274e+00 2.184337e+00 ) .

_:00e899c7-f9f7-476d-8d7c-e418fb34ac9d a essentia:SecondDerivativeMean ;
    afo:value 0 .

_:0108f03d-e97d-4c90-8619-719669413672 a essentia:Covariance ;
    afo:dimensions ( 13 13 ) ;
    afo:values ( 1.539669e+04 -2.356458e+02 -2.851864e+03 7.935544e+02 -1.126263e+03 -3.044152e+01 -3.549406e+02 -5.8948e+02 -4.870847e+02 -7.377206e+02 -6.936137e+01 -4.878144e+02 -2.680547e+02 -2.356458e+02 1.247997e+03 2.555996e+02 -3.900318e+02 1.12128e+02 -3.116999e+02 -4.879103e+01 -2.358012e+02 -9.275529e+01 -7.650539e+01 3.647631e+00 -6.32064e+01 -2.434951e+01 -2.851864e+03 2.555996e+02 1.374215e+03 1.083636e+02 2.831316e+02 1.783008e+02 -1.510823e+01 -3.809857e+00 -3.68514e+01 4.094475e+01 -8.94418e+01 4.732807e+00 -4.535316e+01 7.935544e+02 -3.900318e+02 1.083636e+02 5.878832e+02 4.282903e+01 1.511476e+02 -2.344628e+01 -1.221297e+01 -2.322713e+01 -7.050018e+01 -8.546294e+01 -7.012059e+01 -5.001889e+01 -1.126263e+03 1.12128e+02 2.831316e+02 4.282903e+01 2.676145e+02 5.31721e+01 1.466613e+01 3.24921e+01 1.77375e+01 3.506868e+01 -1.687469e+01 6.955725e+00 -1.984139e+01 -3.044152e+01 -3.116999e+02 1.783008e+02 1.511476e+02 5.31721e+01 2.908249e+02 5.482952e+01 6.575337e+01 -1.01826e+01 -1.678333e+01 -3.105604e+01 -9.941618e+00 -3.844844e+01 -3.549406e+02 -4.879103e+01 -1.510823e+01 -2.344628e+01 1.466613e+01 5.482952e+01 1.504335e+02 8.97323e+01 5.508596e+01 3.595837e+01 1.610567e+01 2.083931e+01 1.887343e+01 -5.8948e+02 -2.358012e+02 -3.809857e+00 -1.221297e+01 3.24921e+01 6.575337e+01 8.97323e+01 2.120227e+02 1.258439e+02 8.041137e+01 1.403822e+01 3.137689e+01 1.564644e+01 -4.870847e+02 -9.275529e+01 -3.68514e+01 -2.322713e+01 1.77375e+01 -1.01826e+01 5.508596e+01 1.258439e+02 1.94747e+02 1.273733e+02 2.302308e+01 1.545479e+01 1.26642e+01 -7.377206e+02 -7.650539e+01 4.094475e+01 -7.050018e+01 3.506868e+01 -1.678333e+01 3.595837e+01 8.041137e+01 1.273733e+02 2.073875e+02 7.862656e+01 3.783778e+01 1.860353e+00 -6.936137e+01 3.647631e+00 -8.94418e+01 -8.546294e+01 -1.687469e+01 -3.105604e+01 1.610567e+01 1.403822e+01 2.302308e+01 7.862656e+01 1.393064e+02 6.427021e+01 4.215006e-01 -4.878144e+02 -6.32064e+01 4.732807e+00 -7.012059e+01 6.955725e+00 -9.941618e+00 2.083931e+01 3.137689e+01 1.545479e+01 3.783778e+01 6.427021e+01 1.258447e+02 6.902365e+01 -2.680547e+02 -2.434951e+01 -4.535316e+01 -5.001889e+01 -1.984139e+01 -3.844844e+01 1.887343e+01 1.564644e+01 1.26642e+01 1.860353e+00 4.215006e-01 6.902365e+01 1.32628e+02 ) .

_:010ed932-8b47-4a5a-a4ab-3aaefeb726e9 a essentia:Median ;
    afo:value -1.510415e-10 .

_:0247f443-fea6-4dca-9736-df7343976de4 a essentia:SecondDerivativeVariance ;
    afo:value 7.155766e+01 .

_:0262d54f-e7e6-4830-8fc2-1f29672939e6 a essentia:BarkBands ;
    event:time _:50211c61-10f3-4943-92a1-d9db7fcf6415 ;
    afo:computed_by _:LowLevelExtractor ;
    afo:feature [ a essentia:Spread ;
            afo:feature [ a essentia:Median ;
                    afo:value 1.159777e+01 ],
                [ a essentia:Maximum ;
                    afo:value 7.170443e+01 ],
                [ a essentia:Minimum ;
                    afo:value 4.392168e-01 ],
                [ a essentia:SecondDerivativeMean ;
                    afo:value 4.456276e+00 ],
                [ a essentia:SecondDerivativeVariance ;
                    afo:value 2.164949e+01 ],
                [ a essentia:Mean ;
                    afo:value 1.253e+01 ],
                [ a essentia:Variance ;
                    afo:value 4.41492e+01 ],
                [ a essentia:DerivativeMean ;
                    afo:value 2.900658e+00 ],
                [ a essentia:DerivativeVariance ;
                    afo:value 9.045948e+00 ] ] .

_:029b53ea-dd15-40f5-9e0e-1e3b4f993d6a a essentia:DerivativeVariance ;
    afo:values ( 9.050272e-09 2.329976e-07 4.064392e-07 1.052283e-07 1.158676e-07 5.328694e-08 8.96141e-08 6.172124e-08 6.67387e-08 1.172207e-08 5.297156e-08 3.031248e-08 2.556468e-08 2.974416e-08 1.1762e-08 8.016291e-09 8.143219e-08 4.89263e-09 1.806685e-09 1.29161e-09 2.67234e-09 1.253499e-09 2.702909e-10 5.180761e-10 1.55828e-09 1.352235e-10 3.453135e-11 2.151136e-11 4.633205e-12 3.621114e-12 2.226786e-12 4.174458e-12 8.595804e-13 6.412197e-13 2.364549e-13 1.076846e-13 9.47576e-14 4.407222e-14 2.172421e-14 9.058606e-15 ) .

_:03f4a2d1-351b-4aea-bc2a-0c73715e3b98 a essentia:Maximum ;
    afo:values ( 8.698965e-05 1.919797e-02 3.440409e-02 4.635865e-02 3.31986e-02 5.161482e-02 4.557842e-02 4.994971e-02 3.299034e-02 4.934161e-02 4.412938e-02 3.882135e-02 2.89831e-02 7.821751e-02 2.121316e-02 2.280172e-02 2.117397e-02 1.385262e-02 1.773668e-02 4.59025e-03 3.246377e-03 2.780873e-03 1.066809e-03 1.037666e-03 4.987323e-04 1.593267e-04 1.696198e-05 ) .

_:0418d312-f5bb-4d92-83bc-b1e9a9e6adf9 a essentia:DerivativeVariance ;
    afo:value 3.883479e-06 .

_:05151b30-be26-44f2-8d59-da0e8c3b64a2 a essentia:Mean ;
    afo:value 5.212907e-01 .

_:06175612-4596-4347-b333-60ce2c5c5a35 a essentia:Variance ;
    afo:value 0 .

_:0642c22f-afc1-458c-9401-326044351047 a essentia:Minimum ;
    afo:value 7.228915e-02 .

_:06ca7903-508d-4906-9d9c-871d0258f8a3 a essentia:Mean ;
    afo:values ( 4.210936e-05 1.602636e-04 1.753628e-04 1.244505e-04 1.771958e-04 1.290879e-04 1.491816e-04 1.111213e-04 1.033632e-04 5.757958e-05 9.562325e-05 6.546776e-05 5.331001e-05 5.894649e-05 3.848029e-05 3.148372e-05 7.033816e-05 2.529181e-05 1.51645e-05 1.170444e-05 1.878205e-05 1.417433e-05 5.601445e-06 7.902728e-06 1.183656e-05 3.646799e-06 2.349399e-06 1.405342e-06 7.825697e-07 6.865367e-07 3.504903e-07 3.781958e-07 2.567238e-07 1.898305e-07 1.145006e-07 7.123303e-08 5.411865e-08 3.578096e-08 2.808188e-08 1.665526e-08 ) .

_:06e2c992-9c3a-4cc1-866f-ed4de622fcce a essentia:Mean ;
    afo:value 7.228915e-02 .

_:07e75bb8-d223-43bf-947a-52512e3b27e9 a essentia:StrongPeak ;
    event:time _:50211c61-10f3-4943-92a1-d9db7fcf6415 ;
    afo:computed_by _:LowLevelExtractor ;
    afo:feature [ a essentia:Variance ;
            afo:value 1.123222e+00 ],
        [ a essentia:Mean ;
            afo:value 6.178169e-01 ],
        [ a essentia:DerivativeMean ;
            afo:value 3.429129e-01 ],
        [ a essentia:Minimum ;
            afo:value 0 ],
        [ a essentia:DerivativeVariance ;
            afo:value 7.39271e-01 ],
        [ a essentia:SecondDerivativeMean ;
            afo:value 5.724725e-01 ],
        [ a essentia:SecondDerivativeVariance ;
            afo:value 1.952342e+00 ],
        [ a essentia:Median ;
            afo:value 2.828285e-01 ],
        [ a essentia:Maximum ;
            afo:value 1.575183e+01 ] .

_:07ef963c-107a-480a-839d-1b09077e13ec a essentia:SecondDerivativeMean ;
    afo:value 1.864512e-03 .

_:07f40b9d-23a5-4d9f-ac64-107142e83296 a essentia:Mean ;
    afo:value 4.398941e-02 .

_:0879b58a-b143-4b12-96ea-17bd17425686 a essentia:MelBands ;
    event:time _:50211c61-10f3-4943-92a1-d9db7fcf6415 ;
    afo:computed_by _:LowLevelExtractor ;
    afo:feature [ a essentia:Spread ;
            afo:feature _:0247f443-fea6-4dca-9736-df7343976de4,
                [ a essentia:Mean ;
                    afo:value 1.891879e+01 ],
                [ a essentia:Variance ;
                    afo:value 1.43043e+02 ],
                [ a essentia:Median ;
                    afo:value 1.67132e+01 ],
                [ a essentia:SecondDerivativeMean ;
                    afo:value 7.29544e+00 ],
                [ a essentia:Minimum ;
                    afo:value 1.847762e-01 ],
                [ a essentia:DerivativeMean ;
                    afo:value 4.758119e+00 ],
                [ a essentia:DerivativeVariance ;
                    afo:value 3.096714e+01 ],
                [ a essentia:Maximum ;
                    afo:value 1.072206e+02 ] ] .

_:089e2b9a-28c0-42de-9c9e-9ae6bcbf8bf6 a essentia:Maximum ;
    afo:values ( -5.752744e+00 -4.612243e+00 -4.990292e+00 -5.846425e+00 -5.84427e+00 -8.880824e+00 ) .

_:08a953b4-1e70-4041-b469-ddfb2281232c a essentia:SecondDerivativeVariance ;
    afo:value 0 .

_:08f52c6d-e825-4aca-9b15-5a46e4430272 a essentia:SecondDerivativeMean ;
    afo:values ( 6.254652e-01 5.209219e-01 4.574578e-01 3.851462e-01 3.200105e-01 2.402901e-01 ) .

_:0a392b8c-9cd0-4196-88fe-cc82f0eafcf4 a essentia:Spread ;
    afo:feature [ a essentia:DerivativeVariance ;
            afo:value 1.326708e+01 ],
        [ a essentia:SecondDerivativeVariance ;
            afo:value 3.22236e+01 ],
        [ a essentia:Median ;
            afo:value 1.973085e+01 ],
        [ a essentia:SecondDerivativeMean ;
            afo:value 5.917578e+00 ],
        [ a essentia:Mean ;
            afo:value 2.079894e+01 ],
        [ a essentia:DerivativeMean ;
            afo:value 3.842106e+00 ],
        [ a essentia:Variance ;
            afo:value 1.116887e+02 ],
        [ a essentia:Minimum ;
            afo:value 1.148393e+00 ],
        [ a essentia:Maximum ;
            afo:value 1.097107e+02 ] .

_:0ada8e14-9e7a-43e4-b3d9-44c5dd1c1469 a essentia:DerivativeMean ;
    afo:value 5.926121e-03 .

_:0b3eec4d-bea7-4828-9607-c858ec4fbca8 a essentia:SecondDerivativeVariance ;
    afo:value 1.24706e+01 .

_:0b51ad24-78ee-4a17-90cd-f7803509a260 a essentia:Minimum ;
    afo:value 1.156169e-11 .

_:0bb06cfa-7531-436b-8b52-63de7786f12c a essentia:Mean ;
    afo:value 2375794 .

_:0bd9601a-9c70-479c-8b1c-8d669f8b27a5 rdf:first -3.223055e-01 ;
    rdf:rest ( -4.360699e-01 -4.554422e-01 -4.971411e-01 -5.354683e-01 -5.679253e-01 ) .

_:0c7c3cd5-ec80-4e01-9282-ddc2923fe0ba a essentia:Median ;
    afo:value 148 .

_:0c8dfb61-2786-45bc-906e-b4cd522a0bd2 a essentia:SecondDerivativeMean ;
    afo:value 7.613202e-01 .

_:0d0d161a-74b1-4ec1-b92d-4d57a1e44774 a essentia:DerivativeVariance ;
    afo:value 2.268539e-04 .

_:0e1099a4-0b61-417d-a572-8c070fa40095 rdf:first 2.156314e-05 ;
    rdf:rest ( 3.304327e-02 1.473556e+00 1.242488e+01 2.963111e+01 2.241322e+01 1.459436e+02 8.437107e+01 3.945216e+02 5.318189e+02 1.090358e+03 2.401743e+02 2.124505e+03 1.695092e+03 2.151415e+03 4.300869e+03 1.124911e+03 1.927762e+04 1.299978e+03 5.970674e+02 1.338963e+03 5.656881e+02 2.726383e+02 1.692454e+03 1.402691e+02 4.602731e+01 1.00786e+01 4.769944e+00 6.230252e+00 2.423575e+00 5.023268e-01 2.806792e-01 6.539666e-02 1.435317e-02 3.467678e-03 3.91877e-04 1.073085e-05 2.911731e-07 1.285398e-09 6.416885e-11 ) .

_:0e18c6ec-9b65-4ab0-97ce-47fb561ff793 a essentia:DerivativeMean ;
    afo:value 0 .

_:0e604f96-9a70-46e2-80f9-56ee56503447 a essentia:SecondDerivativeVariance ;
    afo:value 3.865343e-05 .

_:0eeeda3f-dfb4-4bb2-8c89-b21e366f603a a essentia:Minimum ;
    afo:value 1.987283e-11 .

_:0fa129a7-c232-4c9a-859e-85c95be180c1 rdf:first 1.26727e-01 ;
    rdf:rest ( 7.924211e-02 2.554372e-02 4.236775e-02 3.719675e-02 3.245559e-02 9.268195e-02 7.622068e-02 4.511655e-02 8.978008e-02 6.913631e-02 1.718318e-02 3.288667e-02 3.19875e-02 5.722108e-02 1.330951e-01 8.915356e-02 2.193584e-02 2.92023e-02 2.455081e-02 1.662184e-02 5.856494e-02 4.441236e-02 2.890381e-02 2.485475e-02 1.594504e-02 1.752148e-02 5.281446e-02 4.202312e-02 3.925059e-02 1.024759e-01 7.493564e-02 1.897404e-02 2.856576e-02 3.889773e-02 5.779441e-02 ) .

_:10410a5f-5bec-45d8-8085-309b4fe642cd a essentia:Minimum ;
    afo:value 1 .

_:10f8d5c0-aa7d-4080-91b5-b367bbd75854 a essentia:Maximum ;
    afo:value 2.087287e-01 .

_:118b5dd9-8315-484b-a9a3-cffa4b9fd4fb a essentia:ERBBands ;
    event:time _:50211c61-10f3-4943-92a1-d9db7fcf6415 ;
    afo:computed_by _:LowLevelExtractor ;
    afo:feature _:0a392b8c-9cd0-4196-88fe-cc82f0eafcf4 .

_:1386a0ca-f99a-411b-8e38-9b2f273c89d6 a essentia:DerivativeMean ;
    afo:value 4.385012e-01 .

_:13fc74af-e0e0-4c97-be94-d89c64815826 a essentia:Maximum ;
    afo:value 1 .

_:143e2493-81e2-4ea3-83da-6c50a6f0fae1 a essentia:Maximum ;
    afo:value 9.200714e-01 .

_:1509ac90-60c7-4489-9112-ec37d4ab12e3 rdf:first 2.940065e-01 ;
    rdf:rest ( 2.16805e-01 8.816637e-02 8.803037e-02 8.481842e-02 1.140239e-01 2.024598e-01 1.790846e-01 1.266617e-01 1.678741e-01 1.381494e-01 7.369711e-02 8.154813e-02 8.672406e-02 1.735421e-01 3.173087e-01 2.368128e-01 8.170802e-02 6.580752e-02 6.225707e-02 7.743309e-02 1.412009e-01 1.292329e-01 7.929113e-02 6.6338e-02 4.543253e-02 6.579027e-02 1.228094e-01 1.127989e-01 1.365427e-01 2.370451e-01 1.819021e-01 6.691106e-02 6.253296e-02 8.07979e-02 1.710967e-01 ) .

_:15ca144b-80fe-4dc4-9ddd-0da2c7f9926c a essentia:DerivativeMean ;
    afo:value 2.151281e-02 .

_:16410b34-3b76-4e68-9f74-8585e6af8fd2 a essentia:DerivativeVariance ;
    afo:value 8.083987e+00 .

_:16680e2b-2cb0-40ab-b723-c1bc8f9566a2 a essentia:Maximum ;
    afo:values ( 3.042351e-03 1.595678e-02 1.672399e-02 9.104852e-03 1.037817e-02 6.279093e-03 1.048419e-02 1.145404e-02 6.986959e-03 4.084729e-03 6.32115e-03 8.472947e-03 6.942686e-03 4.711297e-03 2.806496e-03 2.99416e-03 9.600407e-03 1.843831e-03 1.736665e-03 1.472764e-03 1.995249e-03 1.178227e-03 7.098759e-04 7.081746e-04 1.043611e-03 3.671891e-04 2.356323e-04 1.473098e-04 1.387933e-04 8.145886e-05 7.223024e-05 9.79679e-05 3.942152e-05 3.43891e-05 1.971012e-05 1.300919e-05 1.418558e-05 1.232509e-05 7.709517e-06 5.765687e-06 ) .

_:1700e0ad-e777-4ac7-8a83-274c6879aacf a essentia:Median ;
    afo:values ( 3.898432e-06 1.505765e-06 1.053437e-06 4.273094e-06 9.399501e-06 5.688766e-06 9.956948e-06 8.461902e-06 5.190579e-06 2.536227e-06 3.055561e-06 3.048853e-06 1.566904e-06 1.363113e-06 7.384574e-07 4.037164e-07 4.629452e-07 6.818398e-07 7.119584e-07 5.725139e-07 3.907745e-07 2.766453e-07 1.6936e-07 1.121167e-07 9.806345e-08 4.931658e-08 4.136872e-08 2.146533e-08 1.018627e-08 5.091534e-09 2.77094e-09 2.743381e-09 1.207537e-09 4.935123e-10 3.018999e-10 1.993444e-10 1.67246e-10 1.166484e-10 8.752851e-11 6.392729e-11 ) .

_:17643f21-fcd9-423e-9809-a4d3a3a89918 a essentia:SecondDerivativeMean ;
    afo:values ( 2.273539e-01 2.275604e-01 1.449509e-01 1.088011e-01 1.118158e-01 1.465525e-01 1.925199e-01 1.931272e-01 1.751105e-01 1.433033e-01 1.324523e-01 9.56081e-02 9.583244e-02 1.164079e-01 1.740127e-01 2.312946e-01 2.138055e-01 1.134714e-01 7.118294e-02 7.833721e-02 9.903795e-02 1.375721e-01 1.425881e-01 1.232753e-01 9.106977e-02 6.240657e-02 9.182618e-02 1.330617e-01 1.34544e-01 1.43671e-01 1.83101e-01 1.641638e-01 1.051141e-01 9.311876e-02 1.202491e-01 1.866768e-01 ) .

_:1776f64f-f276-43c5-bc4d-f5ba4405ed9c a essentia:DerivativeVariance ;
    afo:value 1.530373e-01 .

_:17a4a93a-7589-455d-a4bd-65f12e446237 a essentia:SecondDerivativeVariance ;
    afo:values ( 2.754011e-03 2.724401e-03 2.273793e-03 1.401682e-03 9.270296e-04 3.592842e-04 ) .

_:188ee265-37c1-42f7-bddb-c2da39a245e7 a essentia:Mean ;
    afo:value 1.694989e+00 .

_:192220d6-aa7f-46a0-9faf-668798581232 a essentia:Variance ;
    afo:value 3.803153e+03 .

_:1934e0e2-834a-484c-ab0a-09bd46148c2c rdf:first 2.420934e-11 ;
    rdf:rest ( 9.48056e-07 2.588638e-06 4.02369e-06 4.358679e-06 7.223543e-06 4.906617e-06 4.629916e-06 1.660535e-06 4.799179e-06 2.221969e-06 3.778702e-06 1.381645e-06 1.144403e-05 7.121886e-07 4.741128e-07 1.187674e-06 5.049827e-07 6.808074e-07 4.048932e-08 1.464677e-08 9.777679e-09 1.587619e-09 8.582109e-10 1.860721e-10 1.293883e-11 9.84909e-14 ) .

_:1a50d2f1-0d55-442e-b3dd-77c44720d834 a essentia:Median ;
    afo:value 6.638836e+00 .

_:1a9bb2e5-37d9-48b1-a072-509315d0f648 a essentia:ChordsStrength ;
    event:time _:50211c61-10f3-4943-92a1-d9db7fcf6415 ;
    afo:computed_by _:LowLevelExtractor ;
    afo:feature [ a essentia:Maximum ;
            afo:value 8.700471e-01 ],
        [ a essentia:Variance ;
            afo:value 1.217738e-02 ],
        [ a essentia:Minimum ;
            afo:value 2.29619e-01 ],
        [ a essentia:Median ;
            afo:value 5.821854e-01 ],
        [ a essentia:Mean ;
            afo:value 5.724203e-01 ],
        [ a essentia:DerivativeMean ;
            afo:value 1.069185e-02 ],
        [ a essentia:SecondDerivativeVariance ;
            afo:value 7.290994e-05 ],
        [ a essentia:DerivativeVariance ;
            afo:value 7.694688e-05 ],
        [ a essentia:SecondDerivativeMean ;
            afo:value 8.802447e-03 ] .

_:1ac6f374-fffd-4c29-8182-9390ffd5efc2 a essentia:Minimum ;
    afo:value 0 .

_:1ad01a62-1f5e-40c9-ab48-8f4f820a2202 a essentia:SecondDerivativeVariance ;
    afo:value 2.91106e-07 .

_:1b1b9a9d-e5c1-4104-828d-91f4823e88ea a essentia:SecondDerivativeMean ;
    afo:value 4.934558e+00 .

_:1b34fe43-bf5c-462b-a4b4-553a49875358 a essentia:ERBBands ;
    event:time _:50211c61-10f3-4943-92a1-d9db7fcf6415 ;
    afo:computed_by _:LowLevelExtractor ;
    afo:feature [ a essentia:Skewness ;
            afo:feature [ a essentia:DerivativeVariance ;
                    afo:value 1.246082e-01 ],
                [ a essentia:Median ;
                    afo:value 3.374665e-01 ],
                [ a essentia:Minimum ;
                    afo:value -5.061198e+00 ],
                [ a essentia:SecondDerivativeMean ;
                    afo:value 5.691065e-01 ],
                [ a essentia:Maximum ;
                    afo:value 4.773093e+00 ],
                [ a essentia:SecondDerivativeVariance ;
                    afo:value 2.760988e-01 ],
                [ a essentia:Mean ;
                    afo:value 4.055696e-01 ],
                [ a essentia:DerivativeMean ;
                    afo:value 3.764093e-01 ],
                [ a essentia:Variance ;
                    afo:value 5.990369e-01 ] ] .

_:1d052e5d-9d6b-4451-a168-b6a8cefc9924 a essentia:Covariance ;
    afo:dimensions ( 13 13 ) ;
    afo:values ( 1.432984e+04 8.315115e+02 -2.590082e+03 4.634589e+02 -1.070629e+03 2.344564e+01 -2.099011e+02 -8.478004e+01 -6.11785e+02 -3.658032e+02 -1.791816e+02 -2.816792e+02 -4.089402e+02 8.315115e+02 1.19089e+03 -1.443475e+02 -1.799147e+02 -9.393535e+01 -1.733795e+02 -9.079379e+01 -1.467152e+02 -1.726454e+02 -1.666152e+02 -6.570096e+01 -4.123957e+01 -8.028925e+01 -2.590082e+03 -1.443475e+02 1.158761e+03 6.732518e+01 3.25778e+02 2.111158e+02 7.527728e+01 2.799693e+01 6.697415e+01 3.24882e+01 -1.478275e+01 -1.969286e+01 -1.032206e+01 4.634589e+02 -1.799147e+02 6.732518e+01 4.174722e+02 9.877181e+01 9.743818e+01 3.030246e+01 4.062584e+00 1.053228e+01 7.329263e+00 -3.36336e+01 -5.485083e+01 -2.222438e+01 -1.070629e+03 -9.393535e+01 3.25778e+02 9.877181e+01 3.02633e+02 9.698498e+01 2.808503e+01 1.800767e+01 3.421415e+01 2.144157e+01 -1.294254e-01 2.698308e+00 7.417509e+00 2.344564e+01 -1.733795e+02 2.111158e+02 9.743818e+01 9.698498e+01 2.329049e+02 7.595109e+01 3.788114e+01 8.908548e-01 1.2617e+00 -1.721394e+00 -2.018937e+01 -3.073055e+01 -2.099011e+02 -9.079379e+01 7.527728e+01 3.030246e+01 2.808503e+01 7.595109e+01 1.326085e+02 6.41545e+01 6.680146e-01 -2.553967e+00 -5.583242e+00 -7.013631e+00 -1.698927e-01 -8.478004e+01 -1.467152e+02 2.799693e+01 4.062584e+00 1.800767e+01 3.788114e+01 6.41545e+01 1.57005e+02 6.705734e+01 1.808786e+01 -1.096234e+00 -1.673473e+01 -3.573162e+00 -6.11785e+02 -1.726454e+02 6.697415e+01 1.053228e+01 3.421415e+01 8.908548e-01 6.680146e-01 6.705734e+01 1.885634e+02 1.083776e+02 9.50892e+00 7.304496e+00 3.118456e+01 -3.658032e+02 -1.666152e+02 3.24882e+01 7.329263e+00 2.144157e+01 1.2617e+00 -2.553967e+00 1.808786e+01 1.083776e+02 1.798796e+02 8.476212e+01 1.382128e+01 2.513988e+01 -1.791816e+02 -6.570096e+01 -1.478275e+01 -3.36336e+01 -1.294254e-01 -1.721394e+00 -5.583242e+00 -1.096234e+00 9.50892e+00 8.476212e+01 1.829017e+02 1.015437e+02 2.03033e+00 -2.816792e+02 -4.123957e+01 -1.969286e+01 -5.485083e+01 2.698308e+00 -2.018937e+01 -7.013631e+00 -1.673473e+01 7.304496e+00 1.382128e+01 1.015437e+02 1.783479e+02 6.956898e+01 -4.089402e+02 -8.028925e+01 -1.032206e+01 -2.222438e+01 7.417509e+00 -3.073055e+01 -1.698927e-01 -3.573162e+00 3.118456e+01 2.513988e+01 2.03033e+00 6.956898e+01 1.548965e+02 ) .

_:1d4a262a-32c8-44b0-b9af-e1f259ce8276 a essentia:Mean ;
    afo:value 6.691257e+00 .

_:1db87fff-0c3f-49ff-96a6-2c1d17b31911 a essentia:Variance ;
    afo:value 9.465291e-04 .

_:1de7cf98-a92a-4187-8b60-dcb5062546fa a essentia:BarkBands ;
    event:time _:50211c61-10f3-4943-92a1-d9db7fcf6415 ;
    afo:computed_by _:LowLevelExtractor ;
    afo:feature _:03f4a2d1-351b-4aea-bc2a-0c73715e3b98,
        [ a essentia:Minimum ;
            afo:values ( 1.447537e-12 2.145598e-12 1.392004e-12 1.345258e-12 3.080244e-12 2.562507e-12 1.967084e-12 1.372979e-12 1.069636e-12 3.920668e-13 9.633305e-14 1.46032e-13 4.324235e-13 6.064035e-13 4.365062e-13 1.242143e-13 1.999502e-13 2.450759e-13 5.123521e-14 1.463805e-13 1.145769e-13 8.68474e-14 4.947834e-14 6.608809e-14 7.558379e-14 1.000554e-13 1.042806e-13 ) ],
        [ a essentia:DerivativeMean ;
            afo:values ( 2.48914e-06 1.317815e-04 2.228532e-04 3.025945e-04 3.362059e-04 3.838914e-04 3.866694e-04 3.719814e-04 2.302116e-04 3.778157e-04 2.361164e-04 3.427358e-04 1.425286e-04 4.392602e-04 1.387455e-04 1.07808e-04 1.518551e-04 9.360415e-05 9.633532e-05 2.640211e-05 1.347714e-05 8.839183e-06 4.108774e-06 2.474862e-06 1.128514e-06 2.510722e-07 2.071906e-08 ) ],
        [ a essentia:Mean ;
            afo:values ( 3.409814e-06 2.258543e-04 3.358076e-04 3.994885e-04 6.454932e-04 7.935148e-04 6.93444e-04 5.866007e-04 4.046292e-04 6.378533e-04 3.628568e-04 5.107512e-04 2.473567e-04 6.531947e-04 2.264923e-04 1.742613e-04 2.635026e-04 1.613523e-04 1.681624e-04 4.893249e-05 2.609957e-05 1.637453e-05 6.992056e-06 3.7664e-06 1.682499e-06 3.583118e-07 3.392626e-08 ) ],
        [ a essentia:Variance ;
            afo:values _:1934e0e2-834a-484c-ab0a-09bd46148c2c ],
        [ a essentia:SecondDerivativeMean ;
            afo:values ( 4.012313e-06 2.092883e-04 3.555887e-04 5.182679e-04 5.314358e-04 5.658469e-04 6.158397e-04 5.869702e-04 3.642203e-04 5.794661e-04 3.855349e-04 5.5362e-04 2.266504e-04 6.711968e-04 2.133756e-04 1.705198e-04 2.348253e-04 1.463681e-04 1.447254e-04 3.844129e-05 1.936776e-05 1.217868e-05 5.714719e-06 3.359792e-06 1.446756e-06 3.486336e-07 3.023257e-08 ) ],
        [ a essentia:SecondDerivativeVariance ;
            afo:values ( 2.704338e-11 7.982306e-07 2.891767e-06 8.184368e-06 4.10625e-06 3.953131e-06 5.050207e-06 4.673867e-06 1.855259e-06 4.894991e-06 2.981656e-06 5.885897e-06 1.191514e-06 1.461724e-05 8.340942e-07 8.623773e-07 9.433226e-07 5.555718e-07 5.65383e-07 3.06307e-08 8.440158e-09 5.220342e-09 1.224141e-09 8.013337e-10 1.101716e-10 1.061023e-11 1.144113e-13 ) ],
        [ a essentia:Median ;
            afo:values ( 1.947334e-06 1.1572e-05 9.695641e-07 1.337022e-06 3.579577e-05 3.138218e-05 5.292412e-05 3.541911e-05 1.722147e-05 2.801079e-05 9.182353e-06 9.636485e-06 4.059582e-06 4.691328e-06 9.790788e-06 7.898128e-06 5.497964e-06 2.693676e-06 1.808183e-06 7.415898e-07 2.521741e-07 1.158943e-07 2.141258e-08 1.194426e-08 7.060962e-09 5.575111e-09 5.128935e-09 ) ],
        [ a essentia:DerivativeVariance ;
            afo:values ( 1.116016e-11 3.40711e-07 1.221128e-06 3.00273e-06 1.626505e-06 1.926835e-06 2.032535e-06 1.959608e-06 7.125839e-07 2.094394e-06 1.182551e-06 2.281531e-06 4.718344e-07 6.488115e-06 3.604813e-07 3.130507e-07 4.476171e-07 2.32948e-07 2.883072e-07 1.535185e-08 4.867071e-09 3.382787e-09 6.69182e-10 4.264474e-10 7.845015e-11 6.408893e-12 5.54919e-14 ) ] .

_:1e2aa1de-2aab-420e-ba7c-edcda5b1dfcd a essentia:DerivativeVariance ;
    afo:values ( 2.675616e-02 2.856182e-02 3.26092e-02 2.114553e-02 1.092209e-02 6.448369e-04 ) .

_:1e2c59a3-5bfe-4511-a5a5-a287783cfc41 a essentia:DerivativeVariance ;
    afo:value 2.351971e-05 .

_:1e864446-1276-403f-b0c0-70c8dd2cb022 a essentia:SecondPeakWeight ;
    event:time _:50211c61-10f3-4943-92a1-d9db7fcf6415 ;
    afo:computed_by _:LowLevelExtractor ;
    afo:feature _:0642c22f-afc1-458c-9401-326044351047,
        _:06e2c992-9c3a-4cc1-866f-ed4de622fcce,
        [ a essentia:SecondDerivativeVariance ;
            afo:value 0 ],
        [ a essentia:Maximum ;
            afo:value 7.228915e-02 ],
        [ a essentia:Variance ;
            afo:value 0 ],
        [ a essentia:SecondDerivativeMean ;
            afo:value 0 ],
        [ a essentia:DerivativeMean ;
            afo:value 0 ],
        [ a essentia:Median ;
            afo:value 7.228915e-02 ],
        [ a essentia:DerivativeVariance ;
            afo:value 0 ] .

_:1e970eb3-a000-426c-bb2d-e17733c544be a essentia:Variance ;
    afo:value 8.871146e+01 .

_:1f0459d1-d8c2-4a62-971d-10e02014aacc a essentia:FlatnessDB ;
    afo:feature [ a essentia:Variance ;
            afo:value 1.982745e-03 ],
        [ a essentia:Median ;
            afo:value 1.953688e-01 ],
        [ a essentia:Minimum ;
            afo:value 5.61117e-02 ],
        [ a essentia:DerivativeMean ;
            afo:value 1.947712e-02 ],
        [ a essentia:SecondDerivativeMean ;
            afo:value 2.890506e-02 ],
        [ a essentia:SecondDerivativeVariance ;
            afo:value 8.366496e-04 ],
        [ a essentia:DerivativeVariance ;
            afo:value 3.54029e-04 ],
        [ a essentia:Mean ;
            afo:value 1.976194e-01 ],
        [ a essentia:Maximum ;
            afo:value 4.075635e-01 ] .

_:1fa2ca7c-123c-4f77-8554-80241faa5fec a essentia:BarkBands ;
    event:time _:50211c61-10f3-4943-92a1-d9db7fcf6415 ;
    afo:computed_by _:LowLevelExtractor ;
    afo:feature [ a essentia:Kurtosis ;
            afo:feature [ a essentia:DerivativeMean ;
                    afo:value 3.772001e+00 ],
                [ a essentia:Mean ;
                    afo:value 5.951413e+00 ],
                [ a essentia:Maximum ;
                    afo:value 6.474406e+02 ],
                [ a essentia:SecondDerivativeMean ;
                    afo:value 6.146726e+00 ],
                [ a essentia:Minimum ;
                    afo:value -1.916937e+00 ],
                [ a essentia:DerivativeVariance ;
                    afo:value 3.989758e+02 ],
                [ a essentia:Variance ;
                    afo:value 9.669911e+02 ],
                [ a essentia:Median ;
                    afo:value 7.348328e-01 ],
                [ a essentia:SecondDerivativeVariance ;
                    afo:value 1.140636e+03 ] ] .

_:1fe62b13-ca1d-4e94-9ca6-954bb1a9d6f7 a essentia:DerivativeVariance ;
    afo:value 4.925529e-01 .

_:1ffbede7-ae49-4876-a7a0-1de00ef1e4a5 a essentia:Median ;
    afo:values ( 5.383915e-02 1.619054e-01 3.042908e-01 1.838408e-01 7.272583e-02 5.846001e-03 ) .

_:21b08219-8ad4-4e9d-9498-c24b8f93b28a a essentia:Median ;
    afo:value 4.101562e-02 .

_:222e42d9-e7cc-43dd-8f48-716234a4f0e2 a essentia:Variance ;
    afo:value 8.414893e+00 .

_:22604259-7e26-4029-bc2b-598cc983fe8c a essentia:SecondDerivativeMean ;
    afo:values ( 3.733868e-05 1.484368e-04 1.998446e-04 1.242123e-04 1.272163e-04 1.011892e-04 1.234912e-04 1.008529e-04 1.053385e-04 4.886744e-05 9.067462e-05 6.261055e-05 5.446516e-05 6.154827e-05 3.916089e-05 2.922487e-05 7.214209e-05 2.364801e-05 1.418768e-05 1.12019e-05 1.720274e-05 1.227976e-05 4.940354e-06 7.100721e-06 9.757428e-06 3.278855e-06 1.908905e-06 1.237147e-06 6.190584e-07 5.502017e-07 3.089281e-07 3.62872e-07 2.247142e-07 1.754544e-07 1.024418e-07 6.566552e-08 5.232238e-08 3.521395e-08 2.614215e-08 1.586129e-08 ) .

_:22e6d5c0-b289-4a72-884e-a2ba23866869 rdf:first -6.89832e-01 ;
    rdf:rest ( -7.159184e-01 -7.268554e-01 -7.338458e-01 -7.521276e-01 -7.815841e-01 ) .

_:23203e41-bbb1-4382-a0ce-0905f93d1e79 a essentia:Mean ;
    afo:value 2.636487e-01 .

_:235ca74a-e59e-44f3-aad2-f63850488f63 a essentia:Minimum ;
    afo:value 1.852181e+02 .

_:23d8fc2c-53f0-43b9-9fa4-43f2cdbf6a2f a essentia:Mean ;
    afo:value 148 .

_:23ed4060-0190-407e-a186-679396b9c4ca a essentia:DerivativeMean ;
    afo:value 2.097373e+00 .

_:24bc1914-f6cb-492a-a15d-db32ce619f63 a essentia:DerivativeMean ;
    afo:values ( 2.330204e-05 9.605146e-05 1.185895e-04 7.601244e-05 8.868059e-05 6.621014e-05 7.986435e-05 6.350377e-05 6.578096e-05 3.100537e-05 5.833328e-05 3.984311e-05 3.351686e-05 3.889559e-05 2.393448e-05 1.861792e-05 4.76705e-05 1.479453e-05 9.094831e-06 7.036794e-06 1.103063e-05 8.03665e-06 3.262516e-06 4.537254e-06 6.546971e-06 2.172088e-06 1.288096e-06 8.353795e-07 4.20277e-07 3.683392e-07 2.198064e-07 2.46998e-07 1.540812e-07 1.195917e-07 7.293784e-08 4.645018e-08 3.718286e-08 2.518936e-08 1.946554e-08 1.173051e-08 ) .

_:26a3db24-320a-438e-92a1-03bbd0228ba4 a essentia:SecondDerivativeMean ;
    afo:value 1.604719e-02 .

_:2817872c-2e04-422b-af85-677c1db551c0 a essentia:Maximum ;
    afo:value -4.878388e-18 .

_:28db0e9e-7f15-4873-9b08-49a825e5dbd6 a essentia:Median ;
    afo:value 1.767436e-04 .

_:2a69527f-2ed9-47ac-bfde-835f1cd0e9d0 a essentia:Mean ;
    afo:value 1.242469e+01 .

_:2af07d98-af63-4066-a753-f602ac823880 a essentia:Mean ;
    afo:value 3.289639e-03 .

_:2b0333c3-77c4-4140-a8bd-4488a371e7e6 rdf:first 9.801491e-01 ;
    rdf:rest ( 9.262517e-01 9.352393e-01 7.871294e-01 9.443017e-01 1.70735e-01 ) .

_:2b8386f0-affc-4a5b-b47a-19495059b87f a essentia:Variance ;
    afo:value 1.459683e-02 .

_:2ba28369-7f80-427a-babd-b89c39df6725 a essentia:Minimum ;
    afo:value 4.306641e+01 .

_:2bc8af81-edae-4e6a-ac28-12953c15ebe8 a essentia:SecondDerivativeMean ;
    afo:value 9.498164e-01 .

_:2bd1df63-e92f-446e-8c55-389b1ed5a22d a essentia:Minimum ;
    afo:value 5.451955e-02 .

_:2bd6d915-2ae3-4dfe-a53f-f5e143f84c48 a essentia:DerivativeVariance ;
    afo:values ( 4.069707e-02 4.143053e-02 2.289346e-02 2.020458e-02 1.893609e-02 2.216184e-02 3.700271e-02 3.458653e-02 3.157554e-02 2.812834e-02 2.59972e-02 1.145407e-02 1.638827e-02 1.882846e-02 2.646586e-02 4.038595e-02 3.389966e-02 1.56024e-02 1.277425e-02 1.318409e-02 1.218964e-02 2.372559e-02 2.126937e-02 2.136035e-02 1.337154e-02 1.068529e-02 1.429143e-02 2.567822e-02 2.368115e-02 1.968432e-02 2.928035e-02 2.512799e-02 1.582267e-02 1.896786e-02 2.401585e-02 3.316708e-02 ) .

_:2c54a0ba-1a8a-48f9-bf89-b20d5757f04f a essentia:DerivativeMean ;
    afo:value 2.330798e-04 .

_:2c88a2b0-5730-425c-adcc-89c28a14417c a essentia:Median ;
    afo:value 6.138379e-04 .

_:2ce24d19-0fed-4fab-91e6-5abe34bb980e a essentia:Maximum ;
    afo:value 1 .

_:2d1e468e-dcd7-48cc-bf1d-0a1adfd385a2 a essentia:SecondDerivativeVariance ;
    afo:value 0 .

_:2d93ad6d-d862-4efe-9d06-ed111692f4db a essentia:Variance ;
    afo:value 2.368491e-03 .

_:2e0099f5-ebbb-4bfa-a01d-6c459d6be9d6 a essentia:DerivativeMean ;
    afo:value 2.091208e+05 .

_:2ef030b7-5ad3-4014-86f5-b0877771a375 a essentia:SecondDerivativeVariance ;
    afo:value 8.033395e-03 .

_:2f4c1daf-c7a3-461d-b543-065717a74178 rdf:first -8.47291e+02 ;
    rdf:rest ( 1.543321e+02 -3.013847e+01 3.701303e+00 -8.483918e-01 -1.24584e+01 -7.490219e+00 -9.533806e-01 -1.455408e-01 2.139542e+00 -9.753814e-01 -2.253604e-01 5.608438e+00 ) .

_:2f89f07f-a6fb-4656-955c-1e903848e6eb a essentia:DerivativeMean ;
    afo:values ( 4.038608e-02 4.057215e-02 3.608844e-02 2.908303e-02 2.297665e-02 1.425316e-02 ) .

_:2ffcf1cf-2e1a-418f-84d6-3e08c706c6d4 a essentia:DerivativeMean ;
    afo:value 1.245683e-03 .

_:307db876-6bce-4b7c-801e-340d9afc1edd a essentia:SecondPeakBPM ;
    event:time _:50211c61-10f3-4943-92a1-d9db7fcf6415 ;
    afo:computed_by _:LowLevelExtractor ;
    afo:feature _:08a953b4-1e70-4041-b469-ddfb2281232c,
        [ a essentia:Maximum ;
            afo:value 120 ],
        [ a essentia:SecondDerivativeMean ;
            afo:value 0 ],
        [ a essentia:Median ;
            afo:value 120 ],
        [ a essentia:Minimum ;
            afo:value 120 ],
        [ a essentia:DerivativeVariance ;
            afo:value 0 ],
        [ a essentia:DerivativeMean ;
            afo:value 0 ],
        [ a essentia:Mean ;
            afo:value 120 ],
        [ a essentia:Variance ;
            afo:value 0 ] .

_:307fcb76-581d-4724-b253-5f2f6f7eece0 a essentia:DerivativeVariance ;
    afo:value 5.564117e-03 .

_:30943300-8f6b-463d-b222-bd60490d266e a essentia:DerivativeVariance ;
    afo:value 1.236728e-02 .

_:3102b3a3-d857-4827-abf3-9a0e778e7af5 a essentia:DerivativeMean ;
    afo:value 3.331443e-05 .

_:313fd891-843e-4949-8024-6317c6d00b65 a essentia:Median ;
    afo:value 8.433735e-02 .

_:315a39e9-2642-43e7-b9a3-98c91320de91 a essentia:Variance ;
    afo:value 0 .

_:3210defe-e6f2-4c47-9a7e-e6064906f496 a essentia:FlatnessDB ;
    afo:feature _:0d0d161a-74b1-4ec1-b92d-4d57a1e44774,
        _:2d93ad6d-d862-4efe-9d06-ed111692f4db,
        [ a essentia:Minimum ;
            afo:value 4.747214e-02 ],
        [ a essentia:DerivativeMean ;
            afo:value 1.648181e-02 ],
        [ a essentia:Maximum ;
            afo:value 4.262675e-01 ],
        [ a essentia:Median ;
            afo:value 2.57013e-01 ],
        [ a essentia:SecondDerivativeVariance ;
            afo:value 4.898512e-04 ],
        [ a essentia:SecondDerivativeMean ;
            afo:value 2.422357e-02 ],
        [ a essentia:Mean ;
            afo:value 2.548396e-01 ] .

_:32c7d1ca-4d24-462a-923f-d7af509a3bb5 a essentia:DerivativeMean ;
    afo:value 5.48252e-01 .

_:330a0521-1a56-44b8-a1ac-c2a0e20d0bce a essentia:Median ;
    afo:value 2.122218e+00 .

_:337f4684-80cb-4a3e-9d22-ce0baec51d38 a essentia:Variance ;
    afo:value 1.985149e+01 .

_:34250dbd-814f-4262-9820-925455109b13 a essentia:SecondDerivativeMean ;
    afo:value 2.262498e+02 .

_:34f776bb-dc2a-43f3-98dc-48cd57c49536 a essentia:DerivativeVariance ;
    afo:value 1.00752e-04 .

_:359d9fc6-889b-4977-89e2-9e55271a948f a essentia:SilenceRate ;
    event:time _:50211c61-10f3-4943-92a1-d9db7fcf6415 ;
    afo:computed_by _:LowLevelExtractor ;
    afo:feature _:06175612-4596-4347-b333-60ce2c5c5a35,
        _:10410a5f-5bec-45d8-8085-309b4fe642cd,
        _:13fc74af-e0e0-4c97-be94-d89c64815826,
        [ a essentia:Median ;
            afo:value 1 ],
        [ a essentia:SecondDerivativeMean ;
            afo:value 0 ],
        [ a essentia:DerivativeVariance ;
            afo:value 0 ],
        [ a essentia:DerivativeMean ;
            afo:value 0 ],
        [ a essentia:Mean ;
            afo:value 1 ],
        [ a essentia:SecondDerivativeVariance ;
            afo:value 0 ] .

_:359ee4d1-b563-422e-90cb-55a5277c2b8d a essentia:DerivativeMean ;
    afo:value 1.034837e+00 .

_:35e2caee-8fc7-4fd7-a76c-1d79cf8f209f a essentia:SecondDerivativeMean ;
    afo:value 6.853631e-04 .

_:36267f6f-3d61-4f2b-8642-7531d7170833 a essentia:Median ;
    afo:value 2.263922e+06 .

_:3700c972-6b1e-4f97-a87c-636e48c8fd97 a essentia:Variance ;
    afo:value 3.919629e-04 .

_:374ec486-0c37-40a3-9f95-24bf3687c6d1 rdf:first 1 ;
    rdf:rest ( 1 1 1 1 1 1 1 1 1 1 1 1 1 1 1 1 1 1 1 1 1 1 1 1 1 1 1 1 1 1 1 1 1 1 1 ) .

_:376ee426-b7a2-419a-9ca3-21df8ced2970 a essentia:SecondDerivativeMean ;
    afo:values ( 2.189215e-03 6.126881e-02 3.610761e-01 1.060648e+00 1.792386e+00 1.920498e+00 4.330331e+00 4.126922e+00 8.130348e+00 9.597206e+00 1.343443e+01 7.14194e+00 1.81414e+01 1.529622e+01 1.562683e+01 2.309757e+01 1.096776e+01 3.449151e+01 1.284999e+01 8.798717e+00 1.178357e+01 8.779338e+00 5.631375e+00 1.041479e+01 3.521312e+00 1.93097e+00 9.373189e-01 5.076258e-01 4.979674e-01 3.212034e-01 1.475959e-01 8.839047e-02 4.375463e-02 2.03001e-02 8.945721e-03 2.755622e-03 4.259842e-04 6.294392e-05 5.570409e-06 3.241008e-06 ) .

_:37a701ad-241c-41a6-8297-118961eac2c7 a essentia:Skewness ;
    event:time _:50211c61-10f3-4943-92a1-d9db7fcf6415 ;
    afo:computed_by _:LowLevelExtractor ;
    afo:feature _:1386a0ca-f99a-411b-8e38-9b2f273c89d6,
        _:1776f64f-f276-43c5-bc4d-f5ba4405ed9c,
        [ a essentia:SecondDerivativeVariance ;
            afo:value 4.487318e-01 ],
        [ a essentia:Maximum ;
            afo:value 6.712799e+00 ],
        [ a essentia:Median ;
            afo:value 2.188282e+00 ],
        [ a essentia:Minimum ;
            afo:value 7.927771e-01 ],
        [ a essentia:SecondDerivativeMean ;
            afo:value 7.578732e-01 ],
        [ a essentia:Mean ;
            afo:value 2.354595e+00 ],
        [ a essentia:Variance ;
            afo:value 7.095387e-01 ] .

_:37a84ad8-e8b6-4867-ad2b-10d76cd47ebd a essentia:Median ;
    afo:values ( -9.891563e+00 -8.572299e+00 -9.422411e+00 -1.025146e+01 -1.062994e+01 -1.395442e+01 ) .

_:37e51e6b-0a23-4f15-a5d0-378fc7eada50 a essentia:SecondDerivativeMean ;
    afo:value 2.641938e+00 .

_:38fb246a-75e2-4614-b41d-c6d73ba7f008 a essentia:ChordsKey ;
    event:time _:50211c61-10f3-4943-92a1-d9db7fcf6415 ;
    afo:value "G" .

_:3988713b-76ba-4727-a82c-b79313f10f41 a essentia:Variance ;
    afo:value 5.077633e-01 .

_:3a4f1398-2e26-400a-bc99-8e927d3e5e31 rdf:first -1.57865e+01 ;
    rdf:rest ( -1.615842e+01 -1.76621e+01 -1.893998e+01 -1.777407e+01 -2.010875e+01 ) .

_:3af0fbe8-7d3d-4ad6-8be9-957cd04d2047 a essentia:SecondDerivativeMean ;
    afo:value 1.617286e+00 .

_:3bb5be14-ede5-417d-aa0e-f2abdcd84e98 a essentia:Maximum ;
    afo:value 1.310651e+03 .

_:3c1a3856-fb34-4435-8a0e-59dc00a7d232 a essentia:Maximum ;
    afo:value 1.811523e-01 .

_:3cc7aca6-99c2-436e-80db-9ed70c49a6cf a essentia:SecondDerivativeMean ;
    afo:value 5.858985e-03 .

_:3d263f27-ff9d-41c6-8bd4-c3e07a788fce a essentia:Minimum ;
    afo:value 4.940184e-12 .

_:3d7cda02-675f-4861-a36c-02e18b428d6b rdf:first 1.113837e+00 ;
    rdf:rest ( 2.198081e+00 2.386232e+00 2.210234e+00 2.022017e+00 1.260305e+00 ) .

_:3e2ec3e5-8664-4285-955b-193a863a8be0 a essentia:Minimum ;
    afo:value 5.254237e-01 .

