@prefix afo: <https://w3id.org/afo/onto/1.1#> .
@prefix dc: <http://purl.org/dc/elements/1.1/> .
@prefix essentia: <http://sovarr.c4dm.eecs.qmul.ac.uk/af/essentia/> .
@prefix event: <http://purl.org/NET/c4dm/event.owl#> .
@prefix foaf: <http://xmlns.com/foaf/0.1/> .
@prefix mo: <http://purl.org/ontology/mo/> .
@prefix rdf: <http://www.w3.org/1999/02/22-rdf-syntax-ns#> .
@prefix rdfs: <http://www.w3.org/2000/01/rdf-schema#> .
@prefix tl: <http://purl.org/NET/c4dm/timeline.owl#> .
@prefix xml: <http://www.w3.org/XML/1998/namespace> .
@prefix xsd: <http://www.w3.org/2001/XMLSchema#> .

<http://musicbrainz.org/release/0ba97296-8356-4283-9136-ca1a955a5296> a mo:Release ;
    dc:date "2007" ;
    dc:title "Dreams & Imaginations" ;
    mo:publisher [ a mo:Label ] ;
    mo:release_status mo:official ;
    mo:track <http://musicbrainz.org/recording/75683c23-a201-473c-acdd-ef6d203b6452> ;
    foaf:maker <http://musicbrainz.org/artist/da02dddc-60fa-4ca4-88bb-8012598f1f86> .

<32+El+Mexicano.mp3> a mo:AudioFile ;
    mo:encodes [ a essentia:Signal ;
            mo:sample_rate "44100"^^xsd:interger ;
            mo:time _:632b6865-101f-4b16-9269-d51b43295eff ;
            essentia:bit_rate "320000"^^xsd:float ;
            essentia:codec "mp3"^^xsd:string ;
            essentia:downmix "mix"^^xsd:string ;
            essentia:equal_loudness "0"^^xsd:float ;
            essentia:lossless false ;
            essentia:md5_encoded "cf54e2490897af67f2e0f635736086ae"^^xsd:string ;
            essentia:replay_gain "-9.8838558197"^^xsd:float ] .

<http://musicbrainz.org/artist/da02dddc-60fa-4ca4-88bb-8012598f1f86> a mo:MusicArtist ;
    foaf:name "Two Steps From Hell" .

<http://musicbrainz.org/recording/75683c23-a201-473c-acdd-ef6d203b6452> a mo:Track ;
    dc:title "El Mexicano" ;
    mo:available_as <32+El+Mexicano.mp3> ;
    mo:genre [ a mo:Genre ;
            rdfs:label "Trailer" ] ;
    mo:track_number "32/35" .

[] a essentia:VersionInfo .

_:00564c49-80b1-470c-8b13-bcb5362ff29c a essentia:Minimum ;
    afo:value 7.513571e-21 .

_:0138ae3e-a0b2-47b8-a2ea-1928accea6f5 a essentia:SecondDerivativeVariance ;
    afo:value 1.227666e-03 .

_:0163d60a-04e5-4e14-9fb0-ba6fa9fa5d7f a essentia:Spread ;
    event:time _:632b6865-101f-4b16-9269-d51b43295eff ;
    afo:computed_by _:LowLevelExtractor ;
    afo:feature [ a essentia:Variance ;
            afo:value 1.889812e+12 ],
        [ a essentia:Mean ;
            afo:value 2.996002e+06 ],
        [ a essentia:Maximum ;
            afo:value 41978184 ],
        [ a essentia:Median ;
            afo:value 2.742974e+06 ],
        [ a essentia:SecondDerivativeVariance ;
            afo:value 759772282880 ],
        [ a essentia:DerivativeVariance ;
            afo:value 391321583616 ],
        [ a essentia:DerivativeMean ;
            afo:value 2.86586e+05 ],
        [ a essentia:Minimum ;
            afo:value 1.052134e+06 ],
        [ a essentia:SecondDerivativeMean ;
            afo:value 4.531802e+05 ] .

_:017e74d1-4d64-4501-b920-6125c130ac74 a essentia:DerivativeVariance ;
    afo:value 3.031927e-04 .

_:0183d196-c4ae-484d-af91-f769b974af69 a essentia:SecondDerivativeVariance ;
    afo:value 6.232529e-04 .

_:01c4ae31-3369-4c23-ab1d-6a14e50c7a08 a essentia:DerivativeMean ;
    afo:value 0 .

_:01fa3201-620d-42ac-a2d9-c1d99785679b rdf:first -2.79404e+01 ;
    rdf:rest ( -2.746788e+01 -2.714054e+01 -2.74423e+01 -2.733652e+01 -2.729134e+01 ) .

_:0241b10c-2eae-4b5b-8a43-b961e58fc3c5 a essentia:Minimum ;
    afo:values ( 2.389764e-24 2.175572e-24 2.408832e-24 3.097808e-24 8.944447e-24 1.05609e-23 3.999964e-24 7.262646e-24 5.399019e-24 4.010841e-24 6.714832e-24 7.273781e-24 6.843906e-24 1.340685e-23 8.20267e-24 5.382276e-24 9.144343e-24 8.566775e-24 5.624778e-24 7.206548e-24 9.757342e-24 3.391149e-24 2.277841e-24 4.424564e-24 5.405474e-24 8.445126e-24 7.643092e-24 7.218653e-24 7.530691e-24 6.990188e-24 7.338761e-24 1.064421e-23 1.017824e-23 8.409529e-24 8.279056e-24 9.336661e-24 7.02603e-24 8.973512e-24 1.110331e-23 7.389509e-24 ) .

_:028f6e5d-b8e1-459a-a6ab-e93b424d78a0 a essentia:EnergyBand ;
    event:time _:632b6865-101f-4b16-9269-d51b43295eff ;
    afo:computed_by _:LowLevelExtractor ;
    afo:feature [ a essentia:Median ;
            afo:value 1.720292e-03 ],
        [ a essentia:SecondDerivativeVariance ;
            afo:value 1.411835e-05 ],
        [ a essentia:DerivativeVariance ;
            afo:value 5.391237e-06 ],
        [ a essentia:Maximum ;
            afo:value 7.506479e-02 ],
        [ a essentia:SecondDerivativeMean ;
            afo:value 1.964652e-03 ],
        [ a essentia:DerivativeMean ;
            afo:value 1.232826e-03 ],
        [ a essentia:Mean ;
            afo:value 4.278929e-03 ],
        [ a essentia:Variance ;
            afo:value 3.484438e-05 ],
        [ a essentia:Minimum ;
            afo:value 1.276872e-21 ] .

_:0296373a-8645-4654-83eb-2e37a00faab2 a essentia:Spread ;
    afo:feature [ a essentia:Maximum ;
            afo:value 1.133534e+02 ],
        [ a essentia:SecondDerivativeVariance ;
            afo:value 4.618847e+01 ],
        [ a essentia:DerivativeMean ;
            afo:value 3.264078e+00 ],
        [ a essentia:Mean ;
            afo:value 1.560685e+01 ],
        [ a essentia:DerivativeVariance ;
            afo:value 1.893847e+01 ],
        [ a essentia:Minimum ;
            afo:value 8.950647e-01 ],
        [ a essentia:Median ;
            afo:value 1.351978e+01 ],
        [ a essentia:SecondDerivativeMean ;
            afo:value 5.221312e+00 ],
        [ a essentia:Variance ;
            afo:value 1.221492e+02 ] .

_:054ec75c-5f3c-4e8b-84be-919495579d86 a essentia:SecondDerivativeVariance ;
    afo:value 2.726995e-01 .

_:0563faca-65bc-4bbe-ad88-c1653fb21b91 a essentia:DerivativeVariance ;
    afo:value 2.506687e+01 .

_:0681fd02-9cfe-4a28-b898-5b75ad76ac02 a essentia:Key ;
    event:time _:632b6865-101f-4b16-9269-d51b43295eff ;
    afo:value "A" .

_:06bf9c50-c12f-4c09-aad7-7026d5c497ee rdf:first 3.327957e-06 ;
    rdf:rest ( 1.143578e-04 1.526805e-05 1.567138e-05 1.194161e-05 1.046348e-05 8.108246e-06 4.808628e-06 7.935006e-06 4.4774e-06 1.264673e-06 1.790579e-06 3.198153e-06 9.931388e-07 4.22317e-06 2.342858e-07 1.25663e-07 4.93759e-08 8.94748e-08 2.489054e-08 4.660138e-09 1.062791e-08 4.009396e-09 1.640137e-08 2.395197e-08 2.671269e-09 6.074748e-10 ) .

_:06e29efd-65f9-4b7e-958b-39691239f95c a essentia:Skewness ;
    afo:feature [ a essentia:Variance ;
            afo:value 4.562788e-01 ],
        [ a essentia:Median ;
            afo:value 4.083506e-01 ],
        [ a essentia:SecondDerivativeMean ;
            afo:value 5.150505e-01 ],
        [ a essentia:Minimum ;
            afo:value -2.705845e+00 ],
        [ a essentia:SecondDerivativeVariance ;
            afo:value 2.354471e-01 ],
        [ a essentia:DerivativeMean ;
            afo:value 3.25267e-01 ],
        [ a essentia:Mean ;
            afo:value 4.742487e-01 ],
        [ a essentia:DerivativeVariance ;
            afo:value 9.249383e-02 ],
        [ a essentia:Maximum ;
            afo:value 6.188304e+00 ] .

_:076609cc-d237-412c-8397-6383b94cbae7 a essentia:Median ;
    afo:value 1.324605e-02 .

_:080d4252-b4eb-4e53-b317-88b3ec2615f3 a essentia:Maximum ;
    afo:value 1.873754e+02 .

_:085ce079-c659-4efa-a403-0f9194107a22 a essentia:Median ;
    afo:value 7.16394e+00 .

_:086dde1e-66d3-4d55-88cb-d11f46aea1a7 a essentia:SecondDerivativeVariance ;
    afo:value 6.328184e-05 .

_:08799d70-f70f-4222-b677-0b93b1db4d0b a essentia:Minimum ;
    afo:value 2.929688e-03 .

_:08da35cd-c873-412e-883f-d47fb39534bf a essentia:DerivativeMean ;
    afo:value 3.190005e+00 .

_:092aa4d0-9e31-489e-a7e7-566f98679256 a essentia:Maximum ;
    afo:value 2.399181e-01 .

_:0a09c2fb-d023-4fdf-b85d-9794bd277c61 rdf:first 2.571718e-02 ;
    rdf:rest ( 1.44281e-02 1.730132e-02 8.188107e-03 3.495127e-03 8.580193e-04 ) .

_:0ae97de1-61d9-4acd-b9fb-0d2119e725a5 a essentia:Maximum ;
    afo:value 4.999998e-01 .

_:0b6b2092-dfdd-4ccf-b0a5-8653d47c87bd a essentia:GFCC ;
    event:time _:632b6865-101f-4b16-9269-d51b43295eff ;
    afo:computed_by _:LowLevelExtractor ;
    afo:feature [ a essentia:Mean ;
            afo:values ( -9.120758e+01 1.330585e+02 -1.365974e+02 9.782487e+00 -5.053099e+01 -2.710582e+00 -2.691503e+01 1.596556e+00 -1.549806e+01 -1.231384e-01 -6.011933e+00 -1.536325e+00 -8.178154e+00 ) ],
        [ a essentia:Covariance ;
            afo:dimensions ( 13 13 ) ;
            afo:values ( 1.861682e+04 9.989433e+02 -1.45586e+02 1.358103e+03 -1.950112e+02 9.484681e+02 -3.690061e+02 3.663752e+01 -4.018784e+02 -8.558678e+01 -3.659208e+02 -4.457751e+02 -2.252249e+02 9.989433e+02 1.915674e+03 -2.944897e+01 -1.825943e+01 2.028592e+02 -1.722096e+02 1.553344e+02 -1.995056e+02 7.054491e+01 -1.786437e+02 1.302297e+01 -1.971642e+02 1.38625e+01 -1.45586e+02 -2.944897e+01 8.635095e+02 2.308551e+02 2.095755e+02 1.344978e+02 -2.360837e+01 4.391806e+01 -6.91901e+01 1.662191e+01 -8.3106e+01 -9.706241e+00 -7.404128e+01 1.358103e+03 -1.825943e+01 2.308551e+02 4.938817e+02 9.612219e+01 1.767326e+02 -1.373822e+01 2.538051e+01 -6.668413e+01 -4.051294e+01 -5.385169e+01 -5.701047e+01 -4.960064e+01 -1.950112e+02 2.028592e+02 2.095755e+02 9.612219e+01 2.706041e+02 7.326267e+01 8.251611e+01 2.107126e+01 7.52508e+00 4.216585e+00 -1.908778e+01 -2.928733e+01 -1.521058e+01 9.484681e+02 -1.722096e+02 1.344978e+02 1.767326e+02 7.326267e+01 2.55628e+02 4.428859e+01 7.606458e+01 -1.263337e+01 3.338572e+01 -2.176385e+01 -7.042313e+00 -2.466829e+01 -3.690061e+02 1.553344e+02 -2.360837e+01 -1.373822e+01 8.251611e+01 4.428859e+01 1.707197e+02 5.132122e+01 6.755258e+01 6.407556e+00 3.832921e+01 3.866789e+00 1.222623e+01 3.663752e+01 -1.995056e+02 4.391806e+01 2.538051e+01 2.107126e+01 7.606458e+01 5.132122e+01 1.346048e+02 4.335403e+01 5.571391e+01 1.284728e+01 2.947653e+01 4.176612e+00 -4.018784e+02 7.054491e+01 -6.91901e+01 -6.668413e+01 7.52508e+00 -1.263337e+01 6.755258e+01 4.335403e+01 1.301959e+02 4.918176e+01 5.550529e+01 2.139022e+01 3.090998e+01 -8.558678e+01 -1.786437e+02 1.662191e+01 -4.051294e+01 4.216585e+00 3.338572e+01 6.407556e+00 5.571391e+01 4.918176e+01 1.054106e+02 4.356126e+01 4.361057e+01 1.537924e+01 -3.659208e+02 1.302297e+01 -8.3106e+01 -5.385169e+01 -1.908778e+01 -2.176385e+01 3.832921e+01 1.284728e+01 5.550529e+01 4.356126e+01 1.024897e+02 6.017621e+01 3.89831e+01 -4.457751e+02 -1.971642e+02 -9.706241e+00 -5.701047e+01 -2.928733e+01 -7.042313e+00 3.866789e+00 2.947653e+01 2.139022e+01 4.361057e+01 6.017621e+01 1.175459e+02 5.435828e+01 -2.252249e+02 1.38625e+01 -7.404128e+01 -4.960064e+01 -1.521058e+01 -2.466829e+01 1.222623e+01 4.176612e+00 3.090998e+01 1.537924e+01 3.89831e+01 5.435828e+01 9.084464e+01 ) ],
        [ a essentia:InverseCovariance ;
            afo:dimensions ( 13 13 ) ;
            afo:values ( 1.678893e-04 -3.861515e-04 2.681719e-04 -3.255996e-04 4.042504e-04 -7.205633e-04 5.366514e-04 -3.844903e-04 4.785551e-04 -6.968798e-04 5.554077e-04 -2.026478e-04 1.714974e-04 -3.861515e-04 2.225121e-03 -9.444852e-04 8.554544e-04 -1.60621e-03 2.111841e-03 -1.990627e-03 2.263092e-03 -2.008082e-03 3.312637e-03 -2.961049e-03 3.263216e-03 -1.690739e-03 2.681719e-04 -9.444852e-04 2.445413e-03 -1.063876e-03 -6.537745e-04 -1.256797e-03 1.592393e-03 -1.099875e-03 1.158283e-03 -2.138816e-03 2.725119e-03 -2.621099e-03 1.973674e-03 -3.255996e-04 8.554544e-04 -1.063876e-03 4.255071e-03 -1.485637e-03 -1.030385e-03 4.956841e-04 -1.808261e-04 -5.400453e-04 4.151909e-03 -3.090759e-03 2.173029e-03 -5.616611e-04 4.042504e-04 -1.60621e-03 -6.537745e-04 -1.485637e-03 7.70823e-03 -2.010042e-03 -2.371382e-03 -2.255571e-04 2.032943e-03 -4.417508e-03 3.306031e-03 -3.407094e-04 -1.81004e-04 -7.205633e-04 2.111841e-03 -1.256797e-03 -1.030385e-03 -2.010042e-03 1.072522e-02 -5.268177e-03 2.284847e-04 -3.643149e-04 -2.975309e-04 -7.552167e-04 1.370846e-03 -7.431547e-04 5.366514e-04 -1.990627e-03 1.592393e-03 4.956841e-04 -2.371382e-03 -5.268177e-03 1.49607e-02 -6.349636e-03 -2.631321e-03 3.795334e-03 -2.91345e-03 -9.828096e-04 1.744685e-03 -3.844903e-04 2.263092e-03 -1.099875e-03 -1.808261e-04 -2.255571e-04 2.284847e-04 -6.349636e-03 1.631912e-02 -4.709207e-03 -3.013034e-03 2.090881e-03 -5.846181e-04 -6.002088e-04 4.785551e-04 -2.008082e-03 1.158283e-03 -5.400453e-04 2.032943e-03 -3.643149e-04 -2.631321e-03 -4.709207e-03 1.748478e-02 -8.6704e-03 -1.605055e-03 1.765498e-03 -1.894892e-03 -6.968798e-04 3.312637e-03 -2.138816e-03 4.151909e-03 -4.417508e-03 -2.975309e-04 3.795334e-03 -3.013034e-03 -8.6704e-03 2.613918e-02 -1.208267e-02 2.702833e-03 -8.096282e-04 5.554077e-04 -2.961049e-03 2.725119e-03 -3.090759e-03 3.306031e-03 -7.552167e-04 -2.91345e-03 2.090881e-03 -1.605055e-03 -1.208267e-02 2.739564e-02 -1.40841e-02 2.269883e-03 -2.026478e-04 3.263216e-03 -2.621099e-03 2.173029e-03 -3.407094e-04 1.370846e-03 -9.828096e-04 -5.846181e-04 1.765498e-03 2.702833e-03 -1.40841e-02 2.556253e-02 -1.17861e-02 1.714974e-04 -1.690739e-03 1.973674e-03 -5.616611e-04 -1.81004e-04 -7.431547e-04 1.744685e-03 -6.002088e-04 -1.894892e-03 -8.096282e-04 2.269883e-03 -1.17861e-02 1.941376e-02 ) ] .

_:0b8f086b-bb49-4cbc-9109-c167971e9a5a a essentia:Median ;
    afo:value 1.585531e-01 .

_:0bf42f42-9506-46e5-a1ff-9318bff1b652 a essentia:SecondDerivativeVariance ;
    afo:value 1.361434e-03 .

_:0c1af0cd-2fb6-40bf-af4d-bf3fd0d1e8d0 rdf:first 1.813957e-01 ;
    rdf:rest ( 1.282539e-01 1.480472e-01 8.892572e-02 4.165151e-02 1.379315e-02 ) .

_:0c42b6c1-01b0-4d6e-8323-6f94e6dffb1a a essentia:SecondDerivativeVariance ;
    afo:value 2.381201e-07 .

_:0c49a6bc-57fa-4b56-b0f3-afdd60c7c100 a essentia:DerivativeMean ;
    afo:value 1.482565e-02 .

_:0c92496e-b9e5-4f8b-ba73-4d203306224c a essentia:Mean ;
    afo:value 2.397092e-01 .

_:0d537ebb-22fc-4ae0-a0c7-ad10a42a40ef a essentia:Median ;
    afo:value 178 .

_:0dc5c247-b954-49eb-a40a-89688f1c948c a essentia:DerivativeVariance ;
    afo:value 4.811065e-04 .

_:0ed562f8-c407-4c20-bd37-a294f4082a2e a essentia:Minimum ;
    afo:value 0 .

_:0ee8d08a-18e7-43de-9c31-1e142cb41145 a essentia:ChordsKey ;
    event:time _:632b6865-101f-4b16-9269-d51b43295eff ;
    afo:value "D" .

_:0f0f82ed-6fd7-4e67-850e-035917910232 a essentia:Minimum ;
    afo:value -1.687159e+00 .

_:0f2e033c-0352-4af9-b1cf-75fd90c90fc4 a essentia:HPCP ;
    event:time _:632b6865-101f-4b16-9269-d51b43295eff ;
    afo:computed_by _:LowLevelExtractor ;
    afo:feature [ a essentia:Mean ;
            afo:values ( 2.087076e-01 2.72543e-01 1.583742e-01 9.009595e-02 8.675614e-02 5.91333e-02 8.907227e-02 1.247978e-01 1.022058e-01 2.009144e-01 2.537583e-01 1.213796e-01 5.660177e-02 6.460286e-02 7.718275e-02 1.845088e-01 2.62414e-01 1.629666e-01 1.010594e-01 1.105949e-01 8.98516e-02 1.683918e-01 2.602382e-01 2.346457e-01 2.413875e-01 2.211014e-01 1.137119e-01 6.156139e-02 5.137692e-02 5.768824e-02 1.419593e-01 1.832094e-01 1.09065e-01 9.455195e-02 1.252107e-01 1.162472e-01 ) ],
        [ a essentia:Minimum ;
            afo:values [ rdf:first 0 ;
                    rdf:rest [ rdf:first 0 ;
                            rdf:rest [ rdf:first 0 ;
                                    rdf:rest [ rdf:first 0 ;
                                            rdf:rest [ rdf:first 0 ;
                                                    rdf:rest [ rdf:first 0 ;
                                                            rdf:rest [ rdf:first 0 ;
                                                                    rdf:rest [ rdf:first 0 ;
                                                                            rdf:rest [ rdf:first 0 ;
                                                                                    rdf:rest [ rdf:first 0 ;
                                                                                            rdf:rest [ rdf:first 0 ;
                                                                                                    rdf:rest [ rdf:first 0 ;
                                                                                                            rdf:rest [ rdf:first 0 ;
                                                                                                                    rdf:rest [ rdf:first 0 ;
                                                                                                                            rdf:rest [ rdf:first 0 ;
                                                                                                                                    rdf:rest [ rdf:first 0 ;
                                                                                                                                            rdf:rest [ rdf:first 0 ;
                                                                                                                                                    rdf:rest [ rdf:first 0 ;
                                                                                                                                                            rdf:rest [ rdf:first 0 ;
                                                                                                                                                                    rdf:rest [ rdf:first 0 ;
                                                                                                                                                                            rdf:rest [ rdf:first 0 ;
                                                                                                                                                                                    rdf:rest [ rdf:first 0 ;
                                                                                                                                                                                            rdf:rest [ rdf:first 0 ;
                                                                                                                                                                                                    rdf:rest [ rdf:first 0 ;
                                                                                                                                                                                                            rdf:rest [ rdf:first 0 ;
                                                                                                                                                                                                                    rdf:rest [ rdf:first 0 ;
                                                                                                                                                                                                                            rdf:rest [ rdf:first 0 ;
                                                                                                                                                                                                                                    rdf:rest [ rdf:first 0 ;
                                                                                                                                                                                                                                            rdf:rest [ rdf:first 0 ;
                                                                                                                                                                                                                                                    rdf:rest [ rdf:first 0 ;
                                                                                                                                                                                                                                                            rdf:rest [ rdf:first 0 ;
                                                                                                                                                                                                                                                                    rdf:rest [ rdf:first 0 ;
                                                                                                                                                                                                                                                                            rdf:rest [ rdf:first 0 ;
                                                                                                                                                                                                                                                                                    rdf:rest [ rdf:first 0 ;
                                                                                                                                                                                                                                                                                            rdf:rest [ rdf:first 0 ;
                                                                                                                                                                                                                                                                                                    rdf:rest [ rdf:first 0 ;
                                                                                                                                                                                                                                                                                                            rdf:rest () ] ] ] ] ] ] ] ] ] ] ] ] ] ] ] ] ] ] ] ] ] ] ] ] ] ] ] ] ] ] ] ] ] ] ] ] ],
        [ a essentia:Maximum ;
            afo:values ( 1 1 1 1 1 1 1 1 1 1 1 1 1 1 1 1 1 1 1 1 1 1 1 1 1 1 1 1 1 1 1 1 1 1 1 1 ) ],
        [ a essentia:Variance ;
            afo:values ( 7.498135e-02 1.182837e-01 4.558555e-02 2.888549e-02 3.700111e-02 1.654174e-02 2.608451e-02 5.352912e-02 2.287106e-02 7.143274e-02 1.100151e-01 2.703419e-02 1.458545e-02 2.375234e-02 2.121802e-02 6.573744e-02 1.158667e-01 5.244157e-02 3.30955e-02 5.245118e-02 2.305011e-02 5.852306e-02 1.200689e-01 7.472353e-02 9.667609e-02 9.875494e-02 4.428453e-02 1.653519e-02 1.317953e-02 1.285404e-02 5.474572e-02 8.178901e-02 3.038904e-02 2.831691e-02 5.492894e-02 3.443801e-02 ) ],
        [ a essentia:SecondDerivativeMean ;
            afo:values ( 1.948662e-01 2.078193e-01 1.725064e-01 1.165041e-01 1.000628e-01 7.757283e-02 9.444587e-02 1.235811e-01 1.276174e-01 1.656616e-01 1.781845e-01 1.332616e-01 8.837996e-02 9.558453e-02 1.344433e-01 1.941418e-01 2.086307e-01 1.825083e-01 1.285074e-01 1.209447e-01 1.233937e-01 1.740096e-01 2.098898e-01 2.284659e-01 2.44497e-01 1.952212e-01 1.432273e-01 9.971207e-02 8.213535e-02 9.317793e-02 1.501908e-01 1.657346e-01 1.454552e-01 1.285089e-01 1.467887e-01 1.603683e-01 ) ],
        [ a essentia:DerivativeMean ;
            afo:values ( 1.156641e-01 1.23937e-01 1.001234e-01 6.831691e-02 5.811364e-02 4.511197e-02 5.61091e-02 7.342276e-02 7.381052e-02 9.935696e-02 1.065839e-01 7.785928e-02 5.02913e-02 5.409026e-02 7.480318e-02 1.124028e-01 1.217558e-01 1.066827e-01 7.501392e-02 6.994738e-02 7.168338e-02 1.021143e-01 1.221545e-01 1.341597e-01 1.421004e-01 1.144637e-01 8.284643e-02 5.676201e-02 4.672363e-02 5.287604e-02 8.780469e-02 9.795986e-02 8.386431e-02 7.462293e-02 8.505787e-02 9.258518e-02 ) ],
        [ a essentia:SecondDerivativeVariance ;
            afo:values ( 7.732578e-02 8.905182e-02 6.772981e-02 4.516953e-02 4.056491e-02 2.699018e-02 3.007049e-02 5.262466e-02 4.622519e-02 5.873038e-02 6.906108e-02 4.357254e-02 3.779611e-02 3.742781e-02 6.311593e-02 8.5555e-02 8.91227e-02 7.653245e-02 5.162541e-02 6.000141e-02 4.596228e-02 6.93084e-02 9.432825e-02 8.035219e-02 1.035916e-01 8.344614e-02 6.443925e-02 4.36668e-02 3.182076e-02 3.433592e-02 6.147645e-02 6.8802e-02 5.942729e-02 5.33989e-02 6.896675e-02 6.531172e-02 ) ],
        [ a essentia:Median ;
            afo:values ( 7.099508e-02 9.226516e-02 6.267726e-02 2.21269e-02 1.280831e-02 1.351291e-02 2.188691e-02 2.626782e-02 4.005649e-02 7.072312e-02 8.419897e-02 4.640756e-02 1.52763e-02 1.318473e-02 2.113792e-02 5.73702e-02 8.23276e-02 5.51762e-02 2.240391e-02 1.454102e-02 2.430272e-02 4.9453e-02 6.874558e-02 1.121886e-01 8.632348e-02 5.519954e-02 1.928884e-02 1.516953e-02 1.26138e-02 1.805218e-02 3.414407e-02 3.996014e-02 3.250592e-02 2.460803e-02 2.609102e-02 3.880221e-02 ) ],
        [ a essentia:DerivativeVariance ;
            afo:values ( 2.896542e-02 3.503016e-02 2.428661e-02 1.648523e-02 1.587693e-02 9.850278e-03 1.151842e-02 2.046238e-02 1.613621e-02 2.210954e-02 2.7848e-02 1.559431e-02 1.293438e-02 1.418576e-02 2.154506e-02 3.082819e-02 3.543685e-02 2.784012e-02 1.893967e-02 2.321097e-02 1.690445e-02 2.572007e-02 3.656583e-02 3.10584e-02 4.03161e-02 3.298227e-02 2.381385e-02 1.579117e-02 1.167756e-02 1.225215e-02 2.349901e-02 2.695665e-02 2.134009e-02 1.943033e-02 2.635597e-02 2.375551e-02 ) ] .

_:0f85ea26-1fc2-41b2-830d-1d9e3582b3bb rdf:first 3.250278e+00 ;
    rdf:rest ( 2.06731e+00 2.293799e+00 2.434507e+00 2.080658e+00 2.004626e+00 ) .

_:0fa51ee9-d5bb-474e-8532-bbffe49e90ae rdf:first 1 ;
    rdf:rest ( 5.810981e-01 3.305752e-01 3.183209e-01 2.169687e-01 3.268191e-01 4.579014e-01 3.750081e-01 7.371841e-01 9.310761e-01 4.453594e-01 2.076801e-01 2.370373e-01 2.831948e-01 6.769896e-01 9.628352e-01 5.979483e-01 3.708016e-01 4.057889e-01 3.296786e-01 6.178541e-01 9.548519e-01 8.609492e-01 8.856857e-01 8.112533e-01 4.172257e-01 2.258777e-01 1.885094e-01 2.116665e-01 5.208693e-01 6.722221e-01 4.001752e-01 3.469249e-01 4.594164e-01 4.265277e-01 7.657786e-01 ) .

_:11558627-16c6-46d3-9461-9935c562a226 a essentia:Median ;
    afo:value 3.88063e-01 .

_:12ba10de-4021-43c1-b3ec-5b796a10a38a a essentia:Maximum ;
    afo:values ( 8.836337e+00 5.634761e+01 7.898447e+01 1.017048e+02 1.752149e+02 1.374523e+02 5.246143e+02 7.843751e+02 1.33183e+03 7.726207e+02 1.010142e+03 1.366164e+03 1.466751e+03 1.182273e+03 5.86031e+02 7.467878e+02 1.603097e+03 9.267629e+02 2.860784e+03 1.172228e+03 4.965026e+02 2.532027e+02 1.770113e+02 3.467136e+02 3.227723e+02 1.528169e+02 8.99242e+01 7.027155e+01 5.528478e+01 1.472018e+02 3.125017e+01 5.06111e+01 6.882933e+01 9.82327e+01 2.705907e+01 9.665355e+00 2.411653e+00 7.300892e-01 6.576235e-02 2.660203e-03 ) .

_:12f4368c-b307-43b9-9dc4-1433cb688c50 a essentia:SecondDerivativeMean ;
    afo:value 4.795447e-03 .

_:13505a43-e091-434e-a41e-f65c125482a0 a essentia:SecondDerivativeVariance ;
    afo:values _:06bf9c50-c12f-4c09-aad7-7026d5c497ee .

_:1449b53b-f785-4160-af94-cef6b2cae21d a essentia:SecondDerivativeMean ;
    afo:value 7.210427e-04 .

_:147100b9-9c36-44ca-9dd4-075e2bb05b6e a essentia:Mean ;
    afo:values ( -6.589633e-01 -7.244757e-01 -7.539507e-01 -7.658496e-01 -7.819182e-01 -7.567855e-01 ) .

_:156919be-84e5-421f-93c4-e97d93c0533f a essentia:Mean ;
    afo:value 1.030296e-02 .

_:15f735c5-0818-4cdf-b099-3a8d3123e775 a essentia:ZeroCrossingRate ;
    event:time _:632b6865-101f-4b16-9269-d51b43295eff ;
    afo:computed_by _:LowLevelExtractor ;
    afo:feature _:08799d70-f70f-4222-b677-0b93b1db4d0b,
        [ a essentia:DerivativeVariance ;
            afo:value 4.575534e-05 ],
        [ a essentia:Variance ;
            afo:value 1.11867e-03 ],
        [ a essentia:DerivativeMean ;
            afo:value 4.918634e-03 ],
        [ a essentia:Median ;
            afo:value 3.710938e-02 ],
        [ a essentia:Maximum ;
            afo:value 5.209961e-01 ],
        [ a essentia:SecondDerivativeVariance ;
            afo:value 6.388271e-05 ],
        [ a essentia:SecondDerivativeMean ;
            afo:value 6.183757e-03 ],
        [ a essentia:Mean ;
            afo:value 4.23147e-02 ] .

_:161482e7-cd79-4669-822c-30c0218d4e79 a essentia:SecondDerivativeMean ;
    afo:value 6.431447e+00 .

_:16b77e5a-e13f-449c-af87-9fb006bed790 a essentia:Variance ;
    afo:value 0 .

_:1710c400-55ed-4efa-b8b6-435cfb9713db a essentia:SecondDerivativeVariance ;
    afo:value 1.1495e+01 .

_:17a25c1b-71b2-4951-b7e8-36ab0925e6b1 a essentia:SecondDerivativeVariance ;
    afo:value 1.944739e+01 .

_:17dbf74d-30ad-49da-967d-7c69a209e56a a essentia:Mean ;
    afo:value 0 .

_:180a91fa-103b-4b60-8752-fef9870e2dd8 a essentia:SecondDerivativeMean ;
    afo:values ( 9.929269e-04 9.996172e-04 7.444482e-04 4.24312e-04 2.690707e-04 3.267187e-04 2.755813e-04 2.068732e-04 1.869125e-04 1.898622e-04 1.132865e-04 1.068911e-04 7.865298e-05 6.664609e-05 7.760886e-05 5.842978e-05 3.608849e-05 3.630222e-05 3.038046e-05 1.864683e-05 1.020862e-05 8.626294e-06 7.532941e-06 4.857309e-06 5.212152e-06 4.004759e-06 2.797668e-06 2.044495e-06 9.567561e-07 7.370506e-07 4.427756e-07 4.239215e-07 4.219703e-07 3.292521e-07 1.894443e-07 1.924065e-07 1.88066e-07 1.655661e-07 1.825197e-07 1.302053e-07 ) .

_:184c1cc9-9504-4b27-be4a-3f7e5fba952d a essentia:Median ;
    afo:value 5.695676e-01 .

_:18ac89bc-2ac6-4d2b-b510-dbe200a283cd rdf:first 1.871494e-06 ;
    rdf:rest ( 1.635968e-04 1.729174e-05 9.807338e-06 9.634322e-06 1.562935e-05 1.627253e-05 6.143839e-06 5.972055e-06 3.725683e-06 1.095701e-06 1.295599e-06 2.72905e-06 6.294972e-07 3.575961e-06 2.035794e-07 1.064578e-07 5.195555e-08 8.666125e-08 2.64878e-08 7.556253e-09 5.157563e-09 1.67378e-09 6.062178e-09 6.457203e-09 1.113668e-09 3.048337e-10 ) .

_:1ae5eff5-7912-4884-91b0-2359da84e1b2 a essentia:Maximum ;
    afo:value 1 .

_:1b0896e9-8c1e-44b1-b22e-6b0258188fc2 a essentia:Minimum ;
    afo:value 2.278267e-02 .

_:1b89b4c5-4cb7-4b19-8f83-062ce1ed07e5 a essentia:SecondDerivativeVariance ;
    afo:value 3.665305e-05 .

_:1c82c2f4-7f67-4d92-97c7-ddd40cdf267f a essentia:Median ;
    afo:value 1.27653e+00 .

_:1d1f2fd7-1ffe-4ab4-9d39-1b50a3d86743 a essentia:FirstPeakWeight ;
    event:time _:632b6865-101f-4b16-9269-d51b43295eff ;
    afo:computed_by _:LowLevelExtractor ;
    afo:feature [ a essentia:DerivativeMean ;
            afo:value 0 ],
        [ a essentia:SecondDerivativeMean ;
            afo:value 0 ],
        [ a essentia:Mean ;
            afo:value 2.973422e-01 ],
        [ a essentia:SecondDerivativeVariance ;
            afo:value 0 ],
        [ a essentia:Minimum ;
            afo:value 2.973422e-01 ],
        [ a essentia:DerivativeVariance ;
            afo:value 0 ],
        [ a essentia:Median ;
            afo:value 2.973422e-01 ],
        [ a essentia:Variance ;
            afo:value 0 ],
        [ a essentia:Maximum ;
            afo:value 2.973422e-01 ] .

_:1d62c897-32d6-475d-880f-0d59053934a3 a essentia:Maximum ;
    afo:value 1 .

_:1d6f26bc-5df5-42e9-8c12-6bfd65aa5a54 a essentia:SecondDerivativeMean ;
    afo:value 3.719204e+00 .

_:1dd35c9d-a8c2-4f26-932c-9ce8e97eef06 a essentia:Variance ;
    afo:value 1.402793e-07 .

_:1ddc0b45-f6af-48c9-8bb2-be078fe4a237 rdf:first 3.14315e-01 ;
    rdf:rest ( 1.810389e-01 2.215419e-01 1.167295e-01 4.238501e-02 9.217619e-03 ) .

_:1eaf53ba-6acc-4f69-acfa-14e136f6fd78 a essentia:BarkBands ;
    event:time _:632b6865-101f-4b16-9269-d51b43295eff ;
    afo:computed_by _:LowLevelExtractor ;
    afo:feature [ a essentia:FlatnessDB ;
            afo:feature _:0183d196-c4ae-484d-af91-f769b974af69,
                _:0b8f086b-bb49-4cbc-9109-c167971e9a5a,
                _:1b0896e9-8c1e-44b1-b22e-6b0258188fc2,
                [ a essentia:Maximum ;
                    afo:value 3.810669e-01 ],
                [ a essentia:SecondDerivativeMean ;
                    afo:value 2.607878e-02 ],
                [ a essentia:DerivativeMean ;
                    afo:value 1.680294e-02 ],
                [ a essentia:Mean ;
                    afo:value 1.626464e-01 ],
                [ a essentia:DerivativeVariance ;
                    afo:value 2.464582e-04 ],
                [ a essentia:Variance ;
                    afo:value 2.825669e-03 ] ] .

_:1ed4ae72-0e0a-4ea0-b011-673939f55293 a essentia:Median ;
    afo:value 1 .

_:1efadab7-ff26-4fae-836f-543d6faa3e0d a essentia:Variance ;
    afo:value 2.076712e+02 .

_:1fd55f4a-84d9-455d-843d-da80e4c06e61 a essentia:DerivativeVariance ;
    afo:value 0 .

_:20099025-4eb2-4086-aa6a-faed8a3d8b86 a essentia:SecondDerivativeMean ;
    afo:value 5.281539e-03 .

_:20b120da-639d-4d45-8611-0b9c452c8b5a a essentia:Minimum ;
    afo:value 2.095829e+00 .

_:20e9478d-4164-4efa-b836-78fffc7b5601 a essentia:DerivativeVariance ;
    afo:value 0 .

_:219a5b09-6d00-4fa6-80d5-8df7e8ef2826 a essentia:DerivativeVariance ;
    afo:value 9.275389e-08 .

_:21ddcd88-c38f-4a8f-a3bd-4808eb18764b a essentia:SecondDerivativeVariance ;
    afo:value 4.763742e-01 .

_:22aafc57-c5d4-475f-99e9-c8757db1330d a essentia:Variance ;
    afo:value 9.718035e-01 .

_:23044929-6ab5-409a-9ec4-2f9f4500f3d9 a essentia:Median ;
    afo:value 1.368164e-01 .

_:23d4ef10-5d92-48c3-86a8-be8adce9a793 a essentia:DerivativeMean ;
    afo:value 3.934949e-01 .

_:23fffd0a-a2bd-4ca7-b5c2-68c26df9d73c a essentia:Maximum ;
    afo:value 1.920762e+04 .

_:244bc174-d809-48bd-90b2-2e7374f78769 a essentia:DerivativeMean ;
    afo:value 8.995502e-03 .

_:24ff1fa5-46ba-4173-a322-864c0446c8af a essentia:Maximum ;
    afo:value 45 .

_:25ca6a85-4e9b-4e6f-bb0b-54fe700f9768 a essentia:SecondPeakSpread ;
    event:time _:632b6865-101f-4b16-9269-d51b43295eff ;
    afo:computed_by _:LowLevelExtractor ;
    afo:feature [ a essentia:SecondDerivativeMean ;
            afo:value 0 ],
        [ a essentia:Minimum ;
            afo:value 0 ],
        [ a essentia:SecondDerivativeVariance ;
            afo:value 0 ],
        [ a essentia:Median ;
            afo:value 0 ],
        [ a essentia:DerivativeMean ;
            afo:value 0 ],
        [ a essentia:Variance ;
            afo:value 0 ],
        [ a essentia:DerivativeVariance ;
            afo:value 0 ],
        [ a essentia:Maximum ;
            afo:value 0 ],
        [ a essentia:Mean ;
            afo:value 0 ] .

_:25ed64dd-0f6d-4b63-9269-18b60cc9d675 a essentia:Variance ;
    afo:value 1.337124e+00 .

_:2696247e-cd09-434a-b42d-344a8968ef73 a essentia:SilenceRate ;
    event:time _:632b6865-101f-4b16-9269-d51b43295eff ;
    afo:computed_by _:LowLevelExtractor ;
    afo:feature _:1ae5eff5-7912-4884-91b0-2359da84e1b2,
        [ a essentia:SecondDerivativeVariance ;
            afo:value 0 ],
        [ a essentia:SecondDerivativeMean ;
            afo:value 0 ],
        [ a essentia:DerivativeMean ;
            afo:value 0 ],
        [ a essentia:Median ;
            afo:value 1 ],
        [ a essentia:Minimum ;
            afo:value 1 ],
        [ a essentia:DerivativeVariance ;
            afo:value 0 ],
        [ a essentia:Variance ;
            afo:value 0 ],
        [ a essentia:Mean ;
            afo:value 1 ] .

_:26ea2615-2d4c-40ce-8eb2-3ed4c1d8083d a essentia:DerivativeMean ;
    afo:value 3.125551e-03 .

_:2774ecae-686c-4f3d-a28a-e8bc242f43ef a essentia:Median ;
    afo:value 1.579727e+00 .

_:285f37c4-ce96-4578-9b0c-64e46d6d8a5f a essentia:Minimum ;
    afo:value 2.152147e+00 .

_:28af8968-8618-4e27-8b6d-77141ca6dd51 rdf:first 1.652678e+01 ;
    rdf:rest ( 4.376499e+00 1.618705e+00 2.717826e+00 1.079137e+00 4.056755e+00 0 7.394085e+00 6.794564e-01 8.493205e+00 0 0 0 0 0 1.199041e-01 5.075939e+00 2.797762e+00 9.692246e+00 1.458833e+00 4.996003e+00 5.035971e+00 1.754596e+01 6.334932e+00 ) .

_:28b72ed0-e1f1-4f17-b7c2-01e28cc97f84 a essentia:Mean ;
    afo:value 1.435059e+01 .

_:28bed07f-7f2f-488f-847a-c1ce4f2d4eae a essentia:Median ;
    afo:value 7.367137e+00 .

_:292ddd00-1dfa-4295-b1ec-ecc20e63ad9c a essentia:DerivativeVariance ;
    afo:value 3.745911e+00 .

_:293b50b6-df14-4878-9903-6cfdde6cf263 a essentia:Maximum ;
    afo:value 3.856804e-01 .

_:29f6ac93-ebd4-4646-8756-1abf1b59db3e a essentia:Variance ;
    afo:value 5.257586e+00 .

_:2a4f3925-5672-4b12-b692-6b0781f063bb a essentia:Median ;
    afo:value 1.844201e+00 .

_:2a56171a-0b9a-420c-9cb9-83e23722ff3d a essentia:Minimum ;
    afo:value -2.381682e+00 .

_:2aac8491-f3bd-4b71-97d9-4be767691b96 a essentia:SilenceRate ;
    event:time _:632b6865-101f-4b16-9269-d51b43295eff ;
    afo:computed_by _:LowLevelExtractor ;
    afo:feature _:1d62c897-32d6-475d-880f-0d59053934a3,
        [ a essentia:Minimum ;
            afo:value 0 ],
        [ a essentia:Median ;
            afo:value 0 ],
        [ a essentia:Mean ;
            afo:value 2.527483e-01 ],
        [ a essentia:SecondDerivativeMean ;
            afo:value 5.357857e-02 ],
        [ a essentia:Variance ;
            afo:value 1.888629e-01 ],
        [ a essentia:DerivativeMean ;
            afo:value 2.678661e-02 ],
        [ a essentia:DerivativeVariance ;
            afo:value 2.606953e-02 ],
        [ a essentia:SecondDerivativeVariance ;
            afo:value 5.830298e-02 ] .

_:2aebbdb0-6847-4a04-856a-ac3b12375cad a essentia:Minimum ;
    afo:value -1.846315e+00 .

_:2b3b6901-4eef-4182-beaa-1a3ddf91f9c7 a essentia:Mean ;
    afo:value 5.695221e-01 .

_:2bcd144c-602d-4d01-8ce3-11ac6cccbcde a essentia:KeyScale ;
    event:time _:632b6865-101f-4b16-9269-d51b43295eff ;
    afo:value "minor" .

_:2c02b650-77fd-4fd5-ace3-ae05fe533a96 a essentia:DerivativeVariance ;
    afo:value 4.2652e+00 .

_:2c3ef9a7-831d-462d-803e-8a7f05ace1f1 a essentia:Spread ;
    afo:feature _:0563faca-65bc-4bbe-ad88-c1653fb21b91,
        _:080d4252-b4eb-4e53-b317-88b3ec2615f3,
        _:161482e7-cd79-4669-822c-30c0218d4e79,
        [ a essentia:Median ;
            afo:value 1.577382e+01 ],
        [ a essentia:DerivativeMean ;
            afo:value 4.062218e+00 ],
        [ a essentia:SecondDerivativeVariance ;
            afo:value 6.055998e+01 ],
        [ a essentia:Variance ;
            afo:value 1.325166e+02 ],
        [ a essentia:Mean ;
            afo:value 1.800689e+01 ],
        [ a essentia:Minimum ;
            afo:value 8.78711e-01 ] .

_:2c42c545-4abd-4a06-8a69-51a9f8c92c7b a essentia:DerivativeVariance ;
    afo:values ( 3.863179e-06 2.891403e-06 8.694958e-07 2.78989e-07 1.588305e-07 2.262001e-07 1.829022e-07 8.136312e-08 6.846683e-08 8.545919e-08 3.796584e-08 2.252829e-08 8.506296e-09 8.670968e-09 1.047808e-08 9.845396e-09 3.831304e-09 6.886241e-09 7.472702e-09 6.832436e-10 2.099764e-10 1.465585e-10 1.500272e-10 5.335306e-11 8.643544e-11 4.099183e-11 2.278846e-11 1.372415e-11 3.293663e-12 2.446863e-12 6.30178e-13 8.819114e-13 2.593641e-12 1.788739e-12 2.282888e-13 6.936858e-13 7.357179e-13 7.371742e-13 2.135511e-12 1.365369e-12 ) .

_:2d048b94-79f8-4365-b427-81bbf6c7686e a essentia:Median ;
    afo:value 4.570011e-02 .

_:2d535906-4af3-4c07-99dd-c7771f962762 rdf:first 1.439238e-03 ;
    rdf:rest ( 1.098778e-03 7.902993e-04 4.824251e-04 2.461995e-04 1.726655e-04 ) .

_:2f1b3240-d2a2-4eec-8a6d-da2a0ec9b229 a tl:Timeline ;
    tl:interval _:632b6865-101f-4b16-9269-d51b43295eff .

_:3059aa2a-f818-4adc-9ded-4df7fd50ab56 a essentia:SecondDerivativeVariance ;
    afo:value 0 .

_:305deeec-7509-4e25-9d43-a9912d63d389 a essentia:Entropy ;
    event:time _:632b6865-101f-4b16-9269-d51b43295eff ;
    afo:computed_by _:LowLevelExtractor ;
    afo:feature _:085ce079-c659-4efa-a403-0f9194107a22,
        [ a essentia:Maximum ;
            afo:value 9.803675e+00 ],
        [ a essentia:Mean ;
            afo:value 7.115063e+00 ],
        [ a essentia:Minimum ;
            afo:value 5.203872e+00 ],
        [ a essentia:Variance ;
            afo:value 1.944967e-01 ],
        [ a essentia:SecondDerivativeVariance ;
            afo:value 3.653502e-02 ],
        [ a essentia:SecondDerivativeMean ;
            afo:value 1.859972e-01 ],
        [ a essentia:DerivativeMean ;
            afo:value 1.196048e-01 ],
        [ a essentia:DerivativeVariance ;
            afo:value 1.501114e-02 ] .

_:30e8ae0f-981d-4d4b-93df-5eaabad6e58b a essentia:Minimum ;
    afo:value 1.126549e-01 .

_:31e309ef-7892-4607-8ed3-5ad4148162c5 a essentia:DerivativeMean ;
    afo:value 7.877083e-03 .

_:32f612ef-9722-40c1-a5f8-2c7d0df775dc a essentia:SilenceRate ;
