@prefix afo: <https://w3id.org/afo/onto/1.1#> .
@prefix dc: <http://purl.org/dc/elements/1.1/> .
@prefix essentia: <http://sovarr.c4dm.eecs.qmul.ac.uk/af/essentia/> .
@prefix event: <http://purl.org/NET/c4dm/event.owl#> .
@prefix foaf: <http://xmlns.com/foaf/0.1/> .
@prefix mo: <http://purl.org/ontology/mo/> .
@prefix rdf: <http://www.w3.org/1999/02/22-rdf-syntax-ns#> .
@prefix rdfs: <http://www.w3.org/2000/01/rdf-schema#> .
@prefix tl: <http://purl.org/NET/c4dm/timeline.owl#> .
@prefix xml: <http://www.w3.org/XML/1998/namespace> .
@prefix xsd: <http://www.w3.org/2001/XMLSchema#> .

<http://musicbrainz.org/release/31dc8992-5b17-44bc-a22e-d6cfe5b97744> a mo:Release ;
    dc:date "2006" ;
    dc:title "Down Home Old School Country Blues" ;
    mo:catalogue_number "100003" ;
    mo:publisher [ a mo:Label ;
            foaf:name "Blue Beet" ] ;
    mo:publishing_location "US" ;
    mo:release_status mo:official ;
    mo:release_type mo:album ;
    mo:track <http://musicbrainz.org/recording/7fe0bcec-646e-4fba-9117-4ee47bd7aa7a> ;
    foaf:maker <http://musicbrainz.org/artist/7add4a57-3a65-463b-904e-29e18f1aa890> .

<14.+Track14_3-23.mp3> a mo:AudioFile ;
    mo:encodes [ a essentia:Signal ;
            mo:sample_rate "44100"^^xsd:interger ;
            mo:time _:7e23384c-20a4-40b1-8549-b1e74145560c ;
            essentia:bit_rate "206181"^^xsd:float ;
            essentia:codec "mp3"^^xsd:string ;
            essentia:downmix "mix"^^xsd:string ;
            essentia:equal_loudness "0"^^xsd:float ;
            essentia:lossless false ;
            essentia:md5_encoded "702e974bea03506a8218fc27603edf25"^^xsd:string ;
            essentia:replay_gain "-15.4590759277"^^xsd:float ] .

<http://musicbrainz.org/artist/7add4a57-3a65-463b-904e-29e18f1aa890> a mo:MusicArtist ;
    foaf:name "Richard Ray Farell & Steve Guyger" .

<http://musicbrainz.org/recording/7fe0bcec-646e-4fba-9117-4ee47bd7aa7a> a mo:Track ;
    dc:title "You Can't Get That Stuff No More" ;
    mo:available_as <14.+Track14_3-23.mp3> ;
    mo:genre [ a mo:Genre ;
            rdfs:label "Blues" ] ;
    mo:track_number "14/16" .

[] a essentia:VersionInfo .

_:016fff6b-74a7-43e4-87d9-495241915a2b a essentia:SecondDerivativeVariance ;
    afo:value 0 .

_:01c64fc2-7666-43da-a099-3452e4d5c202 a essentia:SecondDerivativeMean ;
    afo:value 3.520183e-02 .

_:028bfa3a-035a-4097-b7ab-4fb9b1fc80c9 rdf:first 0 ;
    rdf:rest [ rdf:first 0 ;
            rdf:rest [ rdf:first 0 ;
                    rdf:rest [ rdf:first 0 ;
                            rdf:rest [ rdf:first 0 ;
                                    rdf:rest [ rdf:first 0 ;
                                            rdf:rest [ rdf:first 0 ;
                                                    rdf:rest [ rdf:first 0 ;
                                                            rdf:rest [ rdf:first 0 ;
                                                                    rdf:rest [ rdf:first 0 ;
                                                                            rdf:rest [ rdf:first 0 ;
                                                                                    rdf:rest [ rdf:first 0 ;
                                                                                            rdf:rest [ rdf:first 0 ;
                                                                                                    rdf:rest [ rdf:first 0 ;
                                                                                                            rdf:rest [ rdf:first 0 ;
                                                                                                                    rdf:rest [ rdf:first 0 ;
                                                                                                                            rdf:rest [ rdf:first 0 ;
                                                                                                                                    rdf:rest [ rdf:first 0 ;
                                                                                                                                            rdf:rest [ rdf:first 0 ;
                                                                                                                                                    rdf:rest [ rdf:first 0 ;
                                                                                                                                                            rdf:rest [ rdf:first 0 ;
                                                                                                                                                                    rdf:rest [ rdf:first 0 ;
                                                                                                                                                                            rdf:rest [ rdf:first 0 ;
                                                                                                                                                                                    rdf:rest [ rdf:first 0 ;
                                                                                                                                                                                            rdf:rest [ rdf:first 0 ;
                                                                                                                                                                                                    rdf:rest [ rdf:first 0 ;
                                                                                                                                                                                                            rdf:rest [ rdf:first 0 ;
                                                                                                                                                                                                                    rdf:rest [ rdf:first 0 ;
                                                                                                                                                                                                                            rdf:rest [ rdf:first 0 ;
                                                                                                                                                                                                                                    rdf:rest [ rdf:first 0 ;
                                                                                                                                                                                                                                            rdf:rest [ rdf:first 0 ;
                                                                                                                                                                                                                                                    rdf:rest [ rdf:first 0 ;
                                                                                                                                                                                                                                                            rdf:rest [ rdf:first 0 ;
                                                                                                                                                                                                                                                                    rdf:rest [ rdf:first 0 ;
                                                                                                                                                                                                                                                                            rdf:rest [ rdf:first 0 ;
                                                                                                                                                                                                                                                                                    rdf:rest [ rdf:first 0 ;
                                                                                                                                                                                                                                                                                            rdf:rest () ] ] ] ] ] ] ] ] ] ] ] ] ] ] ] ] ] ] ] ] ] ] ] ] ] ] ] ] ] ] ] ] ] ] ] .

_:02bcbdd2-183b-4314-a27c-7e58ce0b27f3 a essentia:BeatsLoudness ;
    event:time _:7e23384c-20a4-40b1-8549-b1e74145560c ;
    afo:computed_by _:LowLevelExtractor ;
    afo:feature [ a essentia:Mean ;
            afo:value 3.449924e-02 ],
        [ a essentia:SecondDerivativeVariance ;
            afo:value 5.493543e-04 ],
        [ a essentia:DerivativeMean ;
            afo:value 1.644177e-02 ],
        [ a essentia:Maximum ;
            afo:value 9.015605e-02 ],
        [ a essentia:SecondDerivativeMean ;
            afo:value 2.891862e-02 ],
        [ a essentia:Median ;
            afo:value 3.29963e-02 ],
        [ a essentia:DerivativeVariance ;
            afo:value 1.736356e-04 ],
        [ a essentia:Minimum ;
            afo:value 0 ],
        [ a essentia:Variance ;
            afo:value 3.122513e-04 ] .

_:02cf9cf9-5d0e-4886-8517-893514da74c7 a essentia:Median ;
    afo:value 1.04484e+01 .

_:02f67ca1-84da-4c16-bbec-bd44b24aaa47 a essentia:DerivativeVariance ;
    afo:value 0 .

_:03f0dc69-956f-486e-8d99-7722572bd397 rdf:first 4.102423e-05 ;
    rdf:rest ( 1.06815e-03 3.524014e-02 4.123566e-01 7.717521e-01 3.679585e+00 9.016929e+00 6.169204e+00 3.961011e+00 4.648507e+00 4.447211e+00 4.141477e+00 7.276265e+00 6.614606e+00 1.249905e+01 1.639901e+01 1.122678e+01 1.103955e+01 5.246466e+00 5.51291e+00 3.943741e+00 4.256997e+00 3.399468e+00 3.418158e+00 2.206105e+00 1.152034e+00 1.287945e+00 1.571138e+00 1.56016e+00 1.141376e+00 6.715288e-01 3.451855e-01 2.057516e-01 9.406768e-02 2.769265e-02 8.432467e-03 2.841371e-03 7.96037e-04 9.425769e-05 2.023598e-05 ) .

_:0408c74a-dc59-4395-9bd3-6a118a97aff3 a essentia:SecondDerivativeMean ;
    afo:value 3.518318e-04 .

_:043b356c-04d9-4811-b46a-cc7afd5f934a a essentia:Mean ;
    afo:value 2.967359e-02 .

_:0522ad54-5b65-4f5f-9590-587b7000ff04 a essentia:Mean ;
    afo:values ( 4.350971e-04 5.49624e-03 1.979977e-01 8.786308e-01 1.438511e+00 1.032613e+01 2.975463e+01 2.105793e+01 1.19003e+01 2.22111e+01 3.254889e+01 1.914517e+01 1.831479e+01 2.218762e+01 4.736647e+01 7.694319e+01 6.707788e+01 5.611967e+01 2.483877e+01 3.050922e+01 1.964165e+01 2.021715e+01 1.239107e+01 1.180278e+01 7.888473e+00 5.072045e+00 6.161897e+00 6.558306e+00 6.403587e+00 4.134809e+00 2.246624e+00 1.023568e+00 8.187755e-01 3.941555e-01 1.200974e-01 4.900626e-02 2.12607e-02 6.516415e-03 1.017784e-03 4.909622e-05 ) .

_:05299cf7-8315-4d24-a847-29f8e3a660ec a essentia:SecondDerivativeMean ;
    afo:value 2.465657e-01 .

_:05d701ce-0901-45a1-9855-9351bb2d0a26 a essentia:Mean ;
    afo:value 1 .

_:05f73991-8871-405b-9b04-a10d24dbdc90 a essentia:BeatsLoudnessBandRatio ;
    event:time _:7e23384c-20a4-40b1-8549-b1e74145560c ;
    afo:computed_by _:LowLevelExtractor ;
    afo:feature [ a essentia:DerivativeMean ;
            afo:values ( 4.004871e-02 2.054941e-01 1.316582e-01 1.850406e-01 8.855842e-02 3.193245e-02 ) ],
        [ a essentia:SecondDerivativeMean ;
            afo:values ( 6.920996e-02 3.705212e-01 2.269899e-01 3.176425e-01 1.60719e-01 5.447885e-02 ) ],
        [ a essentia:Variance ;
            afo:values ( 1.115666e-02 5.315125e-02 4.480406e-02 4.140567e-02 8.086255e-03 1.540887e-03 ) ],
        [ a essentia:DerivativeVariance ;
            afo:values ( 8.431503e-03 3.259646e-02 2.482818e-02 2.457745e-02 8.997451e-03 1.190477e-03 ) ],
        [ a essentia:SecondDerivativeVariance ;
            afo:values ( 1.681925e-02 9.637555e-02 6.27792e-02 7.130502e-02 2.49093e-02 3.306251e-03 ) ],
        [ a essentia:Median ;
            afo:values ( 2.498729e-02 3.034199e-01 9.011517e-02 2.830841e-01 7.904129e-02 4.091707e-02 ) ],
        [ a essentia:Mean ;
            afo:values ( 4.574151e-02 3.306694e-01 1.851638e-01 3.084669e-01 1.05008e-01 4.932202e-02 ) ],
        [ a essentia:Maximum ;
            afo:values ( 9.842378e-01 9.171323e-01 9.627582e-01 8.653576e-01 6.48699e-01 2.871088e-01 ) ],
        [ a essentia:Minimum ;
            afo:values [ rdf:first 0 ;
                    rdf:rest [ rdf:first 0 ;
                            rdf:rest [ rdf:first 0 ;
                                    rdf:rest [ rdf:first 0 ;
                                            rdf:rest [ rdf:first 0 ;
                                                    rdf:rest [ rdf:first 0 ;
                                                            rdf:rest () ] ] ] ] ] ] ] .

_:06407168-b785-4a21-9a28-24243020901b rdf:first -2.817538e+01 ;
    rdf:rest ( -2.82137e+01 -2.769808e+01 -2.775826e+01 -2.753368e+01 -2.737561e+01 ) .

_:06be3f31-5c40-462b-9215-f268a6365772 a essentia:Mean ;
    afo:value 1.876286e-01 .

_:08d9e19a-3ed9-4df2-8fd8-dedcde8f485f rdf:first 4.087648e-06 ;
    rdf:rest ( 4.13573e-05 8.643715e-05 2.076676e-04 6.576127e-04 3.532012e-04 1.265269e-04 1.853987e-04 1.590535e-04 7.326886e-05 4.990001e-05 5.352329e-05 9.483603e-05 1.330198e-04 1.251654e-04 7.274964e-05 7.091477e-05 2.536169e-05 2.695145e-05 1.77088e-05 1.471048e-05 1.304438e-05 1.234835e-05 4.698019e-06 5.996254e-06 4.575425e-06 2.740726e-06 2.049871e-06 2.043724e-06 2.417233e-06 2.414064e-06 2.256078e-06 1.645164e-06 1.23492e-06 8.686155e-07 5.719007e-07 3.356495e-07 3.697984e-07 3.237934e-07 2.07669e-07 ) .

_:08df5234-dc4a-40ad-93cb-58bd41e62e40 rdf:first 4.515092e-05 ;
    rdf:rest ( 1.527052e-05 2.033859e-04 3.092605e-04 2.598074e-03 3.381455e-03 9.643639e-04 1.485762e-03 7.961189e-04 5.733942e-04 1.022237e-03 1.59014e-03 1.402413e-03 9.196245e-04 5.223316e-04 2.722884e-04 3.887278e-04 1.804912e-04 1.779194e-04 9.275797e-05 1.328389e-04 1.305559e-04 6.848081e-05 4.339886e-05 2.584484e-05 2.038404e-05 1.114971e-05 ) .

_:095c6336-40cc-4326-bb61-f6440beded26 a essentia:Variance ;
    afo:value 1.85723e-03 .

_:0990697c-f5b8-4cca-88d5-8c9ffffaefa9 a essentia:Median ;
    afo:value 3.0146e-03 .

_:09d630f8-43b5-4047-a08d-2956422ab865 a essentia:DerivativeVariance ;
    afo:value 1.133292e+01 .

_:09f37393-04ce-47c3-8f44-88a7ccdadcbc a essentia:Mean ;
    afo:value 9.297864e-01 .

_:0ad04b98-b5a8-4951-b176-2f6f41f1b792 a essentia:SecondDerivativeMean ;
    afo:value 1.034082e-03 .

_:0ae8c533-e0e3-410e-95e2-47eedc4ec418 a essentia:Variance ;
    afo:value 0 .

_:0b876c13-e5a3-4128-83a2-d0d724539bff a essentia:Mean ;
    afo:value 101 .

_:0bbc3e63-3608-4e2a-b0a9-acf31bacf38c rdf:first 2.372241e-25 ;
    rdf:rest ( 7.829499e-25 9.618513e-25 7.83464e-25 4.901655e-24 5.252888e-24 1.033915e-23 9.034685e-24 1.652071e-23 1.358847e-23 2.104766e-23 3.046838e-23 2.524403e-23 5.070222e-23 5.279197e-23 6.546694e-23 5.908651e-23 5.941981e-23 1.363604e-22 1.680082e-22 2.576764e-22 3.383314e-22 4.239057e-22 6.631254e-22 9.462916e-22 1.408911e-21 2.055767e-21 ) .

_:0bc90685-2014-4c42-9949-c2b47abc9b14 a essentia:SecondDerivativeVariance ;
    afo:value 1.063816e-03 .

_:0ca01ddb-c4ac-4d7f-a39e-7828d4384ecb rdf:first 4.649137e-03 ;
    rdf:rest ( 4.197922e-03 2.955502e-03 1.943598e-03 1.255414e-03 7.956494e-04 ) .

_:0d73c157-25f1-44a8-8db6-91b2c60e7453 a essentia:Entropy ;
    event:time _:7e23384c-20a4-40b1-8549-b1e74145560c ;
    afo:computed_by _:LowLevelExtractor ;
    afo:feature _:05299cf7-8315-4d24-a847-29f8e3a660ec,
        [ a essentia:Median ;
            afo:value 7.307428e+00 ],
        [ a essentia:Variance ;
            afo:value 2.448298e-01 ],
        [ a essentia:Maximum ;
            afo:value 9.824639e+00 ],
        [ a essentia:Minimum ;
            afo:value 4.757502e+00 ],
        [ a essentia:SecondDerivativeVariance ;
            afo:value 5.530186e-02 ],
        [ a essentia:Mean ;
            afo:value 7.256088e+00 ],
        [ a essentia:DerivativeMean ;
            afo:value 1.720078e-01 ],
        [ a essentia:DerivativeVariance ;
            afo:value 2.753874e-02 ] .

_:0d90aa9f-2145-4c51-8540-fe1a40d04cde a essentia:Mean ;
    afo:value 1.092442e+01 .

_:0ddbf078-1512-45d9-9d6d-a14edede5db3 a essentia:Mean ;
    afo:value 1.175865e+01 .

_:0de66e6d-2d44-468a-8171-971d4346f9ee a essentia:DynamicComplexity ;
    event:time _:7e23384c-20a4-40b1-8549-b1e74145560c ;
    afo:value 4.193974e+00 .

_:0df66cb6-c2f3-47e7-b308-bc81f8b90592 rdf:first 2.930343e-02 ;
    rdf:rest ( 2.064723e-02 1.816028e-02 2.133725e-02 2.08677e-02 3.660424e-02 5.205591e-02 3.406039e-02 8.267698e-02 1.458971e-01 6.938356e-02 2.61232e-02 2.325393e-02 2.519586e-02 6.016165e-02 1.286293e-01 9.812376e-02 3.9666e-02 2.839942e-02 3.582457e-02 8.758279e-02 1.153875e-01 4.77923e-02 3.768874e-02 5.280324e-02 4.063733e-02 3.034475e-02 2.770864e-02 2.366199e-02 3.819449e-02 7.439952e-02 3.152353e-02 1.304867e-02 1.389199e-02 1.394093e-02 2.435422e-02 ) .

_:0df89ed9-2903-4a0e-8cec-9065edb53305 a essentia:Variance ;
    afo:value 3.002771e+02 .

_:0e37b784-94d6-4295-b6fe-1e82a08cd99b a essentia:SecondDerivativeMean ;
    afo:value 7.257224e+05 .

_:0edfb5a2-541b-4c97-b14b-9015ad576f31 a essentia:Variance ;
    afo:value 2.213811e-03 .

_:0f08e6fd-fe25-489b-9b84-7cb2aefba31a a essentia:Mean ;
    afo:value 4.425387e-01 .

_:0f2c2a8b-b8be-4327-879a-c2fb5df42f4e a essentia:Median ;
    afo:value 1.656016e+00 .

_:0f31b13d-76c7-4426-81ac-7a005e91c511 a essentia:FirstPeakSpread ;
    event:time _:7e23384c-20a4-40b1-8549-b1e74145560c ;
    afo:computed_by _:LowLevelExtractor ;
    afo:feature [ a essentia:SecondDerivativeMean ;
            afo:value 0 ],
        [ a essentia:Minimum ;
            afo:value 6.343042e-01 ],
        [ a essentia:Median ;
            afo:value 6.343042e-01 ],
        [ a essentia:Variance ;
            afo:value 0 ],
        [ a essentia:DerivativeMean ;
            afo:value 0 ],
        [ a essentia:Mean ;
            afo:value 6.343042e-01 ],
        [ a essentia:DerivativeVariance ;
            afo:value 0 ],
        [ a essentia:Maximum ;
            afo:value 6.343042e-01 ],
        [ a essentia:SecondDerivativeVariance ;
            afo:value 0 ] .

_:0f827a4e-3bce-4fdc-a706-0806a272cca8 a essentia:Maximum ;
    afo:value 9.783706e+00 .

_:0f993ff1-4fc7-4b34-8bae-757cdf726b1b a essentia:Maximum ;
    afo:value 4.597898e-01 .

_:0fa78f4a-82f9-435d-a1da-761f03cf0cc7 a essentia:Mean ;
    afo:value 6.245003e-02 .

_:102d67e6-1ed0-47ab-a1b6-1e833fa64595 a essentia:DerivativeVariance ;
    afo:value 3.583763e-07 .

_:11583f04-1231-4c26-a287-c54926a76331 a essentia:DerivativeMean ;
    afo:value 3.071012e+00 .

_:11963532-aa70-4dc7-8dfc-c374977a0b50 a essentia:SecondDerivativeVariance ;
    afo:value 0 .

_:11c789cf-2f52-431e-aac6-13626760957f a essentia:SecondDerivativeVariance ;
    afo:value 1.658078e+05 .

_:12623f93-76b6-4a6d-9040-f29345f76ca0 a essentia:Mean ;
    afo:value 6.274136e-01 .

_:128ce696-5c2c-4ed4-ad00-3908cfc4098a a essentia:PitchSalience ;
    event:time _:7e23384c-20a4-40b1-8549-b1e74145560c ;
    afo:computed_by _:LowLevelExtractor ;
    afo:feature [ a essentia:Maximum ;
            afo:value 9.909398e-01 ],
        [ a essentia:Variance ;
            afo:value 1.790843e-02 ],
        [ a essentia:SecondDerivativeMean ;
            afo:value 1.19438e-01 ],
        [ a essentia:DerivativeVariance ;
            afo:value 4.478655e-03 ],
        [ a essentia:SecondDerivativeVariance ;
            afo:value 1.05009e-02 ],
        [ a essentia:Mean ;
            afo:value 5.288206e-01 ],
        [ a essentia:DerivativeMean ;
            afo:value 7.580011e-02 ],
        [ a essentia:Minimum ;
            afo:value 1.488687e-02 ],
        [ a essentia:Median ;
            afo:value 5.385405e-01 ] .

_:1318c90c-91e9-4340-880b-60860ec4163d rdf:first 13 ;
    rdf:rest ( 13 ) .

_:14c33b58-bfad-4bc9-bf28-1f0427bda420 a essentia:Loudness ;
    event:time _:7e23384c-20a4-40b1-8549-b1e74145560c ;
    afo:feature _:09f37393-04ce-47c3-8f44-88a7ccdadcbc .

_:1501b1df-3aff-4cbb-8aa5-54b55fb1022a a essentia:Covariance ;
    afo:dimensions ( 13 13 ) ;
    afo:values ( 2.174935e+04 5.814612e+02 -1.854289e+03 -2.546326e+02 -6.203865e+02 -7.337518e+01 -1.351107e+03 -1.202839e+03 -1.22638e+03 -1.096103e+02 9.850533e+01 -1.420507e+01 -4.539504e+02 5.814612e+02 1.571102e+03 2.010894e+02 -1.358176e+02 -4.551078e+00 -1.922596e+02 -6.389931e+01 -9.924621e+01 -1.063156e+02 -2.01286e+02 9.200971e+01 -1.27598e+02 -1.315548e+02 -1.854289e+03 2.010894e+02 1.080089e+03 -3.377798e-01 2.796176e+02 -4.817505e+01 9.837203e+01 -5.123256e+01 -1.034071e+02 6.049417e+01 4.297714e+01 8.372962e+01 -2.111892e+01 -2.546326e+02 -1.358176e+02 -3.377798e-01 5.11186e+02 7.5548e+01 7.175064e+01 -1.058167e+01 -1.18874e+01 2.368657e+01 2.34303e+01 6.636356e+00 -1.439597e+01 2.529739e+01 -6.203865e+02 -4.551078e+00 2.796176e+02 7.5548e+01 3.654359e+02 9.196218e+01 -1.23098e+01 -6.125696e+01 -5.864325e+01 3.448936e+01 4.183212e+01 4.32975e+00 -3.516845e+01 -7.337518e+01 -1.922596e+02 -4.817505e+01 7.175064e+01 9.196218e+01 2.296552e+02 6.940807e+01 -2.492044e+00 -1.272641e+01 2.140615e+01 -2.180362e+01 -2.890214e+00 1.251751e+01 -1.351107e+03 -6.389931e+01 9.837203e+01 -1.058167e+01 -1.23098e+01 6.940807e+01 2.772095e+02 1.69136e+02 1.037752e+02 -8.442198e-02 -4.864841e+01 9.098218e+00 3.998882e+01 -1.202839e+03 -9.924621e+01 -5.123256e+01 -1.18874e+01 -6.125696e+01 -2.492044e+00 1.69136e+02 3.325572e+02 2.754892e+02 -3.160116e+01 -9.360252e+01 -4.339655e+01 3.600545e+01 -1.22638e+03 -1.063156e+02 -1.034071e+02 2.368657e+01 -5.864325e+01 -1.272641e+01 1.037752e+02 2.754892e+02 3.861006e+02 -7.816503e+00 -9.74834e+01 -6.963204e+01 4.014673e+01 -1.096103e+02 -2.01286e+02 6.049417e+01 2.34303e+01 3.448936e+01 2.140615e+01 -8.442198e-02 -3.160116e+01 -7.816503e+00 1.431309e+02 2.884554e+01 3.000546e+01 7.573652e+00 9.850533e+01 9.200971e+01 4.297714e+01 6.636356e+00 4.183212e+01 -2.180362e+01 -4.864841e+01 -9.360252e+01 -9.74834e+01 2.884554e+01 1.648135e+02 3.494839e+01 -3.475082e+01 -1.420507e+01 -1.27598e+02 8.372962e+01 -1.439597e+01 4.32975e+00 -2.890214e+00 9.098218e+00 -4.339655e+01 -6.963204e+01 3.000546e+01 3.494839e+01 1.261991e+02 3.897226e+01 -4.539504e+02 -1.315548e+02 -2.111892e+01 2.529739e+01 -3.516845e+01 1.251751e+01 3.998882e+01 3.600545e+01 4.014673e+01 7.573652e+00 -3.475082e+01 3.897226e+01 1.132551e+02 ) .

_:153a1c1a-82ec-4c87-812c-3be098e92ffc a essentia:Minimum ;
    afo:value -1 .

_:153e7f3d-085a-4840-94dd-ab7a5980e61d a essentia:SecondDerivativeVariance ;
    afo:value 1.78976e-04 .

_:15c15f79-edb3-45f5-a646-e0dc3695b2c9 a essentia:DerivativeVariance ;
    afo:value 0 .

_:1623cc12-12e4-4eee-8219-6cba8cef24b7 a essentia:Crest ;
    afo:feature _:02cf9cf9-5d0e-4886-8517-893514da74c7,
        [ a essentia:Minimum ;
            afo:value 2.981735e+00 ],
        [ a essentia:DerivativeVariance ;
            afo:value 7.122146e+00 ],
        [ a essentia:Maximum ;
            afo:value 2.658734e+01 ],
        [ a essentia:DerivativeMean ;
            afo:value 2.990465e+00 ],
        [ a essentia:Mean ;
            afo:value 1.125172e+01 ],
        [ a essentia:SecondDerivativeVariance ;
            afo:value 1.698111e+01 ],
        [ a essentia:SecondDerivativeMean ;
            afo:value 4.741099e+00 ],
        [ a essentia:Variance ;
            afo:value 2.097808e+01 ] .

_:16bb9e71-c337-44f0-ade3-fa200aa8b3f2 a essentia:Mean ;
    afo:value 2.041101e+00 .

_:16de373d-ce55-4611-b98c-5af5809dcd44 a essentia:DerivativeVariance ;
    afo:values ( 2.584303e-01 1.624965e-01 1.546095e-01 1.444692e-01 1.274309e-01 2.037355e-01 ) .

_:170df348-af85-4783-bab5-c99f6440c0d4 a essentia:Minimum ;
    afo:value 2.967359e-02 .

_:17773bff-d7b9-4315-93cd-6d1084d14a08 a essentia:KeyScale ;
    event:time _:7e23384c-20a4-40b1-8549-b1e74145560c ;
    afo:value "major" .

_:17ff6c72-a2e5-4020-99cd-cf87ac7635b5 a essentia:DerivativeVariance ;
    afo:value 424399601664 .

_:180afbca-5112-48dc-b5fe-25aaad06243d a essentia:Maximum ;
    afo:value 6.931992e+00 .

_:189497d5-8cea-409c-8f56-e073b2ed4ea2 a essentia:Mean ;
    afo:values ( 2.24808e-05 8.630071e-06 2.818516e-04 3.310221e-04 2.710857e-03 3.138389e-03 8.150288e-04 1.61086e-03 7.940716e-04 6.528333e-04 9.504668e-04 1.473275e-03 1.43823e-03 9.496082e-04 5.671597e-04 2.907416e-04 4.166985e-04 1.957353e-04 2.073486e-04 9.449339e-05 1.706129e-04 1.705179e-04 8.010878e-05 4.938075e-05 2.413603e-05 1.118651e-05 5.209145e-06 ) .

_:189f54dc-16b1-42f4-bf7c-3d508f5d4b5d a essentia:SecondDerivativeMean ;
    afo:values ( 8.557682e-01 6.238836e-01 5.709152e-01 4.995376e-01 4.090904e-01 4.833772e-01 ) .

_:19279f32-7f68-43ca-8b46-27ce86c46881 a essentia:Variance ;
    afo:value 1.711597e+00 .

_:194ae9e9-e13b-44f5-b2b7-e5ae2322b662 a essentia:SecondDerivativeMean ;
    afo:value 8.463395e-01 .

_:195684f4-fb8f-4146-b3a8-7936a7779d54 a essentia:Danceability ;
    event:time _:7e23384c-20a4-40b1-8549-b1e74145560c ;
    afo:value 1.425568e+00 .

_:195a580d-a5b7-4370-be96-52d1da6bf1f8 a essentia:DerivativeVariance ;
    afo:value 9.028828e-05 .

_:196fdfd4-1120-44e5-8900-64f6a69b993e a essentia:Median ;
    afo:value 0 .

_:1a07dd4b-1e78-49d9-bfb5-2ccc31cf9903 a essentia:Minimum ;
    afo:value -1.791437e+00 .

_:1ad9fa5b-9d74-4b5d-961c-47635fb21927 a essentia:DerivativeMean ;
    afo:value 2.641982e-04 .

_:1af6c2e7-d3df-480b-94ec-20b9acc6ed93 a essentia:BPM ;
    event:time _:7e23384c-20a4-40b1-8549-b1e74145560c ;
    afo:value 1.01081e+02 .

_:1bd9c6f3-808d-4c25-bfd6-45964917b02a a essentia:DerivativeMean ;
    afo:value 7.097834e-03 .

_:1bdc4b44-93b6-4774-ac3e-dc4ab1205521 a essentia:Maximum ;
    afo:values ( 4.624529e-01 3.309688e-01 4.332239e+00 1.449544e+01 4.31597e+01 2.24764e+02 9.025787e+02 1.01742e+03 7.638325e+02 1.12402e+03 1.599595e+03 1.140067e+03 8.136893e+02 1.134479e+03 1.354674e+03 2.25578e+03 3.19696e+03 2.644976e+03 9.964906e+02 1.412234e+03 1.044767e+03 1.010948e+03 5.813229e+02 3.281258e+02 4.043139e+02 3.423735e+02 3.165152e+02 3.341477e+02 3.001034e+02 1.276994e+02 1.579768e+02 9.148948e+01 2.00515e+01 1.144743e+01 3.808607e+00 2.547998e+00 1.223193e+00 3.409209e-01 6.671742e-02 5.000942e-03 ) .

_:1d9cba7b-322d-4a45-8519-210e38836ad6 a essentia:GFCC ;
    event:time _:7e23384c-20a4-40b1-8549-b1e74145560c ;
    afo:computed_by _:LowLevelExtractor ;
    afo:feature _:1501b1df-3aff-4cbb-8aa5-54b55fb1022a,
        [ a essentia:Mean ;
            afo:values ( -6.839146e+01 6.652036e+01 -1.499732e+02 -4.749152e-01 -8.227744e+01 -3.365658e+00 -5.135865e+01 -1.81736e+01 -3.173585e+01 -1.100171e+01 -1.723355e+01 5.447562e-01 -1.330672e+01 ) ],
        [ a essentia:InverseCovariance ;
            afo:dimensions ( 13 13 ) ;
            afo:values ( 1.174186e-04 -5.977527e-05 1.636108e-04 5.04085e-06 1.933967e-04 -1.59855e-04 4.396249e-04 -3.767193e-06 3.000081e-04 -1.093318e-04 3.126707e-04 -2.26012e-04 4.289585e-04 -5.977527e-05 1.243335e-03 -3.875091e-04 1.660615e-04 -3.73647e-05 8.575744e-04 -6.498352e-04 6.568852e-04 -1.776848e-04 1.719692e-03 -9.646146e-04 1.539625e-03 1.31723e-04 1.636108e-04 -3.875091e-04 1.894056e-03 -6.627785e-05 -1.213331e-03 9.494605e-04 -5.068631e-04 1.620222e-04 6.937848e-04 -9.447293e-04 1.063501e-03 -1.433485e-03 8.562476e-04 5.04085e-06 1.660615e-04 -6.627785e-05 2.2086e-03 -2.969474e-04 -5.362096e-04 2.571668e-04 2.68337e-04 -3.194084e-04 8.168555e-05 -4.504852e-04 7.042857e-04 -7.744589e-04 1.933967e-04 -3.73647e-05 -1.213331e-03 -2.969474e-04 5.073815e-03 -2.839289e-03 1.940936e-03 -9.933164e-05 2.87911e-04 -1.799596e-04 -4.328431e-04 1.94794e-04 1.517597e-03 -1.59855e-04 8.575744e-04 9.494605e-04 -5.362096e-04 -2.839289e-03 7.817592e-03 -3.928275e-03 1.575349e-03 2.24584e-04 2.805626e-04 5.518156e-04 1.349235e-03 -6.006272e-04 4.396249e-04 -6.498352e-04 -5.068631e-04 2.571668e-04 1.940936e-03 -3.928275e-03 9.215175e-03 -4.856058e-03 2.109501e-03 -1.11232e-03 1.074222e-03 -1.73643e-03 4.35997e-04 -3.767193e-06 6.568852e-04 1.620222e-04 2.68337e-04 -9.933164e-05 1.575349e-03 -4.856058e-03 1.134019e-02 -6.34275e-03 2.490574e-03 7.390616e-04 3.266261e-04 8.188415e-04 3.000081e-04 -1.776848e-04 6.937848e-04 -3.194084e-04 2.87911e-04 2.24584e-04 2.109501e-03 -6.34275e-03 8.456102e-03 -1.985753e-03 1.577192e-03 1.872563e-03 -4.921435e-04 -1.093318e-04 1.719692e-03 -9.447293e-04 8.168555e-05 -1.799596e-04 2.805626e-04 -1.11232e-03 2.490574e-03 -1.985753e-03 1.058808e-02 -2.624298e-03 4.519635e-04 -8.590991e-05 3.126707e-04 -9.646146e-04 1.063501e-03 -4.504852e-04 -4.328431e-04 5.518156e-04 1.074222e-03 7.390616e-04 1.577192e-03 -2.624298e-03 1.008138e-02 -3.928084e-03 3.683503e-03 -2.26012e-04 1.539625e-03 -1.433485e-03 7.042857e-04 1.94794e-04 1.349235e-03 -1.73643e-03 3.266261e-04 1.872563e-03 4.519635e-04 -3.928084e-03 1.463207e-02 -6.055831e-03 4.289585e-04 1.31723e-04 8.562476e-04 -7.744589e-04 1.517597e-03 -6.006272e-04 4.35997e-04 8.188415e-04 -4.921435e-04 -8.590991e-05 3.683503e-03 -6.055831e-03 1.455232e-02 ) ] .

_:1eca66df-d7b7-4b3d-b395-6f09dbfa2488 a essentia:Median ;
    afo:value 1.092582e+00 .

_:1f26f5e5-a73d-458d-9930-5e854e3cef87 a essentia:Minimum ;
    afo:value 0 .

_:1f359642-e694-4917-b452-30d7f9134d0b a essentia:SecondDerivativeVariance ;
    afo:value 1.12333e-03 .

_:1f57efea-b049-44fc-a1d6-80cc12667a2b a essentia:Minimum ;
    afo:value -3.770108e+00 .

_:1fcde0cc-a6be-4b48-9150-3ded4879dfdd rdf:first 2.463223e-05 ;
    rdf:rest ( 9.039218e-06 1.58563e-04 1.964684e-04 1.77984e-03 2.235109e-03 6.295023e-04 1.025492e-03 5.337304e-04 3.859026e-04 6.666086e-04 1.089454e-03 9.599128e-04 6.384097e-04 3.590025e-04 1.881202e-04 2.702093e-04 1.239077e-04 1.242566e-04 6.305926e-05 9.382849e-05 9.383282e-05 4.782339e-05 3.014845e-05 1.711941e-05 1.242868e-05 6.598624e-06 ) .

_:1fefd91b-397c-4429-a631-905ff84751cb a essentia:Mean ;
    afo:value 4410760 .

_:200a8f2c-804a-4f36-83f1-879b5f56fb95 a essentia:Median ;
    afo:value 1.779494e+00 .

_:200d9ef6-c4fc-4371-8d57-969daf5b54df rdf:first 13 ;
    rdf:rest ( 13 ) .

_:20ca171d-3fb5-47d0-bdae-07ec1183ed04 a essentia:Variance ;
    afo:value 0 .

_:21cdac0d-50d6-4440-abe3-79a5e8b8d2d7 a essentia:Skewness ;
    event:time _:7e23384c-20a4-40b1-8549-b1e74145560c ;
    afo:computed_by _:LowLevelExtractor ;
    afo:feature _:0f2c2a8b-b8be-4327-879a-c2fb5df42f4e,
        _:180afbca-5112-48dc-b5fe-25aaad06243d,
        [ a essentia:SecondDerivativeVariance ;
            afo:value 1.502956e-01 ],
        [ a essentia:DerivativeVariance ;
            afo:value 6.433526e-02 ],
        [ a essentia:Variance ;
            afo:value 3.436768e-01 ],
        [ a essentia:DerivativeMean ;
            afo:value 2.575993e-01 ],
        [ a essentia:SecondDerivativeMean ;
            afo:value 3.986995e-01 ],
        [ a essentia:Minimum ;
            afo:value -2.722152e-01 ],
        [ a essentia:Mean ;
            afo:value 1.731815e+00 ] .

_:2252b519-b639-48e2-bcbe-32cd8b3e3c1d a essentia:DerivativeMean ;
    afo:value 4.069873e+00 .

_:2271277a-fa04-424b-9457-e7430959a313 a essentia:SecondDerivativeMean ;
    afo:value 9.280238e+00 .

_:22b8a7c2-a999-4114-9cb3-d449708f7e44 a essentia:SecondDerivativeVariance ;
    afo:values ( 5.28134e-01 3.025392e-01 2.698538e-01 2.211544e-01 1.909044e-01 3.332155e-01 ) .

_:23193dde-1b4f-45bf-ae99-a95e543017c4 a essentia:FirstPeakBPM ;
    event:time _:7e23384c-20a4-40b1-8549-b1e74145560c ;
    afo:computed_by _:LowLevelExtractor ;
    afo:feature _:016fff6b-74a7-43e4-87d9-495241915a2b,
        _:0b876c13-e5a3-4128-83a2-d0d724539bff,
        [ a essentia:DerivativeVariance ;
            afo:value 0 ],
        [ a essentia:Minimum ;
            afo:value 101 ],
        [ a essentia:DerivativeMean ;
            afo:value 0 ],
        [ a essentia:Maximum ;
            afo:value 101 ],
        [ a essentia:SecondDerivativeMean ;
            afo:value 0 ],
        [ a essentia:Median ;
            afo:value 101 ],
        [ a essentia:Variance ;
            afo:value 0 ] .

_:2592df31-5836-4770-b62e-52b5d043e9d9 a essentia:Mean ;
    afo:value 4.745293e-04 .

_:25da5407-0f6f-4118-9c45-3ded82b9c0f1 rdf:first -4.641008e-01 ;
    rdf:rest ( -6.802841e-01 -7.344062e-01 -7.455565e-01 -7.529973e-01 -7.380744e-01 ) .

_:25fdede7-1ff6-4016-972f-3f124940bb24 a essentia:Variance ;
    afo:value 1.226906e+03 .

_:2631778c-f267-4786-853e-6c0b673ae449 a essentia:Maximum ;
    afo:value 38 .

_:264c27ca-5e48-46b1-bb29-d1c7f4a56a2d a essentia:SecondDerivativeMean ;
    afo:value 6.143736e-01 .

_:27a7d3ef-d04c-4317-9061-3243f2e76911 a essentia:DerivativeMean ;
    afo:values ( 5.600711e-01 4.099166e-01 3.81241e-01 3.586531e-01 3.113106e-01 3.899029e-01 ) .

_:27be311c-5a7d-4573-a9e1-43476ce67fc8 a essentia:DerivativeMean ;
    afo:value 7.409949e-02 .

_:286406c1-bc6c-4a93-af40-759780ef9eb0 a essentia:Skewness ;
    afo:feature _:0f827a4e-3bce-4fdc-a706-0806a272cca8,
        _:19279f32-7f68-43ca-8b46-27ce86c46881,
        _:194ae9e9-e13b-44f5-b2b7-e5ae2322b662,
        _:1eca66df-d7b7-4b3d-b395-6f09dbfa2488,
        [ a essentia:Mean ;
            afo:value 1.343808e+00 ],
        [ a essentia:DerivativeMean ;
            afo:value 5.707338e-01 ],
        [ a essentia:SecondDerivativeVariance ;
            afo:value 7.878228e-01 ],
        [ a essentia:DerivativeVariance ;
            afo:value 3.784531e-01 ],
        [ a essentia:Minimum ;
            afo:value -3.632972e+00 ] .

_:28e0b4df-3279-48c9-b303-afb5ad442a15 rdf:first 1.615024e-06 ;
    rdf:rest ( 1.838428e-08 1.592043e-07 3.320526e-07 2.389161e-05 4.642011e-05 1.29117e-05 1.912065e-05 7.333827e-06 2.466682e-06 6.227438e-06 1.474665e-05 2.074114e-05 4.550986e-06 1.726321e-06 4.420278e-07 1.330118e-06 1.667445e-07 1.705138e-07 8.370467e-08 9.068691e-08 1.384209e-07 4.328599e-08 9.055597e-09 3.58597e-09 3.441569e-09 1.060908e-09 ) .

_:28f866ca-603b-4456-b6ef-7886f3f857cc rdf:first -4.86333e-01 ;
    rdf:rest ( -6.774157e-01 -7.273698e-01 -7.381856e-01 -7.483335e-01 -7.370461e-01 ) .

_:2a7357b4-b8a1-4fdc-891d-e1c3eb0281dd a essentia:Variance ;
    afo:value 3.194481e+00 .

_:2aa012c4-502a-4d73-afc4-e5f023e3a330 a essentia:Maximum ;
    afo:value 2.590046e-02 .

_:2bcb8b8d-5fa1-46ee-acc3-8ea3991c4511 a essentia:Median ;
    afo:value 1.514366e-01 .

_:2bcfeef3-0b48-4c40-b6da-0cf1410efb4f a essentia:Variance ;
    afo:value 8.599396e+12 .

_:2c45939c-ec4c-4a3b-b171-91850d88ad91 a essentia:ChordsKey ;
    event:time _:7e23384c-20a4-40b1-8549-b1e74145560c ;
    afo:value "C" .

_:2c8b4f40-073a-461b-8e1a-899f2c470175 a essentia:Variance ;
    afo:value 2.664114e+06 .

_:2c96b8cf-6481-41d9-8805-5e14e633cae9 a essentia:SecondDerivativeMean ;
    afo:value 1.482159e-01 .

_:2d3eb437-53af-4aca-b7a9-19000c40905f a essentia:Minimum ;
    afo:value 5e-01 .

_:2e4466a1-0c1b-44ec-b88c-b71fdbb2b879 a essentia:Variance ;
    afo:value 6.500121e+01 .

_:2e6f42d3-309e-4bf0-a1b7-19d4045151ff rdf:first 6.730931e-06 ;
    rdf:rest ( 5.33762e-05 1.301965e-04 3.07301e-04 9.524355e-04 5.458141e-04 1.894798e-04 2.757034e-04 2.222041e-04 1.09621e-04 7.245479e-05 7.965056e-05 1.447927e-04 1.910297e-04 1.810658e-04 1.068284e-04 1.013564e-04 3.591859e-05 3.914485e-05 2.513535e-05 2.13934e-05 1.867234e-05 1.756804e-05 6.887574e-06 8.719782e-06 6.614893e-06 4.035309e-06 3.058156e-06 2.966555e-06 3.504434e-06 3.499865e-06 3.21047e-06 2.365982e-06 1.769093e-06 1.273063e-06 8.480599e-07 4.911331e-07 5.427192e-07 4.785682e-07 3.182867e-07 ) .

_:2e94a4a4-8f34-4a04-9b0b-4579efe26808 a essentia:SecondDerivativeVariance ;
    afo:value 2.442506e+01 .

_:2fb57964-7422-45bc-a2f3-ceeae8aac879 a essentia:Mean ;
    afo:value 5.111442e-01 .

_:2fbaec75-3b3b-4ce0-a8a5-6db7afaf468e a essentia:Maximum ;
    afo:value 7.276574e+01 .

_:301ff572-6de6-4b79-9539-6204fef4f588 a essentia:Minimum ;
    afo:value 1.599783e-22 .

_:322b4c13-7d4e-45a4-987e-50722e5ef3a2 a essentia:Mean ;
    afo:value 7.095404e-03 .

_:33031163-5b6c-4bae-ab0c-d9ede0978b98 a essentia:Minimum ;
    afo:value 2.882814e-02 .

_:33b2e08d-60c5-4f67-9af4-a88f20918fd7 a essentia:DerivativeVariance ;
    afo:value 1.354891e+02 .

_:33c99bbf-ff4a-4bf7-884b-593c6e2ba3ec a essentia:DerivativeVariance ;
    afo:value 1.338075e+00 .

_:33f9a224-e6e8-49ea-89b5-3ac2a58d7fb7 a essentia:Maximum ;
    afo:value 96 .

_:34d47383-7ed5-48fd-829d-5a51b5ce3750 a essentia:Mean ;
    afo:value 2.077182e-01 .

_:36813983-54b6-4c33-adb8-80b85e9d7f45 a essentia:DerivativeMean ;
    afo:value 5.757404e+00 .

_:3684f9b5-4d54-401b-916a-715249b0cca2 a essentia:Skewness ;
    afo:feature _:16bb9e71-c337-44f0-ade3-fa200aa8b3f2,
        [ a essentia:SecondDerivativeVariance ;
            afo:value 1.258132e+00 ],
        [ a essentia:DerivativeMean ;
            afo:value 7.167577e-01 ],
        [ a essentia:SecondDerivativeMean ;
            afo:value 1.056059e+00 ],
        [ a essentia:Median ;
            afo:value 1.653414e+00 ],
        [ a essentia:DerivativeVariance ;
            afo:value 5.970993e-01 ],
        [ a essentia:Maximum ;
            afo:value 2.687334e+01 ],
        [ a essentia:Minimum ;
            afo:value -1.341507e+00 ],
        [ a essentia:Variance ;
            afo:value 4.055142e+00 ] .

_:36d87412-3170-43c6-813a-a8e8c15d1f25 a essentia:DerivativeMean ;
    afo:value 4.772961e-03 .

_:36f8edb0-7023-4421-9f20-fa19cadee335 a essentia:SecondDerivativeMean ;
    afo:value 3.207628e+00 .

_:3705a08d-c981-4a6e-a7e9-0e2f8cb4cae2 a essentia:THPCP ;
    event:time _:7e23384c-20a4-40b1-8549-b1e74145560c ;
    afo:value ( 1 5.989841e-01 2.216008e-01 1.69663e-01 2.016362e-01 5.307807e-01 9.211769e-01 7.076013e-01 2.988813e-01 1.884924e-01 2.841636e-01 6.353894e-01 7.415938e-01 4.256229e-01 2.865242e-01 3.116199e-01 2.446849e-01 1.789538e-01 1.730255e-01 1.851401e-01 3.845659e-01 5.745913e-01 3.675909e-01 1.642301e-01 1.457985e-01 1.314039e-01 1.880956e-01 2.228058e-01 1.800342e-01 1.543771e-01 1.51273e-01 1.641672e-01 3.137113e-01 3.968332e-01 3.491639e-01 7.128623e-01 ) .

_:3714f533-4328-40d5-ad14-768ce61e179f a essentia:Minimum ;
    afo:values ( 8.68585e-25 1.216117e-24 5.466101e-25 1.438913e-24 2.001323e-24 1.791067e-24 1.897051e-24 1.986228e-24 1.112679e-24 2.642892e-24 3.716059e-24 2.966817e-24 2.697155e-24 4.446689e-24 3.120853e-24 3.348112e-24 4.38321e-24 4.317167e-24 3.512802e-24 3.107472e-24 4.057919e-24 3.76582e-24 3.513831e-24 2.674025e-24 4.901659e-24 4.252248e-24 5.399543e-24 4.765018e-24 4.771002e-24 5.682757e-24 4.321609e-24 4.51592e-24 6.192727e-24 6.162617e-24 5.950377e-24 6.221601e-24 5.498102e-24 6.093792e-24 6.676195e-24 6.526499e-24 ) .

_:37848e4d-b632-4b49-9f67-ea5cd41432a9 a essentia:SecondDerivativeVariance ;
    afo:value 9.340972e-18 .

_:378fd14a-4d5e-4602-8aec-de87dc2460f1 a essentia:DerivativeVariance ;
    afo:value 0 .

_:37f49ad8-888b-48c5-865c-2c25b58e7547 a essentia:SecondDerivativeMean ;
    afo:value 3.299926e-02 .

_:383a7aae-1cf5-4da5-90cd-d53e3c3959df a essentia:SecondDerivativeVariance ;
    afo:value 1.441834e+02 .

_:386334cb-dc2b-46fa-9125-fa41bc9c7465 a essentia:SecondDerivativeMean ;
    afo:value 0 .

_:391c1cca-c395-48e7-a773-882147da1c7f a essentia:Kurtosis ;
    afo:feature _:0d90aa9f-2145-4c51-8540-fe1a40d04cde,
        _:25fdede7-1ff6-4016-972f-3f124940bb24,
        _:33b2e08d-60c5-4f67-9af4-a88f20918fd7,
        _:36813983-54b6-4c33-adb8-80b85e9d7f45,
        [ a essentia:SecondDerivativeMean ;
            afo:value 8.935618e+00 ],
        [ a essentia:Minimum ;
            afo:value -1.832504e+00 ],
        [ a essentia:Median ;
            afo:value 3.969633e+00 ],
        [ a essentia:Maximum ;
            afo:value 7.821934e+02 ],
        [ a essentia:SecondDerivativeVariance ;
            afo:value 3.207747e+02 ] .

_:39cc219f-68cc-498c-995e-8f8cae201f85 rdf:first 1.928604e-03 ;
