@prefix afo: <https://w3id.org/afo/onto/1.1#> .
@prefix dc: <http://purl.org/dc/elements/1.1/> .
@prefix essentia: <http://sovarr.c4dm.eecs.qmul.ac.uk/af/essentia/> .
@prefix event: <http://purl.org/NET/c4dm/event.owl#> .
@prefix foaf: <http://xmlns.com/foaf/0.1/> .
@prefix mo: <http://purl.org/ontology/mo/> .
@prefix rdf: <http://www.w3.org/1999/02/22-rdf-syntax-ns#> .
@prefix rdfs: <http://www.w3.org/2000/01/rdf-schema#> .
@prefix tl: <http://purl.org/NET/c4dm/timeline.owl#> .
@prefix xml: <http://www.w3.org/XML/1998/namespace> .
@prefix xsd: <http://www.w3.org/2001/XMLSchema#> .

<http://musicbrainz.org/release/19d41640-6f7f-37d4-b7c4-31290e7f44ab> a mo:Release ;
    dc:date "1996" ;
    dc:title "The Destroyer" ;
    mo:publisher [ a mo:Label ] ;
    mo:track <http://musicbrainz.org/recording/89b4929b-6b51-477a-92e7-26c4b0f85fd2> ;
    foaf:maker <http://musicbrainz.org/artist/d71ba53b-23b0-4870-a429-cce6f345763b> .

<01+-+Hard+Like+It's+a+Pose.flac> a mo:AudioFile ;
    mo:encodes [ a essentia:Signal ;
            mo:sample_rate "44100"^^xsd:interger ;
            mo:time _:808ce376-cf8b-4c4a-9cb7-cff1e967aaa9 ;
            essentia:bit_rate "0"^^xsd:float ;
            essentia:codec "flac"^^xsd:string ;
            essentia:downmix "mix"^^xsd:string ;
            essentia:equal_loudness "0"^^xsd:float ;
            essentia:lossless true ;
            essentia:md5_encoded "072aa113e79cb8959560e5f7c552500b"^^xsd:string ;
            essentia:replay_gain "-11.0062637329"^^xsd:float ] .

<http://musicbrainz.org/artist/d71ba53b-23b0-4870-a429-cce6f345763b> a mo:MusicArtist ;
    foaf:name "Alec Empire" .

<http://musicbrainz.org/recording/89b4929b-6b51-477a-92e7-26c4b0f85fd2> a mo:Track ;
    dc:title "Hard Like It's a Pose" ;
    mo:available_as <01+-+Hard+Like+It's+a+Pose.flac> ;
    mo:genre [ a mo:Genre ] ;
    mo:track_number "1" .

[] a essentia:VersionInfo .

_:007c4a07-2fbc-4cee-9b0a-3af4a8f84611 a essentia:Median ;
    afo:value 2.743442e+01 .

_:018f8589-609c-48e2-9d7c-3e32f6960f7e rdf:first -5.035657e+00 ;
    rdf:rest ( -4.799053e+00 -5.481357e+00 -5.913073e+00 -5.454802e+00 -7.224994e+00 ) .

_:02206246-472a-4455-b338-752cb15da2ed a essentia:InverseCovariance ;
    afo:dimensions ( 13 13 ) ;
    afo:values ( 9.537397e-05 -2.417503e-06 -4.156555e-05 -2.200671e-04 3.772145e-04 -5.059144e-04 2.383997e-04 9.970978e-05 -1.11715e-04 -7.81077e-05 2.861835e-04 -2.763744e-06 3.357581e-04 -2.417503e-06 1.343494e-03 3.151004e-04 -8.21627e-04 5.647799e-05 3.63943e-04 -2.923566e-04 8.118847e-05 -2.278529e-04 -6.527618e-04 -1.028303e-03 -1.865934e-04 -1.236761e-03 -4.156555e-05 3.151004e-04 3.092194e-03 -2.131236e-03 1.515773e-03 -1.535316e-03 7.005288e-04 6.844269e-04 -1.025934e-03 9.113206e-04 -1.350931e-03 7.886675e-04 2.233414e-05 -2.200671e-04 -8.21627e-04 -2.131236e-03 6.846882e-03 -8.057522e-03 2.344623e-03 9.371738e-04 -2.203888e-03 2.715382e-03 -2.321243e-03 4.783285e-03 -3.261479e-03 2.317089e-03 3.772145e-04 5.647799e-05 1.515773e-03 -8.057522e-03 1.571399e-02 -6.548822e-03 -2.55932e-03 3.409021e-03 -2.924822e-03 3.860352e-03 -5.529093e-03 3.820082e-03 -1.354443e-03 -5.059144e-04 3.63943e-04 -1.535316e-03 2.344623e-03 -6.548822e-03 1.933768e-02 -7.279278e-03 -2.354228e-03 4.017954e-03 -9.656496e-04 -1.5262e-03 -2.97353e-04 -1.513799e-03 2.383997e-04 -2.923566e-04 7.005288e-04 9.371738e-04 -2.55932e-03 -7.279278e-03 1.964904e-02 -9.964016e-03 4.723463e-04 -3.888419e-04 4.13054e-03 -3.777643e-03 1.707223e-03 9.970978e-05 8.118847e-05 6.844269e-04 -2.203888e-03 3.409021e-03 -2.354228e-03 -9.964016e-03 2.762217e-02 -1.535817e-02 2.749552e-03 -1.146047e-03 4.67217e-03 -3.679596e-03 -1.11715e-04 -2.278529e-04 -1.025934e-03 2.715382e-03 -2.924822e-03 4.017954e-03 4.723463e-04 -1.535817e-02 3.435189e-02 -1.788181e-02 2.507253e-03 7.542197e-04 2.503835e-05 -7.81077e-05 -6.527618e-04 9.113206e-04 -2.321243e-03 3.860352e-03 -9.656496e-04 -3.888419e-04 2.749552e-03 -1.788181e-02 3.876328e-02 -2.171473e-02 3.449445e-03 -9.149288e-05 2.861835e-04 -1.028303e-03 -1.350931e-03 4.783285e-03 -5.529093e-03 -1.5262e-03 4.13054e-03 -1.146047e-03 2.507253e-03 -2.171473e-02 4.892858e-02 -2.776842e-02 8.259241e-03 -2.763744e-06 -1.865934e-04 7.886675e-04 -3.261479e-03 3.820082e-03 -2.97353e-04 -3.777643e-03 4.67217e-03 7.542197e-04 3.449445e-03 -2.776842e-02 5.07887e-02 -2.197937e-02 3.357581e-04 -1.236761e-03 2.233414e-05 2.317089e-03 -1.354443e-03 -1.513799e-03 1.707223e-03 -3.679596e-03 2.503835e-05 -9.149288e-05 8.259241e-03 -2.197937e-02 3.618684e-02 ) .

_:02456491-fb5f-4a87-97c3-75014ca63c24 a essentia:SecondDerivativeVariance ;
    afo:value 7.978364e-04 .

_:0248760d-008c-482e-ba58-7ea3dad64f77 a essentia:Variance ;
    afo:value 1.014637e-02 .

_:03185bde-3474-40a6-a493-da9aa5531d57 rdf:first 1.149763e-22 ;
    rdf:rest ( 5.692455e-22 1.451785e-21 2.825381e-21 1.515774e-20 3.115379e-20 2.246072e-20 1.083087e-19 8.246584e-20 1.5655e-19 2.537758e-19 4.140979e-19 3.803094e-19 7.320009e-19 8.679305e-19 1.498794e-18 1.771332e-18 1.992115e-18 3.192449e-18 3.518538e-18 4.351506e-18 4.13611e-18 5.450937e-18 6.889469e-18 7.95026e-18 8.474356e-18 8.585497e-18 9.735289e-18 1.319263e-17 1.397716e-17 1.136566e-17 1.037317e-17 8.93294e-18 9.755386e-18 6.185943e-18 4.651296e-18 2.416023e-18 9.91562e-19 2.667226e-19 2.533076e-20 ) .

_:034c71c2-b4f9-463f-92be-6394c8259685 a essentia:Minimum ;
    afo:value -3.983977e-08 .

_:034c8694-858a-4369-8ce7-02f86248826d a essentia:Maximum ;
    afo:value 3.203497e+03 .

_:03bfa795-7147-4e4c-b095-975bff80712b a essentia:Variance ;
    afo:value 3.787715e-17 .

_:0487a8fa-d888-4815-aab9-6126c1fdbe9d a essentia:MelBands ;
    event:time _:808ce376-cf8b-4c4a-9cb7-cff1e967aaa9 ;
    afo:computed_by _:LowLevelExtractor ;
    afo:feature [ a essentia:Skewness ;
            afo:feature [ a essentia:Minimum ;
                    afo:value -4.544277e+00 ],
                [ a essentia:SecondDerivativeMean ;
                    afo:value 1.763501e+00 ],
                [ a essentia:Median ;
                    afo:value 3.712201e+00 ],
                [ a essentia:Mean ;
                    afo:value 4.084276e+00 ],
                [ a essentia:SecondDerivativeVariance ;
                    afo:value 3.435944e+00 ],
                [ a essentia:DerivativeMean ;
                    afo:value 1.101549e+00 ],
                [ a essentia:Variance ;
                    afo:value 6.617758e+00 ],
                [ a essentia:Maximum ;
                    afo:value 4.867926e+01 ],
                [ a essentia:DerivativeVariance ;
                    afo:value 1.441826e+00 ] ] .

_:04a22ff2-c042-4048-9a8c-36046727575b a essentia:DerivativeMean ;
    afo:value 3.284792e+00 .

_:04a8bc37-4d8a-4111-996c-62c5305e29d5 a essentia:SecondDerivativeVariance ;
    afo:value 4.165739e+03 .

_:050e694e-5f36-4ee2-b1a2-d366acc5d94f a essentia:Mean ;
    afo:value 1.272705e+00 .

_:0537a0b9-07f1-470c-a6c9-145ff94c27d1 a essentia:SecondDerivativeMean ;
    afo:value 1.603899e-03 .

_:055a7840-4d77-4ac7-9f8c-911fa9e3f99b a essentia:SecondDerivativeVariance ;
    afo:value 6.56484e+00 .

_:056b8a12-5e28-45f2-b1a8-eddaf4353650 a essentia:DerivativeMean ;
    afo:value 2.169103e-02 .

_:059228f6-635d-4f03-9ec9-cfba4c3739e0 a essentia:SecondDerivativeVariance ;
    afo:value 1.162496e+00 .

_:06e75e0d-d150-4f33-a5ed-551997a78dab a essentia:SecondDerivativeMean ;
    afo:values ( 3.483523e-01 3.111948e+00 8.000601e+00 8.80129e+00 1.023065e+01 1.534706e+01 1.197583e+01 1.387429e+01 1.055301e+01 1.08163e+01 1.102791e+01 1.821983e+01 2.126416e+01 1.237888e+01 1.292131e+01 1.582341e+01 1.05782e+01 1.093693e+01 1.005184e+01 1.264943e+01 1.343566e+01 1.508522e+01 1.774506e+01 2.053746e+01 1.703343e+01 1.961236e+01 2.342427e+01 2.071718e+01 1.94343e+01 1.773584e+01 1.236826e+01 8.596277e+00 5.194979e+00 3.496848e+00 2.244303e+00 8.653093e-01 3.024829e-01 7.661675e-02 1.448561e-02 1.157159e-03 ) .

_:07d17677-9389-47c4-bf08-fc7a27981484 a essentia:Minimum ;
    afo:value 0 .

_:0838cca8-e535-4157-9812-85ea496bd48e rdf:first 9.331687e-06 ;
    rdf:rest ( 8.018213e-06 1.265278e-06 6.860948e-07 1.266802e-07 7.353616e-08 1.764248e-08 8.726664e-09 8.329597e-09 1.467239e-08 1.578793e-08 3.777243e-09 2.945959e-09 2.031813e-09 1.462154e-09 7.748517e-10 4.106021e-10 3.080405e-10 2.323451e-10 2.763476e-10 2.492551e-10 2.421991e-10 1.359661e-10 3.00424e-10 2.753389e-10 1.570685e-10 1.158762e-10 1.735885e-10 1.901356e-10 1.828118e-10 1.228595e-10 1.093943e-10 1.205182e-10 1.125906e-10 4.826761e-11 4.777205e-11 3.485973e-11 2.084509e-11 1.497374e-11 1.303979e-11 ) .

_:086be6b0-247a-4ca4-9dcb-f8933c411356 a essentia:Median ;
    afo:value 8.374839e-02 .

_:08fa653c-fe00-4ae8-b4b6-446894c4ac12 a essentia:Mean ;
    afo:value 4.824592e-01 .

_:0a193220-7cff-4d08-a606-f9712c0b74f5 a essentia:SecondDerivativeMean ;
    afo:value 9.021204e+00 .

_:0a6b45f6-7df3-4cd5-a83b-d4e96740c868 a essentia:SecondDerivativeVariance ;
    afo:value 3.626219e-06 .

_:0ad85e75-bf96-404f-8b3f-d795f0b08350 a essentia:SecondDerivativeMean ;
    afo:value 2.303103e+00 .

_:0b3d046a-1cb6-4e65-8b53-a3659fcf074f a essentia:SecondDerivativeVariance ;
    afo:value 0 .

_:0b4040c9-0693-444f-90a9-d4bd573c2328 a essentia:Variance ;
    afo:value 5.614655e+12 .

_:0b7ba0d3-b269-4aab-a515-36991769273c rdf:first 3.636466e-02 ;
    rdf:rest ( 2.873864e-02 1.134458e-02 9.726139e-03 5.275546e-03 3.468792e-03 3.157272e-03 1.416236e-03 2.504624e-03 2.270775e-03 2.295686e-03 2.49781e-03 1.139101e-03 6.637069e-04 1.287353e-03 6.340249e-04 5.096973e-04 3.921507e-04 3.412538e-04 2.507789e-04 3.438212e-04 3.316888e-04 1.643403e-04 3.519598e-04 4.895584e-04 1.752064e-04 1.8332e-04 1.95899e-04 1.57777e-04 1.739888e-04 1.378378e-04 1.335405e-04 1.361977e-04 1.630472e-04 7.78708e-05 8.899153e-05 7.932358e-05 8.079263e-05 6.1232e-05 4.899766e-05 ) .

_:0bf58280-974f-4088-abd7-8ac1152875af a essentia:Maximum ;
    afo:value 5.000002e-01 .

_:0cd765cd-9cd4-4204-9d63-79f30888b283 a essentia:Covariance ;
    afo:dimensions ( 13 13 ) ;
    afo:values ( 2.335868e+04 -8.611234e+02 7.002715e+02 1.848569e+03 -9.518539e+02 1.424769e+02 -6.50058e+02 -1.427065e+02 -4.080436e+02 6.156611e+01 -3.26066e+02 9.398898e+01 2.604449e+01 -8.611234e+02 1.36569e+03 5.644853e+01 2.007549e+02 2.444232e+02 -5.472851e+01 3.889464e+01 8.201955e+01 8.438157e+01 4.840151e+01 4.585936e+01 -4.47105e+01 -6.683893e+01 7.002715e+02 5.644853e+01 8.288548e+02 5.018272e+02 8.647704e+01 -3.434835e+01 -8.382392e+01 -3.417353e+01 -4.060784e+01 -1.237478e+01 -4.19557e+01 -1.367699e+01 -2.596131e+01 1.848569e+03 2.007549e+02 5.018272e+02 8.12124e+02 1.713421e+02 -3.661594e+01 -1.218807e+02 -2.420406e+01 -7.755904e+01 -2.40058e+01 -4.63035e+01 -1.130539e+01 -3.279173e+01 -9.518539e+02 2.444232e+02 8.647704e+01 1.713421e+02 3.187841e+02 1.982948e+01 3.918396e+01 2.448432e+01 -2.187295e+00 -1.108896e+01 1.507944e+01 -2.306048e+01 -2.506529e+01 1.424769e+02 -5.472851e+01 -3.434835e+01 -3.661594e+01 1.982948e+01 1.200487e+02 7.155146e+01 1.694195e+01 7.852711e+00 8.002205e+00 6.882374e+00 1.199757e+01 1.167004e+01 -6.50058e+02 3.889464e+01 -8.382392e+01 -1.218807e+02 3.918396e+01 7.155146e+01 1.285444e+02 5.857543e+01 3.199482e+01 3.095966e+00 1.677279e+01 7.639084e+00 1.243334e+01 -1.427065e+02 8.201955e+01 -3.417353e+01 -2.420406e+01 2.448432e+01 1.694195e+01 5.857543e+01 8.061359e+01 4.520611e+01 1.270527e+01 5.569167e+00 8.382885e-01 4.169698e+00 -4.080436e+02 8.438157e+01 -4.060784e+01 -7.755904e+01 -2.187295e+00 7.852711e+00 3.199482e+01 4.520611e+01 8.77467e+01 4.222519e+01 2.173446e+01 2.442925e+00 2.96888e+00 6.156611e+01 4.840151e+01 -1.237478e+01 -2.40058e+01 -1.108896e+01 8.002205e+00 3.095966e+00 1.270527e+01 4.222519e+01 6.910404e+01 3.770466e+01 1.298267e+01 3.731833e+00 -3.26066e+02 4.585936e+01 -4.19557e+01 -4.63035e+01 1.507944e+01 6.882374e+00 1.677279e+01 5.569167e+00 2.173446e+01 3.770466e+01 5.875783e+01 2.78654e+01 9.130903e+00 9.398898e+01 -4.47105e+01 -1.367699e+01 -1.130539e+01 -2.306048e+01 1.199757e+01 7.639084e+00 8.382885e-01 2.442925e+00 1.298267e+01 2.78654e+01 5.068444e+01 2.88962e+01 2.604449e+01 -6.683893e+01 -2.596131e+01 -3.279173e+01 -2.506529e+01 1.167004e+01 1.243334e+01 4.169698e+00 2.96888e+00 3.731833e+00 9.130903e+00 2.88962e+01 4.789075e+01 ) .

_:0d77b92a-9cb2-49fb-93e8-af9c868b8ba0 a essentia:Maximum ;
    afo:values ( 9.880405e-01 8.040075e-01 9.972781e-01 9.949321e-01 5.275604e-01 7.247401e-01 ) .

_:0dc79105-02b9-457f-82ea-ac0baad6f11e a essentia:Variance ;
    afo:value 1.753724e+03 .

_:0e02503f-d1da-4495-b514-0cf1ea69fc09 a essentia:Mean ;
    afo:value 8.906376e-02 .

_:0e3f20af-7977-4971-a4e9-49ca13674cb1 a essentia:MelBands ;
    event:time _:808ce376-cf8b-4c4a-9cb7-cff1e967aaa9 ;
    afo:computed_by _:LowLevelExtractor ;
    afo:feature [ a essentia:Minimum ;
            afo:values ( 1.094651e-24 6.726551e-25 9.538804e-25 2.131985e-24 8.529591e-25 2.7426e-24 1.102433e-24 1.904398e-24 1.90425e-24 2.158249e-24 1.306529e-24 2.519744e-24 2.824297e-24 3.186579e-24 3.519131e-24 3.795827e-24 3.026942e-24 3.695591e-24 2.725361e-24 4.959974e-24 4.190901e-24 3.176197e-24 2.732568e-24 4.721208e-24 4.53615e-24 5.501694e-24 3.94684e-24 4.707962e-24 4.764232e-24 3.894899e-24 4.456179e-24 5.55971e-24 6.805172e-24 6.448898e-24 5.442474e-24 5.249406e-24 7.134983e-24 6.327186e-24 6.352965e-24 7.012796e-24 ) ],
        [ a essentia:Maximum ;
            afo:values _:0b7ba0d3-b269-4aab-a515-36991769273c ],
        [ a essentia:SecondDerivativeVariance ;
            afo:values ( 2.542901e-05 2.267893e-05 3.808368e-06 1.987005e-06 3.443987e-07 1.935859e-07 4.651149e-08 2.371344e-08 2.148003e-08 3.580871e-08 3.412358e-08 9.101669e-09 7.788967e-09 4.688333e-09 3.139567e-09 1.943265e-09 1.025495e-09 8.187547e-10 5.982257e-10 7.667819e-10 7.03704e-10 6.660221e-10 3.734315e-10 8.231881e-10 7.353941e-10 4.142253e-10 2.861651e-10 4.377985e-10 4.67886e-10 4.424099e-10 2.822688e-10 2.650587e-10 2.64246e-10 2.448597e-10 1.171887e-10 1.03594e-10 7.371063e-11 4.195947e-11 2.68867e-11 2.424526e-11 ) ],
        [ a essentia:DerivativeVariance ;
            afo:values _:0838cca8-e535-4157-9812-85ea496bd48e ],
        [ a essentia:DerivativeMean ;
            afo:values ( 2.00994e-03 2.102822e-03 8.27808e-04 5.250095e-04 2.621133e-04 1.796911e-04 9.010851e-05 6.448779e-05 5.986914e-05 7.866348e-05 6.978376e-05 3.361164e-05 2.884727e-05 2.613347e-05 2.055986e-05 1.641824e-05 1.293105e-05 1.075313e-05 1.048177e-05 1.146983e-05 9.927291e-06 1.003972e-05 9.16896e-06 1.194313e-05 1.052605e-05 8.546105e-06 8.284711e-06 8.959201e-06 9.695463e-06 9.358276e-06 7.614766e-06 6.957776e-06 7.154372e-06 6.631638e-06 4.390569e-06 4.383945e-06 3.639223e-06 2.832428e-06 2.20498e-06 1.923025e-06 ) ],
        [ a essentia:Mean ;
            afo:values ( 4.029758e-03 3.244156e-03 1.101456e-03 6.467761e-04 3.821866e-04 2.251756e-04 1.254747e-04 8.663387e-05 9.282123e-05 1.252438e-04 1.144339e-04 6.11217e-05 4.871146e-05 4.057011e-05 3.413012e-05 2.832427e-05 2.220645e-05 1.950225e-05 2.073231e-05 2.066007e-05 1.880047e-05 1.993768e-05 1.966606e-05 2.4191e-05 1.981103e-05 1.666522e-05 1.920134e-05 2.020539e-05 2.142183e-05 2.113495e-05 1.604179e-05 1.405503e-05 1.584848e-05 1.319182e-05 9.347164e-06 8.786116e-06 7.797312e-06 5.93221e-06 4.45278e-06 4.097167e-06 ) ],
        [ a essentia:SecondDerivativeMean ;
            afo:values ( 3.35627e-03 3.633341e-03 1.473605e-03 9.405055e-04 4.422331e-04 3.063685e-04 1.555793e-04 1.123405e-04 9.925175e-05 1.276496e-04 1.086711e-04 5.469555e-05 4.765282e-05 4.162395e-05 3.234875e-05 2.684903e-05 2.15005e-05 1.796108e-05 1.738063e-05 1.935901e-05 1.680291e-05 1.677022e-05 1.538474e-05 2.027729e-05 1.81012e-05 1.44825e-05 1.340962e-05 1.502456e-05 1.623369e-05 1.517336e-05 1.213871e-05 1.149814e-05 1.143329e-05 1.027275e-05 7.126132e-06 6.992293e-06 5.608267e-06 4.194253e-06 3.304006e-06 2.949657e-06 ) ],
        [ a essentia:Variance ;
            afo:values ( 2.256939e-05 1.267113e-05 1.538981e-06 8.554537e-07 1.807687e-07 8.4467e-08 2.440583e-08 1.040745e-08 1.39706e-08 2.798486e-08 3.038072e-08 7.733433e-09 5.027285e-09 3.597013e-09 2.785976e-09 1.413227e-09 7.456124e-10 5.813399e-10 5.462021e-10 5.560334e-10 4.907319e-10 5.622882e-10 3.547531e-10 6.811797e-10 6.732422e-10 3.225378e-10 3.964795e-10 4.830157e-10 5.291745e-10 5.527039e-10 3.86109e-10 3.070839e-10 3.795282e-10 3.094689e-10 1.324264e-10 1.362571e-10 1.179204e-10 7.53294e-11 4.685186e-11 4.15232e-11 ) ],
        [ a essentia:Median ;
            afo:values ( 1.855419e-03 2.12144e-03 6.922894e-04 2.822639e-04 2.534487e-04 1.289393e-04 8.061231e-05 5.939064e-05 4.929046e-05 6.148371e-05 4.777497e-05 3.092659e-05 2.771586e-05 1.959422e-05 1.598983e-05 1.561787e-05 1.384716e-05 1.18524e-05 1.295726e-05 1.292434e-05 1.172985e-05 1.153102e-05 1.447003e-05 1.62759e-05 1.208301e-05 1.067469e-05 1.3257e-05 1.3398e-05 1.428001e-05 1.306399e-05 8.016212e-06 7.476647e-06 7.753234e-06 5.995338e-06 5.128221e-06 4.250188e-06 3.156451e-06 2.268161e-06 1.753325e-06 1.450509e-06 ) ] .

_:0e6b8142-b9d5-42b0-8804-9d159ea01d41 a essentia:Median ;
    afo:value 3.654937e+01 .

_:0e977340-7425-4c40-afb3-b12989266d78 a essentia:Minimum ;
    afo:value 2.442704e-01 .

_:0ed8f3ec-782f-4a70-8d23-3449c0e52907 a essentia:SecondDerivativeMean ;
    afo:value 1.313495e-03 .

_:0f448c8c-6dcd-4c67-ae3d-b350e8b60cc2 rdf:first 5.725941e-02 ;
    rdf:rest ( 7.297202e-03 1.554702e-02 1.801726e-02 2.188108e-03 2.416573e-02 ) .

_:1025e173-06e6-4cdf-b2c5-1a859a6a0290 a essentia:Minimum ;
    afo:value 1.071997e-16 .

_:10629053-3e90-45d7-b77d-a09ce0556522 a essentia:Variance ;
    afo:value 0 .

_:10738576-c2e0-4361-8ac8-1992083c2983 a essentia:Mean ;
    afo:value 1.896003e+00 .

_:10944667-4100-4ea6-91aa-a3ac5a1b920f a essentia:Mean ;
    afo:value 4.196153e-01 .

_:10e9c5b6-96eb-4a76-8dfd-1014335d4818 a essentia:DynamicComplexity ;
    event:time _:808ce376-cf8b-4c4a-9cb7-cff1e967aaa9 ;
    afo:value 4.142998e+00 .

_:11dafe7a-81fe-4932-9843-9104c22d66e8 a essentia:SecondDerivativeMean ;
    afo:value 5.273743e-02 .

_:121759a4-fecc-4f05-8a89-8548c6c9b2a4 a essentia:DerivativeMean ;
    afo:value 1.067883e+03 .

_:12bc197f-7b59-49c9-9b3f-96170c605108 a essentia:Maximum ;
    afo:values _:018f8589-609c-48e2-9d7c-3e32f6960f7e .

_:12f71037-c72e-4d5c-8ae8-cb4a6575782b a essentia:Maximum ;
    afo:value 2.062557e+02 .

_:1421ef59-a47a-4e51-b027-59e094425d2a a essentia:Mean ;
    afo:value 3.061224e-01 .

_:14817ce5-d789-4d2f-abcd-b004e1c358b2 a essentia:SecondDerivativeMean ;
    afo:value 5.921201e-01 .

_:14ac275b-1b15-4e56-b086-d458415517af a essentia:Maximum ;
    afo:value 9.582952e+00 .

_:1505bbd7-8385-4a33-b69e-781c219cd856 a essentia:Variance ;
    afo:value 5.123946e-03 .

_:15da3402-ebdf-48b9-bf2e-e6b1702f13b7 rdf:first 1.595308e-01 ;
    rdf:rest ( 1.528691e+00 2.6967e+00 3.717985e+00 3.332032e+00 4.49259e+00 6.528372e+00 5.538328e+00 5.341243e+00 5.666964e+00 6.195693e+00 9.593077e+00 9.897451e+00 8.141165e+00 8.388728e+00 7.018674e+00 7.533742e+00 8.006783e+00 8.100858e+00 9.947201e+00 1.061308e+01 1.220923e+01 1.776611e+01 1.635244e+01 1.714886e+01 2.095744e+01 2.329448e+01 1.689127e+01 1.406382e+01 1.18503e+01 9.003325e+00 5.731624e+00 3.093267e+00 1.865252e+00 8.89976e-01 3.914481e-01 1.452538e-01 3.859396e-02 6.113424e-03 4.954134e-04 ) .

_:165be676-3eda-48fd-a776-078985fa0a7b a essentia:Maximum ;
    afo:value 1 .

_:16d3a494-3118-4712-8811-554f9629a36f a essentia:ChordsNumberRate ;
    event:time _:808ce376-cf8b-4c4a-9cb7-cff1e967aaa9 ;
    afo:value 1.993885e-03 .

_:176b4b42-6998-40bd-a41a-68562d625a3e a essentia:SecondDerivativeMean ;
    afo:value 2.551646e-02 .

_:180282f8-16de-4b0e-8dfd-2073a38de0b6 a essentia:DerivativeMean ;
    afo:value 9.908127e+00 .

_:18610254-a0b1-4e9e-888f-7177a97eea70 a essentia:ERBBands ;
    event:time _:808ce376-cf8b-4c4a-9cb7-cff1e967aaa9 ;
    afo:computed_by _:LowLevelExtractor ;
    afo:feature [ a essentia:Skewness ;
            afo:feature _:14817ce5-d789-4d2f-abcd-b004e1c358b2,
                [ a essentia:Variance ;
                    afo:value 7.175464e-01 ],
                [ a essentia:Median ;
                    afo:value -3.04377e-01 ],
                [ a essentia:Maximum ;
                    afo:value 8.591756e+00 ],
                [ a essentia:DerivativeVariance ;
                    afo:value 1.62368e-01 ],
                [ a essentia:Minimum ;
                    afo:value -2.226361e+00 ],
                [ a essentia:DerivativeMean ;
                    afo:value 3.656466e-01 ],
                [ a essentia:SecondDerivativeVariance ;
                    afo:value 3.67596e-01 ],
                [ a essentia:Mean ;
                    afo:value -2.389651e-01 ] ] .

_:18933cd5-6c1d-481a-933c-125fde57c650 a essentia:Median ;
    afo:value 115 .

_:18c4c710-f3d3-40c1-8322-c9463a27d02d a essentia:SecondDerivativeVariance ;
    afo:value 5.683544e+01 .

_:18d03fb4-fc6f-4e70-a025-0ba3496dc4d5 a essentia:Maximum ;
    afo:value 1 .

_:18f814c0-2567-472f-8707-4ba89b2e7a2b a essentia:KeyScale ;
    event:time _:808ce376-cf8b-4c4a-9cb7-cff1e967aaa9 ;
    afo:value "minor" .

_:1a04eb4d-5f9a-4489-83a6-782cb46c9e43 a essentia:Median ;
    afo:value 3.409856e-01 .

_:1a09a218-71ec-4393-881d-d8ca654650d8 a essentia:DerivativeMean ;
    afo:value 7.045998e-03 .

_:1a770dc6-5309-495f-bd10-6836adabbdfe a essentia:Minimum ;
    afo:value 3.161378e+00 .

_:1aad7722-022a-4921-94fb-ad0018648a57 a essentia:DerivativeVariance ;
    afo:value 5.025303e-03 .

_:1ac05759-c2da-4941-85fd-9e3d0ef145f0 a essentia:DerivativeVariance ;
    afo:value 6.790669e-04 .

_:1b19e303-96a9-40d1-bc2f-8c2dc779d282 a essentia:Maximum ;
    afo:value 6.321068e-01 .

_:1b286507-7255-4510-8af5-240b98889432 a essentia:Median ;
    afo:value 5955696 .

_:1bc64e23-83e7-4ca5-9bf9-6b92ff5370f6 a essentia:SecondDerivativeMean ;
    afo:value 1.997574e-02 .

_:1c652380-7066-4ec8-89ce-a35b0505b1bb rdf:first -2.81134e+01 ;
    rdf:rest ( -2.779233e+01 -2.764502e+01 -2.775868e+01 -2.736813e+01 -2.735449e+01 ) .

_:1c674f6e-e79f-4549-a3f6-a67709ba72e8 a essentia:DerivativeMean ;
    afo:value 1.259431e+01 .

_:1cf8746d-f7f4-4ba9-b14e-8549bc750a98 a essentia:Crest ;
    afo:feature [ a essentia:DerivativeMean ;
            afo:value 3.949618e+00 ],
        [ a essentia:Median ;
            afo:value 1.756513e+01 ],
        [ a essentia:Mean ;
            afo:value 1.729785e+01 ],
        [ a essentia:Maximum ;
            afo:value 3.956e+01 ],
        [ a essentia:Minimum ;
            afo:value 1.72842e+00 ],
        [ a essentia:DerivativeVariance ;
            afo:value 1.069943e+01 ],
        [ a essentia:SecondDerivativeMean ;
            afo:value 6.731222e+00 ],
        [ a essentia:SecondDerivativeVariance ;
            afo:value 3.044251e+01 ],
        [ a essentia:Variance ;
            afo:value 4.021252e+01 ] .

_:1e3a2c56-e962-4827-922b-0af4fd4f022f a essentia:MFCC ;
    event:time _:808ce376-cf8b-4c4a-9cb7-cff1e967aaa9 ;
    afo:computed_by _:LowLevelExtractor ;
    afo:feature _:02206246-472a-4455-b338-752cb15da2ed,
        [ a essentia:Mean ;
            afo:values ( -6.272526e+02 7.780075e+01 1.684172e+01 3.283261e+01 3.981094e+00 9.562503e+00 6.333425e+00 9.193295e+00 4.638418e+00 3.958138e+00 3.152539e-01 1.863413e+00 -7.929386e-01 ) ],
        [ a essentia:Covariance ;
            afo:dimensions ( 13 13 ) ;
            afo:values ( 1.675175e+04 -3.099118e+02 1.055719e+03 9.565513e+02 5.90693e+01 3.173652e+02 -1.879977e+02 -1.168888e+02 -1.024084e+02 -1.005167e+02 -2.520576e+02 -2.155537e+02 -2.890303e+02 -3.099118e+02 1.049565e+03 -8.194633e+00 2.577368e+02 1.465416e+02 1.522116e+01 4.108474e+01 2.95819e+01 3.674969e+01 6.632189e+01 6.836368e+01 6.551698e+01 5.37729e+01 1.055719e+03 -8.194633e+00 5.403238e+02 3.250742e+02 1.105355e+02 5.929526e+01 -1.575077e+01 -1.559134e+01 -1.772075e+01 -1.756605e+01 -1.987691e+01 -1.85404e+01 -3.220509e+01 9.565513e+02 2.577368e+02 3.250742e+02 6.962607e+02 3.309305e+02 8.639586e+01 3.143176e+01 3.227165e+00 -2.909257e+01 -1.905603e+01 -2.829228e+01 -7.632206e+00 -2.821017e+01 5.90693e+01 1.465416e+02 1.105355e+02 3.309305e+02 2.574823e+02 7.580516e+01 4.952597e+01 1.022906e+01 -9.447474e+00 -8.941628e+00 -2.259102e-01 3.050039e+00 -3.397706e+00 3.173652e+02 1.522116e+01 5.929526e+01 8.639586e+01 7.580516e+01 9.995463e+01 4.691506e+01 1.865099e+01 -3.10397e+00 -3.219804e+00 -8.344668e-01 9.324224e-01 -5.404285e-01 -1.879977e+02 4.108474e+01 -1.575077e+01 3.143176e+01 4.952597e+01 4.691506e+01 1.001842e+02 4.669632e+01 1.707581e+01 4.526649e+00 1.151e+00 5.725349e+00 8.198066e+00 -1.168888e+02 2.95819e+01 -1.559134e+01 3.227165e+00 1.022906e+01 1.865099e+01 4.669632e+01 7.539852e+01 3.849843e+01 1.52337e+01 3.730228e+00 2.549456e-01 7.840719e+00 -1.024084e+02 3.674969e+01 -1.772075e+01 -2.909257e+01 -9.447474e+00 -3.10397e+00 1.707581e+01 3.849843e+01 6.485212e+01 3.625982e+01 1.681308e+01 5.406696e+00 6.198904e+00 -1.005167e+02 6.632189e+01 -1.756605e+01 -1.905603e+01 -8.941628e+00 -3.219804e+00 4.526649e+00 1.52337e+01 3.625982e+01 6.109707e+01 3.591138e+01 1.71249e+01 7.63087e+00 -2.520576e+02 6.836368e+01 -1.987691e+01 -2.829228e+01 -2.259102e-01 -8.344668e-01 1.151e+00 3.730228e+00 1.681308e+01 3.591138e+01 5.692115e+01 3.291452e+01 1.386003e+01 -2.155537e+02 6.551698e+01 -1.85404e+01 -7.632206e+00 3.050039e+00 9.324224e-01 5.725349e+00 2.549456e-01 5.406696e+00 1.71249e+01 3.291452e+01 4.805653e+01 2.636434e+01 -2.890303e+02 5.37729e+01 -3.220509e+01 -2.821017e+01 -3.397706e+00 -5.404285e-01 8.198066e+00 7.840719e+00 6.198904e+00 7.63087e+00 1.386003e+01 2.636434e+01 4.710577e+01 ) ] .

_:1e5fe355-dcac-4721-8e82-4e03f65fd2f2 rdf:first 2.677963e-01 ;
    rdf:rest ( 8.279622e-02 7.292252e-02 6.745409e-02 3.893263e-02 1.726152e-01 ) .

_:1e8ecc93-3aec-4c78-a872-83d715e1ebbf a essentia:DerivativeMean ;
    afo:value 1.211957e-01 .

_:1eb606d6-272f-4337-9b5a-f5acc69aef08 a essentia:Variance ;
    afo:values ( 7.011524e-02 6.333912e-02 5.312498e-02 5.538274e-02 7.686881e-02 7.454958e-02 6.635711e-02 7.4076e-02 8.37009e-02 7.222854e-02 5.471093e-02 3.439406e-02 2.6873e-02 2.421591e-02 2.276024e-02 2.540297e-02 3.309824e-02 3.930673e-02 4.076363e-02 4.618721e-02 4.885766e-02 4.063189e-02 4.078183e-02 5.668368e-02 1.059746e-01 5.046509e-02 3.890931e-02 4.975724e-02 5.912471e-02 3.694037e-02 3.473707e-02 4.008668e-02 4.342952e-02 4.598421e-02 5.631379e-02 6.962017e-02 ) .

_:1ef0579b-b7ef-43bb-b056-5e320a270b27 a essentia:DerivativeMean ;
    afo:value 7.941907e-04 .

_:1f9d0e39-9c62-4701-8ea0-543ba563b969 a essentia:SecondDerivativeVariance ;
    afo:value 1.137436e-03 .

_:1fadd389-7f1b-4729-9511-2102760f0f83 rdf:first 4.003606e-01 ;
    rdf:rest ( 4.357299e-01 3.38816e-01 2.851326e-01 2.208323e-01 2.834221e-01 ) .

_:201132c6-60b2-47f9-9920-01fb9f1ce249 a essentia:Maximum ;
    afo:value 2.68598e+01 .

_:2044d1ce-47d6-436c-9425-6f6d63d363f8 a essentia:Mean ;
    afo:value 7.464274e-02 .

_:20740026-dfa0-4766-9d6d-19c96ecd05da a essentia:SecondDerivativeVariance ;
    afo:value 5.235072e+06 .

_:210716c8-7375-4f30-ad21-222db007c02f a essentia:Entropy ;
    afo:feature _:059228f6-635d-4f03-9ec9-cfba4c3739e0,
        _:07d17677-9389-47c4-bf08-fc7a27981484,
        [ a essentia:Variance ;
            afo:value 7.962477e-01 ],
        [ a essentia:DerivativeMean ;
            afo:value 7.853243e-01 ],
        [ a essentia:DerivativeVariance ;
            afo:value 4.111236e-01 ],
        [ a essentia:Mean ;
            afo:value 2.877286e+00 ],
        [ a essentia:Maximum ;
            afo:value 4.781038e+00 ],
        [ a essentia:Median ;
            afo:value 2.965108e+00 ],
        [ a essentia:SecondDerivativeMean ;
            afo:value 1.340922e+00 ] .

_:2186781b-9007-477f-9186-fea1330515ec a essentia:Median ;
    afo:values ( 4.940129e-02 4.458236e-02 4.625408e-02 6.076606e-02 7.981706e-02 8.095519e-02 6.834889e-02 6.781583e-02 6.741761e-02 6.546851e-02 5.764271e-02 4.644793e-02 3.539595e-02 3.453423e-02 3.467562e-02 3.818394e-02 4.526767e-02 4.740303e-02 4.94566e-02 4.925706e-02 4.621515e-02 3.901524e-02 3.369353e-02 6.421869e-02 7.208855e-02 6.059684e-02 3.704171e-02 4.640902e-02 4.661917e-02 4.27433e-02 3.544014e-02 3.180468e-02 2.95915e-02 3.711636e-02 5.115056e-02 5.501036e-02 ) .

_:236fb7b1-f632-46c4-a4c8-5257364c2aa2 a essentia:DerivativeMean ;
    afo:value 0 .

_:244945de-7c96-439b-9261-e42bb98ebd1f rdf:first 3.450487e-01 ;
    rdf:rest ( 1.19766e+01 4.729339e+01 5.50038e+01 8.681328e+01 2.993491e+02 1.251302e+02 1.708346e+02 1.096123e+02 9.563227e+01 1.633282e+02 5.110869e+02 1.178937e+03 4.266917e+02 3.84755e+02 7.297911e+02 2.426007e+02 2.297584e+02 1.985675e+02 3.162758e+02 3.412933e+02 4.77613e+02 5.729413e+02 9.367236e+02 6.235135e+02 9.909414e+02 1.312577e+03 1.245956e+03 9.871516e+02 1.050533e+03 4.354057e+02 3.065098e+02 1.366048e+02 5.916037e+01 2.189698e+01 4.336195e+00 4.968978e-01 3.501635e-02 1.297181e-03 7.61946e-06 ) .

_:2478e6c0-3fce-4bf4-9cf8-01db8ceb1c84 a essentia:DerivativeVariance ;
    afo:value 6.851675e-07 .

_:248efa7e-5e8f-4dc9-8392-fbf46eb5e42a a essentia:BarkBands ;
    event:time _:808ce376-cf8b-4c4a-9cb7-cff1e967aaa9 ;
    afo:computed_by _:LowLevelExtractor ;
    afo:feature [ a essentia:Kurtosis ;
            afo:feature _:0a193220-7cff-4d08-a606-f9712c0b74f5,
                _:0dc79105-02b9-457f-82ea-ac0baad6f11e,
                [ a essentia:DerivativeMean ;
                    afo:value 5.564058e+00 ],
                [ a essentia:Mean ;
                    afo:value 7.884315e+00 ],
                [ a essentia:DerivativeVariance ;
                    afo:value 8.888962e+02 ],
                [ a essentia:Median ;
                    afo:value 1.42423e+00 ],
                [ a essentia:SecondDerivativeVariance ;
                    afo:value 1.597478e+03 ],
                [ a essentia:Minimum ;
                    afo:value -1.908733e+00 ],
                [ a essentia:Maximum ;
                    afo:value 2.844265e+03 ] ] .

_:24d28beb-6daf-4c33-a550-f8a3662c467c a essentia:SecondDerivativeVariance ;
    afo:value 1.076823e-03 .

_:24f994ed-7d09-47cf-ab14-c487813a34f9 a essentia:DerivativeVariance ;
    afo:values ( 1.053336e-01 7.956355e+00 3.848938e+01 4.737505e+01 9.482394e+01 2.004421e+02 9.852559e+01 1.516589e+02 8.391558e+01 8.379723e+01 1.0324e+02 2.765255e+02 6.17751e+02 1.961848e+02 2.221404e+02 4.071706e+02 1.145589e+02 1.138842e+02 9.089674e+01 1.229141e+02 1.519027e+02 1.871372e+02 1.949959e+02 3.559786e+02 2.057058e+02 2.862064e+02 4.059362e+02 3.63206e+02 3.222897e+02 3.201815e+02 1.472367e+02 8.671961e+01 3.564263e+01 1.751676e+01 7.7403e+00 1.259847e+00 1.270197e-01 8.162593e-03 3.288775e-04 1.929219e-06 ) .

_:2598bd39-0e0f-4fb0-95f9-c58621b54882 a essentia:MelBands ;
    event:time _:808ce376-cf8b-4c4a-9cb7-cff1e967aaa9 ;
    afo:computed_by _:LowLevelExtractor ;
    afo:feature [ a essentia:Kurtosis ;
            afo:feature _:034c8694-858a-4369-8ce7-02f86248826d,
                _:04a8bc37-4d8a-4111-996c-62c5305e29d5,
                [ a essentia:SecondDerivativeMean ;
                    afo:value 2.587496e+01 ],
                [ a essentia:Mean ;
                    afo:value 2.983697e+01 ],
                [ a essentia:Median ;
                    afo:value 1.61234e+01 ],
                [ a essentia:Minimum ;
                    afo:value -1.633604e+00 ],
                [ a essentia:Variance ;
                    afo:value 3.04291e+03 ],
                [ a essentia:DerivativeMean ;
                    afo:value 1.587347e+01 ],
                [ a essentia:DerivativeVariance ;
                    afo:value 1.962712e+03 ] ] .

_:25de69ec-e696-43b6-9cee-9008e7e5bd07 a essentia:Mean ;
    afo:value 3.235613e+01 .

_:26ee7cfc-7a0f-4658-93aa-46e5d2c3f826 a essentia:SecondPeakSpread ;
    event:time _:808ce376-cf8b-4c4a-9cb7-cff1e967aaa9 ;
    afo:computed_by _:LowLevelExtractor ;
    afo:feature _:1421ef59-a47a-4e51-b027-59e094425d2a,
        [ a essentia:Variance ;
            afo:value 0 ],
        [ a essentia:DerivativeMean ;
            afo:value 0 ],
        [ a essentia:Minimum ;
            afo:value 3.061224e-01 ],
        [ a essentia:SecondDerivativeVariance ;
            afo:value 0 ],
        [ a essentia:SecondDerivativeMean ;
            afo:value 0 ],
        [ a essentia:Median ;
            afo:value 3.061224e-01 ],
        [ a essentia:Maximum ;
            afo:value 3.061224e-01 ],
        [ a essentia:DerivativeVariance ;
            afo:value 0 ] .

_:27109da6-e829-438a-9503-5f1b39f1f15b a essentia:DerivativeVariance ;
    afo:values ( 1.417321e-01 1.878397e-01 1.249846e-01 1.087344e-01 9.11405e-02 1.559799e-01 ) .

_:27575737-7b4a-46fc-ba72-53bb4a6c6bd9 a essentia:Mean ;
    afo:value 5.456005e-01 .

_:27ab81a4-1bf8-4bc1-ba72-d6db481b2478 a essentia:Median ;
    afo:value 1 .

_:27cf02cb-6d61-4c38-a98b-d2c39a886835 a essentia:Variance ;
    afo:value 1.10162e-05 .

_:2823d185-6bdb-487c-86eb-0e2b1fd82114 a essentia:Maximum ;
    afo:values ( 1 1 1 1 1 1 1 1 1 1 1 1 1 1 1 1 1 1 1 1 1 1 1 1 1 1 1 1 1 1 1 1 1 1 1 1 ) .

_:283f3394-a62a-49f1-a1f8-9bb33741f7b0 a essentia:Minimum ;
    afo:value 1.031175e-01 .

_:293705d2-e681-4d74-8c87-7c9b373b2139 a essentia:DerivativeVariance ;
    afo:value 2.027882e-02 .

_:29e34e94-de39-4140-b6e7-cf660afd591f a essentia:Mean ;
    afo:value 3.795392e-03 .

_:2a69f298-81a5-4e78-a42e-da56b7daf617 rdf:first 2.117537e-01 ;
    rdf:rest ( 1.819173e+00 4.408927e+00 4.931849e+00 5.648689e+00 8.830914e+00 7.031466e+00 8.120835e+00 6.116241e+00 6.168521e+00 6.653934e+00 1.107098e+01 1.363539e+01 7.660733e+00 7.866111e+00 1.023675e+01 6.614472e+00 6.667203e+00 6.092012e+00 7.648392e+00 7.976229e+00 9.052521e+00 1.072436e+01 1.199841e+01 1.020019e+01 1.187921e+01 1.406991e+01 1.29663e+01 1.193983e+01 1.164072e+01 7.745543e+00 5.683372e+00 3.589268e+00 2.284451e+00 1.509838e+00 6.167983e-01 2.082197e-01 5.20844e-02 9.898651e-03 7.864683e-04 ) .

_:2c1823fc-7354-4792-a411-1bdb941c2ccd a essentia:DerivativeMean ;
    afo:value 1.773431e-02 .

_:2c19918f-66c8-4e5a-9cf5-a209a0c47aeb a essentia:DerivativeVariance ;
    afo:value 1.112449e-03 .

_:2d8571e3-46e0-457d-bd94-bc6e8d111e27 rdf:first 6.681541e-01 ;
    rdf:rest ( 7.205687e-01 5.451161e-01 4.551827e-01 3.465447e-01 4.218052e-01 ) .

_:2e674652-15e2-4f76-9980-101a7a159f23 a essentia:SecondDerivativeVariance ;
    afo:values ( 1.02481e-06 3.723639e-04 1.289887e-04 1.705853e-05 2.975591e-05 5.87743e-06 1.08895e-06 4.79943e-07 2.099707e-06 6.778563e-07 4.016286e-07 4.133946e-07 1.765161e-07 1.188326e-07 9.115333e-08 1.545897e-07 1.470946e-07 2.661363e-07 2.585251e-07 3.518009e-07 4.723357e-07 5.295064e-07 5.310966e-07 2.554345e-07 2.428884e-07 7.852471e-08 2.194163e-08 ) .

_:2f5a784b-3ec5-4cc5-85b4-f350e4f4d0e2 a essentia:Maximum ;
    afo:value 1.031175e-01 .

_:2fb217fb-1825-4d08-b273-b9d3b8f59db3 a essentia:Mean ;
    afo:value 1 .

_:311622f2-a509-4c96-95a7-70792789a2ad rdf:first 1.889948e-01 ;
    rdf:rest ( 1.652755e-01 1.526292e-01 1.505983e-01 1.663617e-01 1.753078e-01 2.016637e-01 1.771465e-01 1.958405e-01 1.816819e-01 1.551177e-01 1.045011e-01 8.388399e-02 7.186214e-02 7.004804e-02 6.963364e-02 8.485778e-02 9.605797e-02 8.660061e-02 1.044818e-01 1.135701e-01 9.732755e-02 1.252134e-01 1.413779e-01 1.631317e-01 1.138524e-01 1.088074e-01 1.100059e-01 1.17006e-01 9.385081e-02 1.070004e-01 1.198139e-01 1.275118e-01 1.383352e-01 1.503715e-01 1.649915e-01 ) .

_:314d8370-3dd1-4e67-a38f-67be62d09893 a essentia:Maximum ;
    afo:value 8.754883e-01 .

_:31d798ac-8e8e-4094-b92d-ee3ded990c54 a essentia:SecondDerivativeMean ;
    afo:values ( 9.155068e-02 8.006592e-02 5.827858e-02 4.180419e-02 3.129819e-02 2.686083e-02 ) .

_:331892c0-3f5c-4d91-b5ef-f286a4c3ac5b a essentia:SecondDerivativeVariance ;
    afo:value 0 .

_:33ca5d40-1708-4920-a842-1deaae348750 rdf:first 7.110465e-02 ;
    rdf:rest ( 6.343282e-02 5.634503e-02 5.539439e-02 6.45697e-02 6.662264e-02 7.357165e-02 6.6086e-02 7.245684e-02 6.738284e-02 5.679869e-02 3.739992e-02 2.994969e-02 2.58068e-02 2.462742e-02 2.475568e-02 3.006375e-02 3.426726e-02 3.192997e-02 3.804814e-02 4.079971e-02 3.491651e-02 4.47888e-02 5.129534e-02 6.371493e-02 4.275045e-02 3.97286e-02 4.062578e-02 4.503862e-02 3.423663e-02 3.839295e-02 4.346057e-02 4.699176e-02 5.021669e-02 5.567664e-02 6.538595e-02 ) .

_:33e1b437-04dc-4f9c-8a94-94e5848b9839 a essentia:SecondDerivativeMean ;
    afo:value 0 .

_:33ec1d45-aff2-41ab-9f81-dc8094b59a19 a essentia:DerivativeVariance ;
    afo:value 2.941259e+01 .

_:3460519f-40ae-4432-8d56-b0af409475d8 rdf:first 4.391902e-01 ;
    rdf:rest ( 6.946961e-02 6.257793e-02 5.901534e-02 6.666577e-02 2.08697e-01 ) .

_:34cbb955-430a-4957-8856-59cda949b12e a essentia:Minimum ;
    afo:values _:1c652380-7066-4ec8-89ce-a35b0505b1bb .

_:35044d05-9446-4bcf-b20a-e8f8bd3045c6 a essentia:SecondDerivativeMean ;
    afo:value 0 .

_:35668970-4d1a-4bc2-b0d0-c44101eb28c9 a essentia:Median ;
    afo:value 29 .

_:360072e8-b976-41c9-986b-85a2d8ea74af a essentia:Median ;
    afo:value 1 .

_:373fa214-edad-44eb-8970-0042990a3930 a essentia:Variance ;
    afo:value 5.054209e-01 .

_:3796eeb0-9b5e-4ff3-8a6a-86ee8a18b21b rdf:first 1.765621e-01 ;
    rdf:rest ( 1.568375e-01 1.440153e-01 1.618681e-01 2.049818e-01 2.0622e-01 1.835134e-01 1.936861e-01 2.050747e-01 1.927721e-01 1.598015e-01 1.190772e-01 9.882242e-02 9.376797e-02 9.177031e-02 9.818294e-02 1.179455e-01 1.322984e-01 1.316697e-01 1.373286e-01 1.386591e-01 1.221317e-01 1.1384e-01 1.792097e-01 2.314273e-01 1.659392e-01 1.179799e-01 1.462319e-01 1.507251e-01 1.207149e-01 1.110738e-01 1.129624e-01 1.125587e-01 1.264443e-01 1.540758e-01 1.788227e-01 ) .

_:37aa84c5-9792-4e5c-ab45-4201c9b5c75c a essentia:Mean ;
    afo:values ( 4.29647e-01 9.152963e-02 9.969217e-02 9.63194e-02 7.311337e-02 2.250701e-01 ) .

_:3804f5c2-c778-4366-9168-e47a044c46b9 a essentia:Minimum ;
    afo:value 6.476191e-02 .

_:3805cfb8-c049-45ea-9cb6-2f9fd54e1507 a essentia:Variance ;
    afo:value 5.961595e+01 .

_:3903783d-d01d-43f6-aa11-3383fc701baf a essentia:Maximum ;
    afo:value 2.099454e+02 .

_:3930aabb-4a29-48ae-a794-ac3cd8b06a46 a essentia:DerivativeMean ;
    afo:values _:1e5fe355-dcac-4721-8e82-4e03f65fd2f2 .

_:39cd6828-893f-4668-8da3-d21e5a9e921a a essentia:Minimum ;
    afo:value 0 .

_:39e284b7-2237-458d-b57d-fd3072cc8ab3 a essentia:DerivativeVariance ;
    afo:value 0 .

_:3a2ef8af-34e3-4e1d-915d-326eacdb1390 a essentia:Variance ;
    afo:value 0 .

_:3a840e57-1765-4a29-9d98-b7c8ed9dc729 a essentia:Maximum ;
    afo:value 1.185432e+01 .

_:3ad1e247-1aed-4b6d-9fc1-ee00d78472d9 rdf:first -3.94788e-01 ;
    rdf:rest ( -3.895454e-01 -4.721119e-01 -5.181296e-01 -6.424905e-01 -6.765e-01 ) .

_:3c3e1f01-b468-4edc-a3a0-4411b392b6d1 a essentia:DerivativeMean ;
    afo:values ( 5.440266e-02 4.755031e-02 3.52244e-02 2.452669e-02 1.853894e-02 1.621734e-02 ) .

_:3c984d62-de05-4b78-8fdf-0145a38c3ad4 a essentia:SecondDerivativeVariance ;
    afo:value 1.522364e-02 .

_:3ccc1171-522e-432f-8fc7-4093327bc80d rdf:first 4.696703e-01 ;
    rdf:rest ( 2.83245e+00 5.535058e+00 6.231989e+00 6.635332e+00 1.122823e+01 9.837223e+00 9.90156e+00 8.449727e+00 8.234165e+00 1.046993e+01 1.805032e+01 2.268765e+01 1.482885e+01 1.409109e+01 1.601845e+01 1.272107e+01 1.25882e+01 1.250669e+01 1.560225e+01 1.641512e+01 1.956623e+01 2.471143e+01 2.512504e+01 2.452497e+01 3.010319e+01 3.43521e+01 3.0325e+01 2.60322e+01 2.534646e+01 1.680494e+01 1.289804e+01 7.931314e+00 4.994808e+00 2.969004e+00 1.294325e+00 4.614289e-01 1.215668e-01 2.292828e-02 1.75012e-03 ) .

_:3cd56086-3647-4e50-ab6b-ae0a825429b0 a essentia:SecondDerivativeMean ;
    afo:value 0 .

_:3d0d7b13-6421-4cd8-af26-ce70ec3e1e2a a essentia:DerivativeVariance ;
    afo:value 4.765175e-04 .

_:3db8b1bb-37fb-4ff5-84b5-f8fd83bc27ec a essentia:Mean ;
    afo:value 5.362856e-03 .

