@prefix afo: <https://w3id.org/afo/onto/1.1#> .
@prefix dc: <http://purl.org/dc/elements/1.1/> .
@prefix essentia: <http://sovarr.c4dm.eecs.qmul.ac.uk/af/essentia/> .
@prefix event: <http://purl.org/NET/c4dm/event.owl#> .
@prefix foaf: <http://xmlns.com/foaf/0.1/> .
@prefix mo: <http://purl.org/ontology/mo/> .
@prefix rdf: <http://www.w3.org/1999/02/22-rdf-syntax-ns#> .
@prefix rdfs: <http://www.w3.org/2000/01/rdf-schema#> .
@prefix tl: <http://purl.org/NET/c4dm/timeline.owl#> .
@prefix xml: <http://www.w3.org/XML/1998/namespace> .
@prefix xsd: <http://www.w3.org/2001/XMLSchema#> .

<http://musicbrainz.org/artist/ee55e4e8-807d-49b1-8470-d1c0898ed7cb> a mo:MusicArtist .

<http://musicbrainz.org/release/455a59d2-0921-4cd3-b0d0-39456eb809b9> a mo:Release ;
    dc:date "2001" ;
    dc:title "Jazz in Paris: Django's Blues" ;
    mo:catalogue_number "013 545-2" ;
    mo:publisher [ a mo:Label ;
            foaf:name "Gitanes Jazz Productions" ] ;
    mo:publishing_location "FR" ;
    mo:release_status mo:official ;
    mo:release_type mo:compilation ;
    mo:track <http://musicbrainz.org/recording/8aacd9c4-1208-4b0e-9beb-c37c0461f79a> ;
    essentia:asin "B00005CF7P" ;
    essentia:replay_gain "0.00 dB" ;
    foaf:maker <http://musicbrainz.org/artist/650bf385-6f6d-4992-a3b9-779d144920a4> .

<08+-+Quintette+du+Hot+Club+de+France+-+I+Love+You.mp3> a mo:AudioFile ;
    mo:encodes [ a essentia:Signal ;
            mo:sample_rate "44100"^^xsd:interger ;
            mo:time _:fb961f18-f02e-47b5-9ea9-bb769ae6b78d ;
            essentia:bit_rate "128000"^^xsd:float ;
            essentia:codec "mp3"^^xsd:string ;
            essentia:downmix "mix"^^xsd:string ;
            essentia:equal_loudness "0"^^xsd:float ;
            essentia:lossless false ;
            essentia:md5_encoded "7a132dcf7fc4bd93aa1c635e4ce7fb3f"^^xsd:string ;
            essentia:replay_gain "-7.36717987061"^^xsd:float ] .

<http://musicbrainz.org/artist/650bf385-6f6d-4992-a3b9-779d144920a4> a mo:MusicArtist ;
    foaf:name "Django Reinhardt",
        "Quintette du Hot Club de France" .

<http://musicbrainz.org/recording/8aacd9c4-1208-4b0e-9beb-c37c0461f79a> a mo:Track ;
    dc:title "I Love You" ;
    mo:available_as <08+-+Quintette+du+Hot+Club+de+France+-+I+Love+You.mp3> ;
    mo:genre [ a mo:Genre ;
            rdfs:label "Jazz - Swing" ] ;
    mo:track_number "8/15" ;
    essentia:replay_gain "-1.40 dB" ;
    essentia:replay_peak "0.672424" .

[] a essentia:VersionInfo .

_:0017efe2-f1c5-4021-b5d2-76493f5a95a3 a essentia:DerivativeMean ;
    afo:value 6.72545e+00 .

_:0178005c-0928-4685-bb93-e712359f62f5 a essentia:Minimum ;
    afo:value 1.35919e-23 .

_:022884d4-5e7c-48ac-a88e-1c0e8f207e7b a essentia:Minimum ;
    afo:value 5.501613e-02 .

_:0265cd05-de3a-4b75-b630-68ff27ceb2c5 a essentia:GFCC ;
    event:time _:fb961f18-f02e-47b5-9ea9-bb769ae6b78d ;
    afo:computed_by _:LowLevelExtractor ;
    afo:feature [ a essentia:Covariance ;
            afo:dimensions ( 13 13 ) ;
            afo:values ( 3.18175e+04 3.14464e+03 -2.075209e+03 -1.312708e+03 -9.421989e+02 -2.604597e+02 -8.731766e+02 -7.35265e+02 -2.546338e+02 -1.272589e+02 -1.355188e+02 -2.418691e+02 1.337962e+02 3.14464e+03 1.696223e+03 -1.373679e+02 -4.73455e+02 3.639866e+02 -1.257725e+02 -1.978665e+02 -2.913724e+02 1.651848e+02 -1.855762e+02 -1.921581e+01 -1.08182e+02 1.237409e+02 -2.075209e+03 -1.373679e+02 6.233298e+02 5.908939e+02 -5.408255e+01 7.41475e+01 1.22854e+01 1.092122e+02 -1.296595e+02 1.443295e+01 -9.216917e+01 8.276958e+00 -7.979436e+01 -1.312708e+03 -4.73455e+02 5.908939e+02 9.021351e+02 -6.384755e+01 1.772844e+02 1.834096e+01 1.885623e+02 -1.776163e+02 6.433218e+01 -1.18541e+02 1.800358e+01 -1.239433e+02 -9.421989e+02 3.639866e+02 -5.408255e+01 -6.384755e+01 5.397937e+02 5.899658e+01 9.610432e+00 -7.808323e+01 1.916037e+02 -6.917043e+01 2.327678e+01 -4.86428e+01 6.223549e+01 -2.604597e+02 -1.257725e+02 7.41475e+01 1.772844e+02 5.899658e+01 1.494543e+02 7.353295e+01 6.14222e+01 -1.50939e+01 2.577379e+01 -1.955653e+01 -8.729998e+00 -2.809461e+01 -8.731766e+02 -1.978665e+02 1.22854e+01 1.834096e+01 9.610432e+00 7.353295e+01 1.325188e+02 1.052486e+02 2.469084e+01 2.526527e+01 9.887779e+00 7.615705e+00 -2.051542e+01 -7.35265e+02 -2.913724e+02 1.092122e+02 1.885623e+02 -7.808323e+01 6.14222e+01 1.052486e+02 1.678661e+02 3.843372e+00 5.132529e+01 -1.962518e+01 1.843425e+01 -4.440338e+01 -2.546338e+02 1.651848e+02 -1.296595e+02 -1.776163e+02 1.916037e+02 -1.50939e+01 2.469084e+01 3.843372e+00 1.776202e+02 1.473939e+01 4.536241e+01 -1.7887e+01 4.683333e+01 -1.272589e+02 -1.855762e+02 1.443295e+01 6.433218e+01 -6.917043e+01 2.577379e+01 2.526527e+01 5.132529e+01 1.473939e+01 9.698618e+01 5.483407e+01 3.373944e+01 -1.872077e+01 -1.355188e+02 -1.921581e+01 -9.216917e+01 -1.18541e+02 2.327678e+01 -1.955653e+01 9.887779e+00 -1.962518e+01 4.536241e+01 5.483407e+01 1.038671e+02 5.904087e+01 3.169834e+01 -2.418691e+02 -1.08182e+02 8.276958e+00 1.800358e+01 -4.86428e+01 -8.729998e+00 7.615705e+00 1.843425e+01 -1.7887e+01 3.373944e+01 5.904087e+01 8.721442e+01 4.294766e+01 1.337962e+02 1.237409e+02 -7.979436e+01 -1.239433e+02 6.223549e+01 -2.809461e+01 -2.051542e+01 -4.440338e+01 4.683333e+01 -1.872077e+01 3.169834e+01 4.294766e+01 1.04046e+02 ) ],
        [ a essentia:Mean ;
            afo:values ( -1.522523e+02 1.381392e+02 -7.051421e+01 -1.107805e+01 -8.927182e-01 4.029172e+00 -3.465477e+01 -2.111903e+01 9.598615e-01 -6.361195e+00 -1.158777e+01 -9.845566e+00 5.494107e+00 ) ],
        [ a essentia:InverseCovariance ;
            afo:dimensions ( 13 13 ) ;
            afo:values ( 1.767611e-04 -5.968679e-04 1.245918e-03 -4.128912e-04 2.798665e-04 -2.53675e-04 7.852362e-04 -7.104651e-04 1.01919e-03 -9.664043e-04 3.549453e-04 4.516018e-04 -3.652542e-04 -5.968679e-04 3.659583e-03 -5.811603e-03 2.980856e-03 -5.99232e-04 -2.05354e-03 2.766517e-03 -4.288875e-04 -4.285572e-03 8.036579e-03 -6.123945e-03 2.304637e-03 -3.504959e-05 1.245918e-03 -5.811603e-03 1.651017e-02 -1.285389e-02 5.857487e-03 5.433405e-03 -1.157751e-02 1.190107e-02 -1.493129e-03 -7.507527e-03 1.119563e-02 -6.289958e-03 1.925824e-03 -4.128912e-04 2.980856e-03 -1.285389e-02 2.894045e-02 -2.320707e-02 -8.292864e-03 3.930168e-02 -4.880778e-02 3.932717e-02 -2.392019e-02 5.29441e-03 7.964039e-03 -6.74138e-03 2.798665e-04 -5.99232e-04 5.857487e-03 -2.320707e-02 3.147865e-02 -7.21225e-03 -2.590109e-02 4.540642e-02 -5.237798e-02 4.294985e-02 -1.744114e-02 -6.758495e-03 1.010185e-02 -2.53675e-04 -2.05354e-03 5.433405e-03 -8.292864e-03 -7.21225e-03 3.167997e-02 -3.574614e-02 2.238506e-02 5.286495e-03 -2.835175e-02 2.958413e-02 -1.316603e-02 1.370636e-03 7.852362e-04 2.766517e-03 -1.157751e-02 3.930168e-02 -2.590109e-02 -3.574614e-02 1.160305e-01 -1.263265e-01 7.20612e-02 3.569091e-03 -6.216104e-02 6.876983e-02 -3.279706e-02 -7.104651e-04 -4.288875e-04 1.190107e-02 -4.880778e-02 4.540642e-02 2.238506e-02 -1.263265e-01 1.766017e-01 -1.234109e-01 1.688943e-02 8.201178e-02 -1.094629e-01 6.053977e-02 1.01919e-03 -4.285572e-03 -1.493129e-03 3.932717e-02 -5.237798e-02 5.286495e-03 7.20612e-02 -1.234109e-01 1.304559e-01 -6.886823e-02 -1.953782e-02 7.253496e-02 -5.131305e-02 -9.664043e-04 8.036579e-03 -7.507527e-03 -2.392019e-02 4.294985e-02 -2.835175e-02 3.569091e-03 1.688943e-02 -6.886823e-02 1.270224e-01 -1.04174e-01 3.611074e-02 2.683748e-03 3.549453e-04 -6.123945e-03 1.119563e-02 5.29441e-03 -1.744114e-02 2.958413e-02 -6.216104e-02 8.201178e-02 -1.953782e-02 -1.04174e-01 1.835309e-01 -1.429876e-01 5.604217e-02 4.516018e-04 2.304637e-03 -6.289958e-03 7.964039e-03 -6.758495e-03 -1.316603e-02 6.876983e-02 -1.094629e-01 7.253496e-02 3.611074e-02 -1.429876e-01 1.645861e-01 -8.185348e-02 -3.652542e-04 -3.504959e-05 1.925824e-03 -6.74138e-03 1.010185e-02 1.370636e-03 -3.279706e-02 6.053977e-02 -5.131305e-02 2.683748e-03 5.604217e-02 -8.185348e-02 5.755957e-02 ) ] .

_:029f70db-34c6-4244-ac2a-b8a756da462d a essentia:Variance ;
    afo:value 8.877063e-03 .

_:02bc4827-4221-4486-ba30-3392fec4e279 a essentia:Variance ;
    afo:value 9.064143e-01 .

_:03a7c382-efbe-42db-b6b2-a6fcccf7b50a rdf:first -9.775273e-01 ;
    rdf:rest ( -9.871572e-01 -9.894814e-01 -9.716002e-01 -9.678415e-01 -9.648027e-01 ) .

_:03b04977-cdac-46bd-ac34-0862be15687c a essentia:Variance ;
    afo:value 6.620627e+00 .

_:040d7742-9989-4f64-9b1b-3dc3191e70d5 rdf:first 2.214914e-01 ;
    rdf:rest ( 1.748884e-01 8.040955e-02 3.395604e-02 2.010052e-02 9.907834e-03 ) .

_:0419c728-1b24-4f69-a249-f42efc98240f a essentia:Mean ;
    afo:value 6.319469e-02 .

_:04c4da87-a81f-43f3-b1e1-f68bf7aa55bd a essentia:DerivativeVariance ;
    afo:value 1.087917e+00 .

_:056081be-4ab8-46f7-993a-8507b683e39e a essentia:THPCP ;
    event:time _:fb961f18-f02e-47b5-9ea9-bb769ae6b78d ;
    afo:value ( 1 6.66338e-01 2.804753e-01 2.143188e-01 1.747018e-01 2.368206e-01 3.875675e-01 4.228239e-01 4.057871e-01 4.391944e-01 4.218615e-01 4.04175e-01 3.859703e-01 3.297707e-01 3.327873e-01 3.920764e-01 4.101532e-01 3.835859e-01 4.354462e-01 5.47928e-01 5.904528e-01 5.59346e-01 4.423417e-01 3.569339e-01 4.328495e-01 4.842571e-01 3.914782e-01 2.856325e-01 1.992625e-01 1.577777e-01 1.866755e-01 2.180776e-01 2.879214e-01 3.722093e-01 3.496826e-01 6.44152e-01 ) .

_:05e70ccd-a977-410a-997b-e27bd7ee7107 a essentia:Spread ;
    event:time _:fb961f18-f02e-47b5-9ea9-bb769ae6b78d ;
    afo:computed_by _:LowLevelExtractor ;
    afo:feature [ a essentia:Variance ;
            afo:value 2.565462e+13 ],
        [ a essentia:SecondDerivativeVariance ;
            afo:value 1.785715e+12 ],
        [ a essentia:DerivativeMean ;
            afo:value 8.639196e+05 ],
        [ a essentia:Median ;
            afo:value 2.76157e+06 ],
        [ a essentia:Mean ;
            afo:value 3.596997e+06 ],
        [ a essentia:DerivativeVariance ;
            afo:value 745760423936 ],
        [ a essentia:Minimum ;
            afo:value 6.531587e+05 ],
        [ a essentia:Maximum ;
            afo:value 42818856 ],
        [ a essentia:SecondDerivativeMean ;
            afo:value 1.396753e+06 ] .

_:062c8fb1-0702-4608-bccb-7fde7ce44997 a essentia:Minimum ;
    afo:value 1.504425e-01 .

_:06888ec7-290b-4a61-b3c1-b3c476122983 a essentia:Variance ;
    afo:value 0 .

_:06f82f95-1a62-4592-94af-0a713ef51572 a essentia:SecondDerivativeMean ;
    afo:value 6.503106e-01 .

_:0727bf0c-11d8-45c5-a3db-9fcc14539bad a essentia:Maximum ;
    afo:value 5.000002e-01 .

_:07969a79-b814-4023-bce0-ca85213eb49f a essentia:Mean ;
    afo:value 8.361308e-01 .

_:07b31ac1-fe89-4503-9904-01ccc65f166f a essentia:SecondDerivativeMean ;
    afo:values ( 6.532024e-04 2.716952e-03 1.785774e-03 2.162454e-03 4.2989e-03 2.169895e-03 5.565189e-04 2.765009e-04 7.063418e-04 2.352426e-04 2.359077e-04 2.610789e-04 5.995859e-04 4.959875e-04 4.827098e-04 2.515997e-04 6.565613e-05 5.871814e-06 4.081655e-06 3.455397e-06 3.137313e-06 2.612214e-06 2.181925e-06 2.065908e-06 1.976822e-06 1.913587e-06 1.608267e-04 ) .

_:08346e74-157a-4dd2-a693-fa43ab79abe5 a essentia:Maximum ;
    afo:value 2.568653e-01 .

_:08a870dd-ae79-4266-a6d3-95cee7ba231b a essentia:OnsetRate ;
    event:time _:fb961f18-f02e-47b5-9ea9-bb769ae6b78d ;
    afo:value 4.078538e+00 .

_:0a1d9cd7-ef55-46f3-a76f-89562c5740f7 a essentia:SecondDerivativeMean ;
    afo:value 1.389696e-01 .

_:0a3a1c15-999f-4639-b83e-09f0228bba68 a essentia:Median ;
    afo:value 3.638065e-01 .

_:0a54be41-48d6-4d16-9ab3-689a3ca1daf4 a essentia:Median ;
    afo:value 1.118079e+01 .

_:0a5dfa57-2c42-41c8-8eb5-d191b94fe87b a essentia:ERBBands ;
    event:time _:fb961f18-f02e-47b5-9ea9-bb769ae6b78d ;
    afo:computed_by _:LowLevelExtractor ;
    afo:feature [ a essentia:Kurtosis ;
            afo:feature [ a essentia:Mean ;
                    afo:value 1.414893e+00 ],
                [ a essentia:Variance ;
                    afo:value 3.6072e+01 ],
                [ a essentia:SecondDerivativeVariance ;
                    afo:value 4.045062e+01 ],
                [ a essentia:Maximum ;
                    afo:value 1.805461e+02 ],
                [ a essentia:SecondDerivativeMean ;
                    afo:value 3.003698e+00 ],
                [ a essentia:DerivativeMean ;
                    afo:value 1.949087e+00 ],
                [ a essentia:DerivativeVariance ;
                    afo:value 1.802803e+01 ],
                [ a essentia:Median ;
                    afo:value -1.833571e-01 ],
                [ a essentia:Minimum ;
                    afo:value -1.894259e+00 ] ] .

_:0a9880cf-b8ae-4811-b12e-ef6ec3829df7 a essentia:Maximum ;
    afo:value 1.185852e+01 .

_:0a9ab19e-bff8-483c-8df4-cde3fbfe95aa a essentia:DerivativeVariance ;
    afo:value 0 .

_:0b9607b8-eb5b-44a8-a97b-b01923419a24 a essentia:Mean ;
    afo:value 7.226253e-02 .

_:0bc77426-4b46-4c7a-a96c-6bf5ac444ce9 rdf:first 3.778838e-02 ;
    rdf:rest ( 4.862952e-01 7.939666e+00 1.892815e+02 4.142488e+02 1.787812e+03 1.832623e+03 3.138335e+03 4.866157e+02 1.597792e+03 6.383757e+02 4.057341e+03 1.064165e+03 3.536695e+02 3.108795e+03 2.118483e+03 1.141054e+04 1.706007e+04 1.723472e+04 2.98357e+03 9.925305e+02 1.366761e+02 6.776235e-01 2.052539e-01 1.396405e-01 1.029007e-01 7.258601e-02 5.100897e-02 3.469857e-02 2.262402e-02 1.396011e-02 8.012685e-03 4.174472e-03 1.912551e-03 7.36009e-04 2.222172e-04 4.717274e-05 5.873313e-06 3.774516e-06 1.091273e-04 ) .

_:0bd2821f-6f07-4aab-9310-3eae790431c6 a essentia:Median ;
    afo:value 3.250826e+00 .

_:0bf8f6ab-2841-4d5c-b9ae-33d3dbd0b009 a essentia:DerivativeMean ;
    afo:value 3.981907e+00 .

_:0c1deb59-4fc3-48a1-ba45-ef5ca49e5867 a essentia:Mean ;
    afo:value 8.057848e-01 .

_:0c71ac97-770c-4f4f-bdda-71f5220b22e0 a essentia:SilenceRate ;
    event:time _:fb961f18-f02e-47b5-9ea9-bb769ae6b78d ;
    afo:computed_by _:LowLevelExtractor ;
    afo:feature [ a essentia:SecondDerivativeMean ;
            afo:value 1.902246e-02 ],
        [ a essentia:Maximum ;
            afo:value 1 ],
        [ a essentia:DerivativeMean ;
            afo:value 9.509972e-03 ],
        [ a essentia:DerivativeVariance ;
            afo:value 9.419948e-03 ],
        [ a essentia:SecondDerivativeVariance ;
            afo:value 2.183156e-02 ],
        [ a essentia:Median ;
            afo:value 1 ],
        [ a essentia:Minimum ;
            afo:value 0 ],
        [ a essentia:Variance ;
            afo:value 1.200142e-02 ],
        [ a essentia:Mean ;
            afo:value 9.8785e-01 ] .

_:0c76cf00-8610-4d19-a794-06d01425caea a essentia:DerivativeVariance ;
    afo:value 3.516783e-01 .

_:0cc1807c-bcb9-4a7b-936f-1130c0de37e3 a essentia:Variance ;
    afo:value 9.870091e+02 .

_:0d30ed5d-575f-416c-94d2-6756959f11c0 a essentia:Minimum ;
    afo:value -1.912027e+00 .

_:0d68d17e-3b23-4401-8b69-c8f518b41bd5 a essentia:Spread ;
    afo:feature [ a essentia:Minimum ;
            afo:value 2.135766e-01 ],
        [ a essentia:Mean ;
            afo:value 1.116312e+01 ],
        [ a essentia:SecondDerivativeVariance ;
            afo:value 5.077923e+01 ],
        [ a essentia:Variance ;
            afo:value 9.131917e+01 ],
        [ a essentia:DerivativeVariance ;
            afo:value 2.204137e+01 ],
        [ a essentia:DerivativeMean ;
            afo:value 3.942381e+00 ],
        [ a essentia:SecondDerivativeMean ;
            afo:value 6.210812e+00 ],
        [ a essentia:Maximum ;
            afo:value 9.671721e+01 ],
        [ a essentia:Median ;
            afo:value 7.759033e+00 ] .

_:0d6c6108-01a9-48b0-86dd-d2be4c98d236 rdf:first 5.523795e-04 ;
    rdf:rest ( 4.331263e-04 6.402864e-04 6.407361e-04 4.625468e-04 3.020246e-04 8.446418e-05 5.338403e-05 5.845588e-05 7.830185e-05 2.778165e-05 1.582215e-05 2.33165e-05 2.362502e-05 2.621474e-05 4.350713e-05 3.326513e-05 3.850877e-05 1.547883e-05 1.490878e-05 6.44111e-06 2.480431e-06 3.251039e-07 1.557741e-07 1.170735e-07 9.357492e-08 7.783993e-08 6.558842e-08 5.542725e-08 4.726525e-08 4.013265e-08 3.44062e-08 2.962177e-08 2.55773e-08 2.216521e-08 1.927827e-08 1.682376e-08 1.473693e-08 1.295912e-08 1.144334e-08 ) .

_:0dd8fdf3-b3e0-4bbc-a866-716553b46fc8 a essentia:DerivativeMean ;
    afo:value 4.524354e-02 .

_:0e00eb32-de97-4131-bc53-812d342faf4b a essentia:Mean ;
    afo:value 1.866086e-01 .

_:0f2e95b7-cf5a-4612-923d-b4f0405f32c5 a essentia:SecondDerivativeVariance ;
    afo:value 6.383137e+01 .

_:0fce2241-6e8b-4878-b659-588a353ed35f a essentia:DerivativeVariance ;
    afo:value 7.548264e+00 .

_:101e3cec-a05f-4d27-a920-50094d38bb1c a essentia:MelBands ;
    event:time _:fb961f18-f02e-47b5-9ea9-bb769ae6b78d ;
    afo:computed_by _:LowLevelExtractor ;
    afo:feature [ a essentia:FlatnessDB ;
            afo:feature _:029f70db-34c6-4244-ac2a-b8a756da462d,
                _:0a3a1c15-999f-4639-b83e-09f0228bba68,
                [ a essentia:Maximum ;
                    afo:value 7.081727e-01 ],
                [ a essentia:DerivativeVariance ;
                    afo:value 2.151833e-03 ],
                [ a essentia:Mean ;
                    afo:value 3.632388e-01 ],
                [ a essentia:Minimum ;
                    afo:value 3.025837e-03 ],
                [ a essentia:DerivativeMean ;
                    afo:value 5.469674e-02 ],
                [ a essentia:SecondDerivativeVariance ;
                    afo:value 5.647356e-03 ],
                [ a essentia:SecondDerivativeMean ;
                    afo:value 8.732333e-02 ] ] .

_:10dfb44c-dda3-48a8-a8d9-4272ae641146 a essentia:SecondDerivativeMean ;
    afo:value 1.811872e-02 .

_:10f1b193-cdab-49dc-a911-16a5e78ccdba a tl:Timeline ;
    tl:interval _:fb961f18-f02e-47b5-9ea9-bb769ae6b78d .

_:11396538-16ef-4e40-86b7-af51cf9dc6e0 a essentia:Mean ;
    afo:value 5.104641e-01 .

_:11722c3a-97ea-4611-ac63-3815810d3c8a a essentia:Entropy ;
    event:time _:fb961f18-f02e-47b5-9ea9-bb769ae6b78d ;
    afo:computed_by _:LowLevelExtractor ;
    afo:feature [ a essentia:Minimum ;
            afo:value 3.961221e+00 ],
        [ a essentia:SecondDerivativeVariance ;
            afo:value 2.908421e-01 ],
        [ a essentia:Variance ;
            afo:value 5.457165e-01 ],
        [ a essentia:DerivativeMean ;
            afo:value 4.043707e-01 ],
        [ a essentia:Median ;
            afo:value 6.637145e+00 ],
        [ a essentia:SecondDerivativeMean ;
            afo:value 6.370164e-01 ],
        [ a essentia:Maximum ;
            afo:value 9.823364e+00 ],
        [ a essentia:Mean ;
            afo:value 6.677603e+00 ],
        [ a essentia:DerivativeVariance ;
            afo:value 1.204764e-01 ] .

_:1279ee17-2c5a-47fa-a7ce-175199ed47a9 a essentia:SecondDerivativeMean ;
    afo:value 0 .

_:12bd6a39-23c0-455d-8256-44c416a1de5a a essentia:SecondPeakSpread ;
    event:time _:fb961f18-f02e-47b5-9ea9-bb769ae6b78d ;
    afo:computed_by _:LowLevelExtractor ;
    afo:feature [ a essentia:SecondDerivativeMean ;
            afo:value 0 ],
        [ a essentia:Minimum ;
            afo:value 1.639344e-01 ],
        [ a essentia:Variance ;
            afo:value 0 ],
        [ a essentia:Maximum ;
            afo:value 1.639344e-01 ],
        [ a essentia:SecondDerivativeVariance ;
            afo:value 0 ],
        [ a essentia:DerivativeVariance ;
            afo:value 0 ],
        [ a essentia:Mean ;
            afo:value 1.639344e-01 ],
        [ a essentia:Median ;
            afo:value 1.639344e-01 ],
        [ a essentia:DerivativeMean ;
            afo:value 0 ] .

_:12f7b6d6-6371-43e3-8099-2db316c232ed a essentia:Median ;
    afo:values ( 4.556015e-01 2.414909e-01 2.796199e-02 1.720178e-02 1.588432e-02 8.092869e-03 ) .

_:132d54c9-0ed9-4312-9f0b-08b50819cd04 a essentia:DerivativeVariance ;
    afo:value 2.950269e-01 .

_:13fbd03e-4b80-4c6a-a299-c27e8a37d048 a essentia:SecondPeakWeight ;
    event:time _:fb961f18-f02e-47b5-9ea9-bb769ae6b78d ;
    afo:computed_by _:LowLevelExtractor ;
    afo:feature _:062c8fb1-0702-4608-bccb-7fde7ce44997,
        _:0a9ab19e-bff8-483c-8df4-cde3fbfe95aa,
        [ a essentia:Variance ;
            afo:value 0 ],
        [ a essentia:SecondDerivativeMean ;
            afo:value 0 ],
        [ a essentia:Median ;
            afo:value 1.504425e-01 ],
        [ a essentia:SecondDerivativeVariance ;
            afo:value 0 ],
        [ a essentia:Mean ;
            afo:value 1.504425e-01 ],
        [ a essentia:DerivativeMean ;
            afo:value 0 ],
        [ a essentia:Maximum ;
            afo:value 1.504425e-01 ] .

_:145f8eef-6371-482c-b444-39ba0f3ecd22 a essentia:SecondDerivativeVariance ;
    afo:value 1.338672e+03 .

_:152e8bef-4e8c-47ef-9f43-55d2c9ac1b85 a essentia:Maximum ;
    afo:value 3.657452e+02 .

_:1612a5a8-4105-4b7c-8b76-5d2934684c50 a essentia:DynamicComplexity ;
    event:time _:fb961f18-f02e-47b5-9ea9-bb769ae6b78d ;
    afo:value 5.951941e+00 .

_:169020be-77e8-4cff-905b-ed52a3529f9f a essentia:FlatnessDB ;
    afo:feature [ a essentia:Variance ;
            afo:value 4.731228e-03 ],
        [ a essentia:Maximum ;
            afo:value 4.376771e-01 ],
        [ a essentia:DerivativeMean ;
            afo:value 4.437561e-02 ],
        [ a essentia:SecondDerivativeMean ;
            afo:value 6.998774e-02 ],
        [ a essentia:Median ;
            afo:value 2.104789e-01 ],
        [ a essentia:SecondDerivativeVariance ;
            afo:value 3.567263e-03 ],
        [ a essentia:Minimum ;
            afo:value 4.038843e-02 ],
        [ a essentia:Mean ;
            afo:value 2.121874e-01 ],
        [ a essentia:DerivativeVariance ;
            afo:value 1.417728e-03 ] .

_:177aac05-054c-40c9-b7a7-44d7b6d3d04e a essentia:Maximum ;
    afo:value 1 .

_:181b7f1e-1c5e-4ca0-8455-0e5a2498f85f a essentia:SecondDerivativeVariance ;
    afo:value 3.69623e-03 .

_:188d41fa-b6d7-4e7b-8b0c-2f1b23d4b3ac a essentia:Minimum ;
    afo:value 1.593341e-01 .

_:1967f64b-f52e-4c8e-828f-67e0b579c59d a essentia:SecondDerivativeMean ;
    afo:value 4.546969e-02 .

_:1998ca17-b52c-4d78-ab15-4c54faf81b1f a essentia:Maximum ;
    afo:value 2.979351e-01 .

_:1a11b9d9-52da-4c44-ae51-1c8c7f08c7c3 a essentia:DerivativeVariance ;
    afo:values ( 7.23415e-07 6.154168e-07 2.727632e-06 2.117654e-06 1.622542e-06 7.588397e-07 6.87837e-08 7.638582e-08 4.543408e-08 8.770557e-08 1.285994e-08 3.523787e-09 1.405033e-08 1.028773e-08 1.160167e-08 3.075568e-08 3.663691e-08 2.497228e-08 3.886316e-09 5.247171e-09 6.575501e-10 1.513396e-10 6.754692e-13 9.920463e-14 5.694269e-14 3.706243e-14 2.59759e-14 1.87795e-14 1.313799e-14 9.589393e-15 6.963946e-15 5.114195e-15 3.786095e-15 2.824653e-15 2.121451e-15 1.604907e-15 1.222054e-15 9.371709e-16 7.242756e-16 5.641707e-16 ) .

_:1a708ec4-8dc0-4d45-b43f-13b393272306 a essentia:Kurtosis ;
    afo:feature _:145f8eef-6371-482c-b444-39ba0f3ecd22,
        [ a essentia:Median ;
            afo:value 1.837703e+01 ],
        [ a essentia:DerivativeVariance ;
            afo:value 5.652877e+02 ],
        [ a essentia:Mean ;
            afo:value 2.882743e+01 ],
        [ a essentia:DerivativeMean ;
            afo:value 1.422852e+01 ],
        [ a essentia:Variance ;
            afo:value 1.430501e+03 ],
        [ a essentia:SecondDerivativeMean ;
            afo:value 2.267989e+01 ],
        [ a essentia:Minimum ;
            afo:value -1.157827e+00 ],
        [ a essentia:Maximum ;
            afo:value 4.414412e+02 ] .

_:1ba1c3f7-0513-43c2-a1e7-802576eea14f a essentia:BarkBands ;
    event:time _:fb961f18-f02e-47b5-9ea9-bb769ae6b78d ;
    afo:computed_by _:LowLevelExtractor ;
    afo:feature _:0d68d17e-3b23-4401-8b69-c8f518b41bd5 .

_:1bbffe7b-7320-4c4c-bcbe-67431547b914 a essentia:Mean ;
    afo:values ( 1.097431e-01 9.376381e-02 9.462152e-02 1.114792e-01 1.16619e-01 1.090651e-01 1.238106e-01 1.557926e-01 1.678836e-01 1.590391e-01 1.257712e-01 1.014871e-01 1.230723e-01 1.37689e-01 1.113091e-01 8.121397e-02 5.665638e-02 4.486098e-02 5.307752e-02 6.200608e-02 8.186478e-02 1.058304e-01 9.942538e-02 1.83152e-01 2.843303e-01 1.894601e-01 7.974765e-02 6.093733e-02 4.967303e-02 6.733529e-02 1.101972e-01 1.202217e-01 1.153776e-01 1.248763e-01 1.19948e-01 1.149192e-01 ) .

_:1bd0d59e-f6a8-4199-a5ac-10523049225e a essentia:DerivativeVariance ;
    afo:value 2.677364e+01 .

_:1bddaddc-2948-43dc-80f9-6bb5b5ac574f rdf:first 1.287359e-01 ;
    rdf:rest ( 1.159578e-01 1.206312e-01 1.345241e-01 1.310985e-01 1.372003e-01 1.493501e-01 1.640273e-01 1.739519e-01 1.692562e-01 1.52443e-01 1.335799e-01 1.357071e-01 1.405095e-01 1.185852e-01 9.512897e-02 7.015851e-02 5.796503e-02 6.624117e-02 7.41322e-02 8.737699e-02 1.015526e-01 1.021304e-01 1.599821e-01 2.353921e-01 1.649146e-01 9.395745e-02 7.814974e-02 6.578627e-02 8.550934e-02 1.216729e-01 1.268183e-01 1.292315e-01 1.433608e-01 1.345531e-01 1.324703e-01 ) .

_:1bfd5612-1596-4162-82bb-32f2e8f6131e a essentia:DerivativeVariance ;
    afo:value 0 .

_:1cb2dd07-f4c7-4fa8-9fce-a36d96afcf38 a essentia:SecondDerivativeVariance ;
    afo:values _:0bc77426-4b46-4c7a-a96c-6bf5ac444ce9 .

_:1d12ffad-5479-456f-abdf-73f4af23ffa1 rdf:first -2.483681e-01 ;
    rdf:rest ( -3.856525e-01 -4.501532e-01 -4.896425e-01 -5.717518e-01 -7.885101e-01 ) .

_:1f56efde-4a07-49e4-a0ad-2d525d8358de a essentia:Median ;
    afo:values ( -7.229579e+00 -7.426931e+00 -8.152376e+00 -8.100443e+00 -9.26186e+00 -1.168966e+01 ) .

_:20574ef2-cc2f-4c72-b545-ef2bca957fff a essentia:SecondDerivativeVariance ;
    afo:value 0 .

_:20be5f65-8224-492c-916b-8c98377a1a2a a essentia:Mean ;
    afo:values ( -8.043655e+02 1.922928e+02 5.023379e+00 6.434462e+00 3.768336e+01 2.541449e+01 -1.033069e+01 -7.772802e+00 6.638837e+00 2.639756e+00 -7.061223e+00 -3.545788e+00 -7.552908e-01 ) .

_:20d09bf9-f37b-43ee-a3eb-2686852db6ca a essentia:Minimum ;
    afo:value -1 .

_:21ba139a-8d80-440c-a925-9ed212cbd4e0 a essentia:Minimum ;
    afo:value -9.18216e+00 .

_:21f25d6f-75a3-4aed-8290-d9cbbb5269c1 a essentia:Mean ;
    afo:value 5.642832e-01 .

_:2234f344-d273-4237-aaa0-5f51f3776476 a essentia:Variance ;
    afo:value 2.966564e+01 .

_:22727ef7-cdec-4fe4-83bd-59a100306b29 rdf:first 7.606398e-02 ;
    rdf:rest ( 3.01317e-01 9.558383e-01 3.479079e+00 6.326307e+00 1.197296e+01 1.178491e+01 1.436831e+01 5.566579e+00 5.302322e+00 5.624155e+00 1.313567e+01 5.764822e+00 3.932217e+00 7.681938e+00 8.383403e+00 1.881885e+01 1.727076e+01 2.164214e+01 9.918866e+00 6.168447e+00 1.788508e+00 2.551729e-01 1.490188e-01 1.207229e-01 1.024693e-01 8.676255e-02 7.232676e-02 5.961742e-02 4.815958e-02 3.784015e-02 2.867374e-02 2.070864e-02 1.402971e-02 8.717384e-03 4.803884e-03 2.227371e-03 8.052975e-04 5.406415e-04 2.357941e-03 ) .

_:22c2d9a1-7306-4010-9008-b0ad455929a1 a essentia:DerivativeMean ;
    afo:value 1.06743e+00 .

_:22d712ce-7f42-49e6-a1d1-a29ae2244cfe a essentia:DerivativeMean ;
    afo:value 0 .

_:22f3156c-5c5c-4fcf-95e1-d1157d8fc5e8 a essentia:SecondDerivativeMean ;
    afo:value 1.735316e+00 .

_:238a7bac-fa33-4427-b737-1b95e530441b a essentia:Mean ;
    afo:value 2.648578e-03 .

_:238c12a3-b448-40cc-b16d-d2c5cada29e5 a essentia:Minimum ;
    afo:value -1.209806e-01 .

_:23b32226-7088-4d69-a14a-c365b64a2382 a essentia:Variance ;
    afo:values ( 1.733908e-06 1.575446e-06 7.796441e-06 6.992094e-06 5.740329e-06 2.511162e-06 1.95168e-07 2.774491e-07 1.457096e-07 3.006323e-07 2.468002e-08 7.594103e-09 3.123673e-08 2.25777e-08 2.625941e-08 7.044068e-08 7.149904e-08 5.392348e-08 7.834964e-09 1.340584e-08 1.075218e-09 2.676133e-10 1.319904e-12 1.418504e-13 7.753244e-14 4.752181e-14 3.260363e-14 2.341823e-14 1.647718e-14 1.194175e-14 8.608143e-15 6.311611e-15 4.674062e-15 3.485009e-15 2.618791e-15 1.981443e-15 1.509092e-15 1.158112e-15 8.956831e-16 6.984773e-16 ) .

_:23d8a2d0-0d54-4ac3-b548-c3705ecf0433 a essentia:Variance ;
    afo:value 3.361493e-17 .

_:2411c30a-04ad-487b-930d-c67ff9dabaee a essentia:Maximum ;
    afo:value 3.310527e+01 .

_:2420aa85-ce16-49e8-82a9-c18a00cdddc1 a essentia:SecondDerivativeVariance ;
    afo:value 5.704928e-05 .

_:2649d86c-0a3a-40a0-8f51-dbd73f04908a a essentia:DerivativeMean ;
    afo:value 1.58331e+01 .

_:26e2bfa0-dce5-40b9-b5d2-4b41d3f2e386 a essentia:Maximum ;
    afo:value 1.545368e-01 .

_:26eedfc6-b254-471f-bd41-8ed84ebd47fd a essentia:Kurtosis ;
    afo:feature _:0d30ed5d-575f-416c-94d2-6756959f11c0,
        _:2649d86c-0a3a-40a0-8f51-dbd73f04908a,
        [ a essentia:DerivativeVariance ;
            afo:value 9.169116e+02 ],
        [ a essentia:SecondDerivativeMean ;
            afo:value 2.519194e+01 ],
        [ a essentia:SecondDerivativeVariance ;
            afo:value 2.301214e+03 ],
        [ a essentia:Median ;
            afo:value 1.846986e+01 ],
        [ a essentia:Maximum ;
            afo:value 9.746629e+02 ],
        [ a essentia:Variance ;
            afo:value 2.231702e+03 ],
        [ a essentia:Mean ;
            afo:value 3.227676e+01 ] .

_:27491596-1a0c-4063-8438-7442ba971dde a essentia:Mean ;
    afo:values ( 4.864565e-01 3.203432e-01 1.037439e-01 6.771362e-02 4.315088e-02 2.442602e-02 ) .

_:27ec0a67-36c4-4514-b294-cb01dd42f1e8 a essentia:Maximum ;
    afo:value 1.583036e-02 .

_:285ccefa-5abd-4933-8296-3508056bd6f7 a essentia:BarkBands ;
    event:time _:fb961f18-f02e-47b5-9ea9-bb769ae6b78d ;
    afo:computed_by _:LowLevelExtractor ;
    afo:feature [ a essentia:FlatnessDB ;
            afo:feature _:022884d4-5e7c-48ac-a88e-1c0e8f207e7b,
                _:0dd8fdf3-b3e0-4bbc-a866-716553b46fc8,
                _:181b7f1e-1c5e-4ca0-8455-0e5a2498f85f,
                [ a essentia:Variance ;
                    afo:value 4.366246e-03 ],
                [ a essentia:SecondDerivativeMean ;
                    afo:value 7.193629e-02 ],
                [ a essentia:Mean ;
                    afo:value 2.360992e-01 ],
                [ a essentia:Maximum ;
                    afo:value 5.23553e-01 ],
                [ a essentia:Median ;
                    afo:value 2.326253e-01 ],
                [ a essentia:DerivativeVariance ;
                    afo:value 1.426396e-03 ] ] .

_:28e87800-eebd-4f5e-9f07-9116249069d4 rdf:first 5.838025e-02 ;
    rdf:rest ( 5.450789e-02 4.05206e-02 3.039717e-02 5.131547e-02 9.127175e-03 ) .

_:2aa51342-acad-452e-9e5f-5b11f1d04b62 a essentia:DerivativeMean ;
    afo:values _:28e87800-eebd-4f5e-9f07-9116249069d4 .

_:2bbe8742-9281-456e-b29b-25a8c300711f rdf:first 8.798001e-02 ;
    rdf:rest ( 6.311675e-02 2.799873e-02 1.334829e-02 7.076379e-03 6.097457e-03 ) .

_:2c5eca9e-36ad-4935-b27f-7946e09acb5d a essentia:Minimum ;
    afo:value -6.529874e-08 .

_:2cb02ac1-12b5-45a0-8627-a0d8e3b023f8 a essentia:Key ;
    event:time _:fb961f18-f02e-47b5-9ea9-bb769ae6b78d ;
    afo:value "F" .

_:2dd4fce8-c981-4b8e-9a52-c1e15abca1f2 a essentia:DerivativeVariance ;
    afo:value 3.398774e-08 .

_:2df38dab-4063-4a09-8ddf-330dbf5f886d rdf:first 3.210859e-02 ;
    rdf:rest ( 4.578664e-01 9.528287e+00 3.096173e+02 5.129221e+02 4.197281e+03 3.004802e+03 6.181273e+03 7.805831e+02 2.775002e+03 1.043733e+03 8.97902e+03 9.914783e+02 4.080326e+02 3.431748e+03 2.398917e+03 1.294806e+04 1.556444e+04 1.766932e+04 3.178031e+03 1.045474e+03 1.198561e+02 6.459605e-01 1.281834e-01 7.911464e-02 5.699481e-02 4.033955e-02 2.796682e-02 1.895257e-02 1.235552e-02 7.633166e-03 4.384004e-03 2.287229e-03 1.050066e-03 4.054441e-04 1.230812e-04 2.640594e-05 3.486647e-06 5.837357e-06 1.511245e-04 ) .

_:2e4dafa7-0aab-49f3-9c8c-9133f3cec165 rdf:first 1.350173e-02 ;
    rdf:rest ( 1.19042e-02 7.38278e-03 4.330261e-03 5.097892e-03 3.265133e-04 ) .

_:2e59bd40-5c12-46f2-96e1-d870383ef3d6 a essentia:SecondDerivativeMean ;
    afo:value 1.562518e+00 .

_:2eb975f7-4282-47df-aaa5-bda62f5a0fd9 a essentia:DerivativeVariance ;
    afo:value 1.522499e-04 .

_:309a712c-3666-4f2a-a383-a20010ec0981 a essentia:DerivativeMean ;
    afo:value 0 .

_:30a003b6-ce85-49e1-9c80-b3827c4dbfb3 a essentia:Mean ;
    afo:value 2.890745e+01 .

_:311465a4-8b2c-49f2-b8ad-4d31e0a57538 a essentia:ChordsKey ;
    event:time _:fb961f18-f02e-47b5-9ea9-bb769ae6b78d ;
    afo:value "F" .

_:31cb0917-f893-4350-b815-ef73b7e2234a a essentia:DerivativeMean ;
    afo:value 8.633487e-04 .

_:3255ef3d-e7c3-4fb8-9bce-933698c4bccd a essentia:SecondDerivativeVariance ;
    afo:values _:040d7742-9989-4f64-9b1b-3dc3191e70d5 .

_:32d42fb4-ec4a-444e-a8f1-ea026fbd1f0c a essentia:DerivativeVariance ;
    afo:value 2.446861e+05 .

_:33014b18-2aec-4b00-94fa-29c86c43d1af a essentia:Minimum ;
    afo:values ( 5.444153e-25 4.209592e-25 1.42007e-24 3.647299e-25 1.026388e-24 1.578567e-24 1.216917e-24 1.417138e-24 1.990771e-24 4.597229e-25 2.354545e-24 1.510903e-24 2.270555e-24 2.544934e-24 1.638961e-24 3.612297e-24 3.109826e-24 2.984488e-24 2.570341e-24 3.542242e-24 2.265016e-24 3.512502e-24 3.347131e-24 3.147711e-24 4.32901e-24 4.65099e-24 4.369414e-24 4.799929e-24 3.84131e-24 4.074236e-24 4.069973e-24 3.870094e-24 5.834089e-24 5.420074e-24 6.142919e-24 5.482203e-24 4.77269e-24 5.447186e-24 5.488266e-24 6.380279e-24 ) .

_:33514356-00f5-4740-b789-77aec91e5043 a essentia:Mean ;
    afo:value 1.18592e+01 .

_:339380d9-0598-479e-9e96-0f7e7a84f9b7 a essentia:Median ;
    afo:value 0 .

_:34045e12-9729-4da8-bf04-48c663234139 a essentia:Mean ;
    afo:value 2.913366e-02 .

_:3514c0f5-d6b3-4b93-84d3-8914d3dc582a a essentia:Median ;
    afo:value 4.277936e+00 .

_:360eb47f-b2f3-44b2-9799-f45b1d01d64c a essentia:Variance ;
    afo:value 9.471257e-05 .

_:36199d26-3a98-47b6-8d19-b67122ea4443 a essentia:Median ;
    afo:value 1.723482e+01 .

_:3687a016-e506-43dd-9f7f-3d4bc5db5629 a essentia:DerivativeMean ;
    afo:value 1.994398e-09 .

_:3688363c-362e-407f-88cf-72bc86c366b4 a essentia:Minimum ;
    afo:value 0 .

_:36d6e654-7660-4a0c-a81f-9231e75f9fec a essentia:HFC ;
    event:time _:fb961f18-f02e-47b5-9ea9-bb769ae6b78d ;
    afo:computed_by _:LowLevelExtractor ;
    afo:feature _:0cc1807c-bcb9-4a7b-936f-1130c0de37e3,
        _:152e8bef-4e8c-47ef-9f43-55d2c9ac1b85,
        _:3514c0f5-d6b3-4b93-84d3-8914d3dc582a,
        [ a essentia:Mean ;
            afo:value 1.622105e+01 ],
        [ a essentia:DerivativeVariance ;
            afo:value 2.861921e+02 ],
        [ a essentia:Minimum ;
            afo:value 1.075711e-16 ],
        [ a essentia:SecondDerivativeVariance ;
            afo:value 5.651431e+02 ],
        [ a essentia:SecondDerivativeMean ;
            afo:value 9.585371e+00 ],
        [ a essentia:DerivativeMean ;
            afo:value 7.017768e+00 ] .

_:3784db0e-9010-4690-baa5-bcdac9fe35c8 a essentia:SecondDerivativeMean ;
    afo:value 2.721268e+00 .

_:3812a5c5-6c7b-4d6d-b048-5d9561eef68a a essentia:SecondDerivativeVariance ;
    afo:value 3.030641e+01 .

_:39d02632-a287-4268-86a2-0be00f3295d1 a essentia:DerivativeVariance ;
    afo:values ( 2.359428e-03 2.098802e-03 1.288865e-03 7.369125e-04 2.022397e-03 6.299916e-05 ) .

_:3a0cf603-b764-4e40-9f11-a28f651489f0 a essentia:Minimum ;
    afo:value 0 .

_:3a1af5fd-9b74-4807-a25f-c673e3cfd058 rdf:first 9.177301e-02 ;
    rdf:rest ( 8.536332e-02 6.407805e-02 4.828363e-02 8.472995e-02 1.455204e-02 ) .

_:3a8e089a-7f1e-487f-a247-97ebf8218b9f a essentia:DerivativeVariance ;
    afo:value 9.247808e-05 .

_:3b8db1cd-74ec-40b9-86f5-d160dd28de62 a essentia:Maximum ;
    afo:value 112 .

_:3c5130ab-4235-42d7-890e-2aaa91a7a422 a essentia:Maximum ;
    afo:value 1 .

_:3c6789b4-5795-403e-9e21-026ae8d0405f a essentia:SpectralContrast ;
    event:time _:fb961f18-f02e-47b5-9ea9-bb769ae6b78d ;
    afo:computed_by _:LowLevelExtractor ;
    afo:feature _:2aa51342-acad-452e-9e5f-5b11f1d04b62,
        _:39d02632-a287-4268-86a2-0be00f3295d1,
        [ a essentia:Variance ;
            afo:values _:2e4dafa7-0aab-49f3-9c8c-9133f3cec165 ],
        [ a essentia:Mean ;
            afo:values ( -6.65291e-01 -7.503803e-01 -8.193191e-01 -8.121195e-01 -8.57639e-01 -8.662702e-01 ) ],
        [ a essentia:Minimum ;
            afo:values _:03a7c382-efbe-42db-b6b2-a6fcccf7b50a ],
        [ a essentia:Maximum ;
            afo:values _:1d12ffad-5479-456f-abdf-73f4af23ffa1 ],
        [ a essentia:SecondDerivativeVariance ;
            afo:values ( 5.578298e-03 4.929982e-03 2.974726e-03 1.785538e-03 5.297941e-03 1.640215e-04 ) ],
        [ a essentia:SecondDerivativeMean ;
            afo:values _:3a1af5fd-9b74-4807-a25f-c673e3cfd058 ],
        [ a essentia:Median ;
            afo:values ( -6.723454e-01 -7.665553e-01 -8.382685e-01 -8.252523e-01 -8.69633e-01 -8.64884e-01 ) ] .

_:3cf82487-634b-47e8-a9c3-6781a1edd272 a essentia:Maximum ;
    afo:value 2.439115e-01 .

_:3d1419e5-5a50-4cd7-85bd-5c830e15ca53 rdf:first 3.330559e-01 ;
    rdf:rest ( 2.99403e-01 1.233023e-01 7.473472e-02 5.125687e-02 2.224026e-02 ) .

_:3dad5292-b917-4f96-9e7a-eda933a12608 a essentia:SecondDerivativeVariance ;
    afo:value 0 .

_:3dc9b93b-77f3-4f3c-b251-9eda32d5b601 a essentia:Maximum ;
    afo:value 1.65359e+02 .

_:3e5938dd-4cb0-44f0-90ff-f9712b240c49 a essentia:BarkBands ;
    event:time _:fb961f18-f02e-47b5-9ea9-bb769ae6b78d ;
    afo:computed_by _:LowLevelExtractor ;
    afo:feature [ a essentia:Crest ;
            afo:feature _:0fce2241-6e8b-4878-b659-588a353ed35f,
                [ a essentia:Maximum ;
                    afo:value 2.60597e+01 ],
                [ a essentia:SecondDerivativeVariance ;
                    afo:value 1.852713e+01 ],
                [ a essentia:DerivativeMean ;
                    afo:value 3.210907e+00 ],
                [ a essentia:Minimum ;
                    afo:value 3.474326e+00 ],
                [ a essentia:Median ;
                    afo:value 1.278632e+01 ],
                [ a essentia:Mean ;
                    afo:value 1.339573e+01 ],
                [ a essentia:SecondDerivativeMean ;
                    afo:value 5.214036e+00 ],
                [ a essentia:Variance ;
                    afo:value 2.197786e+01 ] ] .

_:3e8a0c16-702f-4385-8731-a89d43fde2bc a essentia:SecondDerivativeMean ;
    afo:value 8.658387e-01 .

_:40922019-146d-4607-b14a-a4d1272c4be9 a essentia:SecondDerivativeVariance ;
    afo:value 6.159622e-01 .

_:412bbf2f-80bc-44f6-85a4-e98b984d993d a essentia:SecondDerivativeMean ;
    afo:value 1.486451e-01 .

_:4220ae4b-d120-48a1-bc52-ada2c4a04668 rdf:first 2.030148e+00 ;
    rdf:rest ( 7.706971e+00 4.920284e+01 3.496615e+02 2.923237e+02 1.155027e+03 8.517925e+02 9.78011e+02 3.993283e+02 1.368079e+03 5.892781e+02 1.195039e+03 9.242236e+02 3.57963e+02 1.522772e+03 1.162734e+03 1.705314e+03 4.093071e+03 3.143818e+03 1.455642e+03 6.58351e+02 3.100663e+02 1.341487e+01 5.856874e+00 5.325266e+00 4.809857e+00 4.019898e+00 3.380011e+00 2.731409e+00 2.184684e+00 1.723678e+00 1.306753e+00 9.433212e-01 6.385514e-01 3.960685e-01 2.17619e-01 1.002657e-01 3.581395e-02 3.573212e-02 1.705527e-01 ) .

_:42394de5-dcf8-4003-8a75-401229ad4d53 a essentia:EnergyBand ;
    event:time _:fb961f18-f02e-47b5-9ea9-bb769ae6b78d ;
    afo:computed_by _:LowLevelExtractor ;
    afo:feature _:2dd4fce8-c981-4b8e-9a52-c1e15abca1f2,
        [ a essentia:Minimum ;
            afo:value 6.976449e-21 ],
        [ a essentia:Maximum ;
            afo:value 7.088563e-03 ],
        [ a essentia:Median ;
            afo:value 1.457286e-05 ],
        [ a essentia:SecondDerivativeVariance ;
            afo:value 6.955042e-08 ],
        [ a essentia:Variance ;
            afo:value 8.81279e-08 ],
        [ a essentia:SecondDerivativeMean ;
            afo:value 7.919139e-05 ],
        [ a essentia:DerivativeMean ;
            afo:value 5.251999e-05 ],
        [ a essentia:Mean ;
            afo:value 8.655457e-05 ] .

_:42f88766-6304-46f6-9ace-c2e30fb73a4a a essentia:Median ;
    afo:values ( 2.330659e-02 1.787038e-02 1.264008e-02 1.182501e-02 1.415874e-02 1.794974e-02 2.274741e-02 2.793141e-02 3.353885e-02 2.943878e-02 1.949022e-02 1.451886e-02 1.506912e-02 1.816698e-02 1.899298e-02 1.271554e-02 8.706235e-03 4.727216e-03 3.800838e-03 5.033579e-03 8.206286e-03 1.000847e-02 1.206454e-02 5.924806e-02 7.923295e-02 6.102379e-02 1.382327e-02 9.3112e-03 7.137094e-03 8.968576e-03 1.574639e-02 2.117912e-02 2.202731e-02 1.956729e-02 1.960137e-02 2.361988e-02 ) .

_:430e819e-638b-427f-8342-8c84d51585cd a essentia:Maximum ;
