@prefix afo: <https://w3id.org/afo/onto/1.1#> .
@prefix dc: <http://purl.org/dc/elements/1.1/> .
@prefix essentia: <http://sovarr.c4dm.eecs.qmul.ac.uk/af/essentia/> .
@prefix event: <http://purl.org/NET/c4dm/event.owl#> .
@prefix foaf: <http://xmlns.com/foaf/0.1/> .
@prefix mo: <http://purl.org/ontology/mo/> .
@prefix rdf: <http://www.w3.org/1999/02/22-rdf-syntax-ns#> .
@prefix rdfs: <http://www.w3.org/2000/01/rdf-schema#> .
@prefix tl: <http://purl.org/NET/c4dm/timeline.owl#> .
@prefix xml: <http://www.w3.org/XML/1998/namespace> .
@prefix xsd: <http://www.w3.org/2001/XMLSchema#> .

<http://musicbrainz.org/release/165e6f5f-da0c-484c-95fa-186e1cf46c32> a mo:Release ;
    dc:date "2002" ;
    dc:title "Egun bat nonahi" ;
    mo:publisher [ a mo:Label ;
            foaf:name "Acuarela Discos" ] ;
    mo:publishing_location "ES" ;
    mo:release_status mo:official ;
    mo:release_type "ep" ;
    mo:track <http://musicbrainz.org/recording/92687e80-d7b2-4f9a-9581-5b6c3ce24a1c> ;
    foaf:maker <http://musicbrainz.org/artist/f6532022-b76e-4eee-9b55-21c784f09596> .

<03+-+Egunaren+begietan.mp3> a mo:AudioFile ;
    mo:encodes [ a essentia:Signal ;
            mo:sample_rate "44100"^^xsd:interger ;
            mo:time _:caec327d-d98d-4c33-9129-a2dfca2862e6 ;
            essentia:bit_rate "128000"^^xsd:float ;
            essentia:codec "mp3"^^xsd:string ;
            essentia:downmix "mix"^^xsd:string ;
            essentia:equal_loudness "0"^^xsd:float ;
            essentia:lossless false ;
            essentia:md5_encoded "9db66215de7620d1724ad701d98b5309"^^xsd:string ;
            essentia:replay_gain "-13.6579589844"^^xsd:float ] .

<http://musicbrainz.org/artist/f6532022-b76e-4eee-9b55-21c784f09596> a mo:MusicArtist ;
    foaf:name "Lisabö" .

<http://musicbrainz.org/recording/92687e80-d7b2-4f9a-9581-5b6c3ce24a1c> a mo:Track ;
    dc:title "Egunaren begietan" ;
    mo:available_as <03+-+Egunaren+begietan.mp3> ;
    mo:genre [ a mo:Genre ;
            rdfs:label "Post Rock" ] ;
    mo:track_number "3/3" .

[] a essentia:VersionInfo .

_:0040e137-5cc4-4a06-b5bc-e1b48417463e a essentia:Mean ;
    afo:value 4.269034e-03 .

_:005843b6-9795-4351-bbea-13ec63af631f a essentia:ERBBands ;
    event:time _:caec327d-d98d-4c33-9129-a2dfca2862e6 ;
    afo:computed_by _:LowLevelExtractor ;
    afo:feature [ a essentia:Skewness ;
            afo:feature [ a essentia:DerivativeVariance ;
                    afo:value 6.923269e-02 ],
                [ a essentia:DerivativeMean ;
                    afo:value 2.527196e-01 ],
                [ a essentia:SecondDerivativeVariance ;
                    afo:value 1.635223e-01 ],
                [ a essentia:Maximum ;
                    afo:value 9.937291e+00 ],
                [ a essentia:Minimum ;
                    afo:value -2.485065e+00 ],
                [ a essentia:SecondDerivativeMean ;
                    afo:value 3.927226e-01 ],
                [ a essentia:Median ;
                    afo:value 2.655565e-01 ],
                [ a essentia:Mean ;
                    afo:value 4.625242e-01 ],
                [ a essentia:Variance ;
                    afo:value 1.027016e+00 ] ] .

_:005bf8dd-17fc-4b38-83c8-d489b1ce47de a essentia:SecondDerivativeMean ;
    afo:values ( 4.981597e-02 6.769093e-01 2.494492e+00 3.490299e+00 9.194865e+00 9.30956e+00 1.232128e+01 1.136171e+01 1.069217e+01 1.348121e+01 1.425537e+01 1.49033e+01 1.660174e+01 2.300082e+01 3.290931e+01 2.504368e+01 2.023577e+01 1.758321e+01 2.125994e+01 2.165369e+01 1.380464e+01 1.194956e+01 1.057127e+01 7.567552e+00 7.636922e+00 8.721815e+00 4.466829e+00 4.274774e+00 2.867907e+00 1.884704e+00 2.137727e+00 1.329105e+00 8.655934e-01 6.765989e-01 3.816263e-01 2.33872e-01 3.151984e-02 6.614717e-04 3.310707e-05 1.082213e-05 ) .

_:00891b6c-5f09-40b4-9d93-de0d144830cd a essentia:SecondDerivativeVariance ;
    afo:value 4.037603e-02 .

_:0132b26f-38e1-4ed2-9215-c45600ffd918 a essentia:Mean ;
    afo:value 4.829564e-01 .

_:01a5c257-65a8-45dc-b3f4-33855a3570ac a essentia:Mean ;
    afo:value 1.475116e+00 .

_:027ca11a-09e2-45ac-9a7f-d3c4c0a6940f a essentia:GFCC ;
    event:time _:caec327d-d98d-4c33-9129-a2dfca2862e6 ;
    afo:computed_by _:LowLevelExtractor ;
    afo:feature [ a essentia:InverseCovariance ;
            afo:dimensions ( 13 13 ) ;
            afo:values ( 3.436797e-04 -8.388917e-04 8.617936e-04 -8.513986e-04 9.793398e-04 -1.283334e-03 8.611495e-04 -7.996577e-04 1.041216e-03 -7.752181e-04 1.014165e-03 -4.184797e-04 5.431416e-04 -8.388917e-04 3.459895e-03 -2.119681e-03 2.49245e-03 -2.452936e-03 3.563115e-03 -1.90056e-03 2.312905e-03 -2.491402e-03 2.788556e-03 -3.498131e-03 3.36488e-03 -2.658438e-03 8.617936e-04 -2.119681e-03 3.196151e-03 -2.18749e-03 2.436169e-03 -3.877152e-03 2.798409e-03 -2.00916e-03 2.247328e-03 -1.617672e-03 2.343537e-03 -1.686101e-03 2.00196e-03 -8.513986e-04 2.49245e-03 -2.18749e-03 4.040479e-03 -2.765463e-03 2.86036e-03 -2.383619e-03 1.305572e-03 -2.676351e-03 2.469181e-03 -2.395107e-03 2.252763e-03 -1.261733e-04 9.793398e-04 -2.452936e-03 2.436169e-03 -2.765463e-03 7.401063e-03 -4.337708e-03 1.637812e-03 -2.248946e-03 1.376214e-03 -9.658012e-04 2.222617e-03 -1.465244e-03 3.136365e-03 -1.283334e-03 3.563115e-03 -3.877152e-03 2.86036e-03 -4.337708e-03 1.0851e-02 -4.535586e-03 1.425587e-03 -1.607457e-03 2.166798e-03 -2.929556e-03 2.777774e-03 -7.013914e-04 8.611495e-04 -1.90056e-03 2.798409e-03 -2.383619e-03 1.637812e-03 -4.535586e-03 9.933806e-03 -4.120276e-03 1.453297e-03 1.174604e-03 -1.855841e-04 -1.285415e-03 3.688296e-05 -7.996577e-04 2.312905e-03 -2.00916e-03 1.305572e-03 -2.248946e-03 1.425587e-03 -4.120276e-03 1.508876e-02 -3.506731e-03 -5.113667e-04 1.510748e-03 -2.738884e-03 -2.371812e-04 1.041216e-03 -2.491402e-03 2.247328e-03 -2.676351e-03 1.376214e-03 -1.607457e-03 1.453297e-03 -3.506731e-03 1.521626e-02 -4.371977e-03 1.003053e-03 1.145958e-03 -3.077049e-03 -7.752181e-04 2.788556e-03 -1.617672e-03 2.469181e-03 -9.658012e-04 2.166798e-03 1.174604e-03 -5.113667e-04 -4.371977e-03 1.350024e-02 -4.678635e-03 -1.014158e-03 2.305693e-03 1.014165e-03 -3.498131e-03 2.343537e-03 -2.395107e-03 2.222617e-03 -2.929556e-03 -1.855841e-04 1.510748e-03 1.003053e-03 -4.678635e-03 1.500041e-02 -4.308752e-03 2.700667e-03 -4.184797e-04 3.36488e-03 -1.686101e-03 2.252763e-03 -1.465244e-03 2.777774e-03 -1.285415e-03 -2.738884e-03 1.145958e-03 -1.014158e-03 -4.308752e-03 1.591427e-02 -8.264039e-03 5.431416e-04 -2.658438e-03 2.00196e-03 -1.261733e-04 3.136365e-03 -7.013914e-04 3.688296e-05 -2.371812e-04 -3.077049e-03 2.305693e-03 2.700667e-03 -8.264039e-03 1.657284e-02 ) ],
        [ a essentia:Covariance ;
            afo:dimensions ( 13 13 ) ;
            afo:values ( 2.980938e+04 -6.193184e+02 -1.3112e+03 2.615769e+03 -6.067778e+02 1.556158e+03 -6.366631e+02 6.039338e+02 -1.051907e+03 4.549801e+02 -9.738411e+02 -6.037614e+02 -1.108207e+03 -6.193184e+02 1.996313e+03 -4.484148e+02 -6.539838e+02 -3.468348e+01 -4.650517e+02 5.909916e+01 -2.980294e+02 1.901542e+02 -2.56457e+02 2.198739e+02 -1.630466e+02 3.260497e+02 -1.3112e+03 -4.484148e+02 1.273444e+03 2.895941e+02 5.046034e+01 2.769113e+02 -1.026171e+02 8.748434e+01 -7.933139e+01 7.176188e+01 -6.732955e+01 1.400903e+01 -1.836877e+02 2.615769e+03 -6.539838e+02 2.895941e+02 1.027323e+03 1.351623e+02 3.363193e+02 -1.794541e-01 1.411326e+02 -1.193487e+02 4.915154e+01 -1.338486e+02 -1.023509e+02 -2.853409e+02 -6.067778e+02 -3.468348e+01 5.046034e+01 1.351623e+02 2.74766e+02 6.61457e+01 5.212115e+01 1.330812e+01 1.642138e+01 -2.650514e+01 9.575353e+00 -2.759692e+01 -4.845404e+01 1.556158e+03 -4.650517e+02 2.769113e+02 3.363193e+02 6.61457e+01 3.901316e+02 -3.736865e+00 1.108496e+02 -1.131238e+02 6.172716e+01 -9.746188e+01 -2.973721e+01 -1.79438e+02 -6.366631e+02 5.909916e+01 -1.026171e+02 -1.794541e-01 5.212115e+01 -3.736865e+00 1.9278e+02 9.843484e+00 3.738307e+01 -5.350721e+01 4.166651e+01 1.159943e+01 4.580906e+01 6.039338e+02 -2.980294e+02 8.748434e+01 1.411326e+02 1.330812e+01 1.108496e+02 9.843484e+00 1.430616e+02 -3.179362e+01 5.119554e+01 -5.733516e+01 3.473802e+01 -5.925484e+01 -1.051907e+03 1.901542e+02 -7.933139e+01 -1.193487e+02 1.642138e+01 -1.131238e+02 3.738307e+01 -3.179362e+01 1.429398e+02 -2.044119e+01 5.880442e+01 1.066331e+01 9.033542e+01 4.549801e+02 -2.56457e+02 7.176188e+01 4.915154e+01 -2.650514e+01 6.172716e+01 -5.350721e+01 5.119554e+01 -2.044119e+01 1.485127e+02 -1.556177e+01 3.297863e+01 -6.133982e+01 -9.738411e+02 2.198739e+02 -6.732955e+01 -1.338486e+02 9.575353e+00 -9.746188e+01 4.166651e+01 -5.733516e+01 5.880442e+01 -1.556177e+01 1.435324e+02 1.945264e+01 6.68431e+01 -6.037614e+02 -1.630466e+02 1.400903e+01 -1.023509e+02 -2.759692e+01 -2.973721e+01 1.159943e+01 3.473802e+01 1.066331e+01 3.297863e+01 1.945264e+01 1.461228e+02 6.268265e+01 -1.108207e+03 3.260497e+02 -1.836877e+02 -2.853409e+02 -4.845404e+01 -1.79438e+02 4.580906e+01 -5.925484e+01 9.033542e+01 -6.133982e+01 6.68431e+01 6.268265e+01 2.152731e+02 ) ],
        [ a essentia:Mean ;
            afo:values ( -5.485717e+01 1.16292e+02 -1.26084e+02 2.720311e+01 -6.141541e+01 1.100626e+01 -4.409715e+01 2.240562e+00 -2.798964e+01 -1.624843e-02 -1.238086e+01 -2.018136e+00 -6.695693e-01 ) ] .

_:02b835a9-a550-42d5-991e-23172daa7c6d a essentia:Minimum ;
    afo:value 2.441689e+00 .

_:02cd5026-cd8c-4522-8b37-a509f9b9edd8 a essentia:Mean ;
    afo:value 2.299321e-02 .

_:031c99e6-8ece-4205-a54a-b5155068955d a essentia:DerivativeMean ;
    afo:value 1.502218e-03 .

_:035fb292-867c-480f-923f-8eab8055a5be a essentia:SpectralValley ;
    event:time _:caec327d-d98d-4c33-9129-a2dfca2862e6 ;
    afo:computed_by _:LowLevelExtractor ;
    afo:feature [ a essentia:Minimum ;
            afo:values ( -2.825671e+01 -2.863835e+01 -2.787047e+01 -2.764207e+01 -2.749938e+01 -2.744341e+01 ) ],
        [ a essentia:Maximum ;
            afo:values ( -5.224974e+00 -4.388718e+00 -4.994064e+00 -5.386779e+00 -5.596296e+00 -7.735591e+00 ) ],
        [ a essentia:SecondDerivativeMean ;
            afo:values ( 5.626517e-01 5.090783e-01 4.489094e-01 3.752664e-01 2.993644e-01 2.692538e-01 ) ],
        [ a essentia:Variance ;
            afo:values ( 5.44851e+00 4.799012e+00 4.209095e+00 4.820173e+00 5.157038e+00 4.512754e+00 ) ],
        [ a essentia:DerivativeVariance ;
            afo:values ( 9.387815e-02 6.964304e-02 6.440159e-02 5.3746e-02 5.41031e-02 8.030874e-02 ) ],
        [ a essentia:Median ;
            afo:values ( -7.192966e+00 -6.729513e+00 -7.460019e+00 -7.753368e+00 -7.887484e+00 -1.055093e+01 ) ],
        [ a essentia:DerivativeMean ;
            afo:values ( 3.361858e-01 3.048985e-01 2.76601e-01 2.352915e-01 1.977294e-01 1.949958e-01 ) ],
        [ a essentia:SecondDerivativeVariance ;
            afo:values ( 2.52303e-01 1.75603e-01 1.479419e-01 1.096021e-01 9.364612e-02 1.356744e-01 ) ],
        [ a essentia:Mean ;
            afo:values ( -7.866465e+00 -7.303791e+00 -7.756756e+00 -8.215649e+00 -8.365336e+00 -1.101277e+01 ) ] .

_:036b33b0-d631-4571-bc77-eb3c2e62f631 a essentia:DerivativeVariance ;
    afo:value 2.355156e+01 .

_:039ff8ee-f2c9-4f55-aa4b-c7d5309c04c2 a essentia:Entropy ;
    afo:feature [ a essentia:Minimum ;
            afo:value 0 ],
        [ a essentia:Variance ;
            afo:value 7.866561e-01 ],
        [ a essentia:Maximum ;
            afo:value 4.528867e+00 ],
        [ a essentia:DerivativeMean ;
            afo:value 4.786884e-01 ],
        [ a essentia:SecondDerivativeVariance ;
            afo:value 5.863306e-01 ],
        [ a essentia:Median ;
            afo:value 2.032006e+00 ],
        [ a essentia:SecondDerivativeMean ;
            afo:value 8.055546e-01 ],
        [ a essentia:DerivativeVariance ;
            afo:value 2.164345e-01 ],
        [ a essentia:Mean ;
            afo:value 1.994846e+00 ] .

_:0414ca8f-223a-40e2-b76f-629217807a20 a essentia:Variance ;
    afo:value 2.839209e+02 .

_:04468c31-2df1-46d1-84b6-8ea829c60a9a a essentia:Maximum ;
    afo:value 9.828422e+00 .

_:04e72e9e-cd91-480f-a27e-85872f783f97 a essentia:MelBands ;
    event:time _:caec327d-d98d-4c33-9129-a2dfca2862e6 ;
    afo:computed_by _:LowLevelExtractor ;
    afo:feature [ a essentia:Spread ;
            afo:feature _:036b33b0-d631-4571-bc77-eb3c2e62f631,
                [ a essentia:Median ;
                    afo:value 1.661252e+01 ],
                [ a essentia:SecondDerivativeMean ;
                    afo:value 6.312299e+00 ],
                [ a essentia:DerivativeMean ;
                    afo:value 3.944171e+00 ],
                [ a essentia:Maximum ;
                    afo:value 1.596424e+02 ],
                [ a essentia:Minimum ;
                    afo:value 7.102922e-01 ],
                [ a essentia:Mean ;
                    afo:value 1.982801e+01 ],
                [ a essentia:Variance ;
                    afo:value 2.310693e+02 ],
                [ a essentia:SecondDerivativeVariance ;
                    afo:value 6.19749e+01 ] ] .

_:058f231e-4570-450c-8c9f-6662ac69a1eb a essentia:Mean ;
    afo:value 1.445852e+01 .

_:06dc852b-b981-4c87-87ff-01a2609eb704 a essentia:Variance ;
    afo:value 1.880846e+01 .

_:077867b8-20c3-41d5-941e-e39d1718cd45 a essentia:StrongPeak ;
    event:time _:caec327d-d98d-4c33-9129-a2dfca2862e6 ;
    afo:computed_by _:LowLevelExtractor ;
    afo:feature [ a essentia:Mean ;
            afo:value 8.639297e-01 ],
        [ a essentia:Minimum ;
            afo:value 0 ],
        [ a essentia:Variance ;
            afo:value 1.596264e+00 ],
        [ a essentia:DerivativeMean ;
            afo:value 3.468267e-01 ],
        [ a essentia:SecondDerivativeMean ;
            afo:value 5.884786e-01 ],
        [ a essentia:DerivativeVariance ;
            afo:value 6.050076e-01 ],
        [ a essentia:SecondDerivativeVariance ;
            afo:value 1.510995e+00 ],
        [ a essentia:Maximum ;
            afo:value 1.558052e+01 ],
        [ a essentia:Median ;
            afo:value 4.882534e-01 ] .

_:07f1e923-5ed3-4b57-8d4e-6d6d5b544701 a essentia:Decrease ;
    event:time _:caec327d-d98d-4c33-9129-a2dfca2862e6 ;
    afo:computed_by _:LowLevelExtractor ;
    afo:feature [ a essentia:DerivativeVariance ;
            afo:value 5.841253e-18 ],
        [ a essentia:Mean ;
            afo:value -5.671636e-09 ],
        [ a essentia:Minimum ;
            afo:value -4.845182e-08 ],
        [ a essentia:Maximum ;
            afo:value 1.647035e-28 ],
        [ a essentia:Median ;
            afo:value -4.820552e-09 ],
        [ a essentia:SecondDerivativeMean ;
            afo:value 2.05507e-09 ],
        [ a essentia:Variance ;
            afo:value 2.440755e-17 ],
        [ a essentia:DerivativeMean ;
            afo:value 1.297367e-09 ],
        [ a essentia:SecondDerivativeVariance ;
            afo:value 1.308596e-17 ] .

_:0807f521-d360-437f-99a5-4b6d01666a3e a essentia:KeyStrength ;
    event:time _:caec327d-d98d-4c33-9129-a2dfca2862e6 ;
    afo:value 7.026339e-01 .

_:0812402c-1c50-4e8d-ac15-edc258829db9 a essentia:Minimum ;
    afo:value 6.473767e-11 .

_:08523bb4-ca5d-472e-bbf6-61e65c7c14e4 rdf:first 1.08008e-04 ;
    rdf:rest ( 3.986178e-05 7.38725e-05 -9.293122e-05 -4.91015e-05 -3.436285e-04 -1.055014e-04 -1.735821e-05 2.37999e-05 -1.081843e-04 -4.535486e-05 -4.027021e-05 2.673436e-05 3.986178e-05 7.414166e-04 1.672266e-04 1.901839e-05 -1.698658e-04 2.305038e-04 1.303143e-04 5.134113e-05 4.35121e-04 1.302307e-04 6.518385e-04 1.977741e-04 1.456469e-04 7.38725e-05 1.672266e-04 1.377814e-03 8.961074e-05 -8.416488e-04 -3.424873e-04 -2.599424e-04 6.975241e-05 5.022335e-05 7.00766e-04 -8.753245e-04 1.113118e-03 -4.042532e-04 -9.293122e-05 1.901839e-05 8.961074e-05 3.450128e-03 -1.432499e-03 -4.263208e-04 2.154619e-04 -1.325674e-03 3.666778e-04 -5.106361e-04 4.273928e-04 -1.084539e-03 1.420454e-03 -4.91015e-05 -1.698658e-04 -8.416488e-04 -1.432499e-03 5.996823e-03 -2.427549e-03 -2.543194e-05 2.406281e-04 1.511065e-04 -8.43846e-04 -4.16708e-04 -1.598101e-03 5.362045e-04 -3.436285e-04 2.305038e-04 -3.424873e-04 -4.263208e-04 -2.427549e-03 1.177149e-02 -4.39873e-03 1.075546e-03 -1.487284e-03 -4.021718e-04 -6.390434e-04 -6.482528e-05 3.058755e-04 -1.055014e-04 1.303143e-04 -2.599424e-04 2.154619e-04 -2.543194e-05 -4.39873e-03 1.244668e-02 -7.149461e-03 4.279723e-03 -2.302312e-03 -9.263114e-04 1.239401e-03 -1.815592e-03 -1.735821e-05 5.134113e-05 6.975241e-05 -1.325674e-03 2.406281e-04 1.075546e-03 -7.149461e-03 1.470058e-02 -7.153485e-03 4.099763e-03 6.15779e-05 4.583095e-04 -5.221695e-04 2.37999e-05 4.35121e-04 5.022335e-05 3.666778e-04 1.511065e-04 -1.487284e-03 4.279723e-03 -7.153485e-03 1.475989e-02 -4.794002e-03 5.749344e-03 -1.794873e-03 1.234801e-03 -1.081843e-04 1.302307e-04 7.00766e-04 -5.106361e-04 -8.43846e-04 -4.021718e-04 -2.302312e-03 4.099763e-03 -4.794002e-03 1.677627e-02 -8.541256e-03 8.076712e-03 -3.457822e-03 -4.535486e-05 6.518385e-04 -8.753245e-04 4.273928e-04 -4.16708e-04 -6.390434e-04 -9.263114e-04 6.15779e-05 5.749344e-03 -8.541256e-03 1.984591e-02 -9.933263e-03 5.030303e-03 -4.027021e-05 1.977741e-04 1.113118e-03 -1.084539e-03 -1.598101e-03 -6.482528e-05 1.239401e-03 4.583095e-04 -1.794873e-03 8.076712e-03 -9.933263e-03 2.056145e-02 -6.834636e-03 2.673436e-05 1.456469e-04 -4.042532e-04 1.420454e-03 5.362045e-04 3.058755e-04 -1.815592e-03 -5.221695e-04 1.234801e-03 -3.457822e-03 5.030303e-03 -6.834636e-03 1.543957e-02 ) .

_:08ca5183-75b7-4c77-b1e3-2a6e28c7ace9 a essentia:Maximum ;
    afo:value 5.000002e-01 .

_:094e71ed-01fa-4d0b-abd2-92cb05b74065 a essentia:ERBBands ;
    event:time _:caec327d-d98d-4c33-9129-a2dfca2862e6 ;
    afo:computed_by _:LowLevelExtractor ;
    afo:feature [ a essentia:FlatnessDB ;
            afo:feature [ a essentia:DerivativeVariance ;
                    afo:value 1.892642e-04 ],
                [ a essentia:SecondDerivativeMean ;
                    afo:value 1.769762e-02 ],
                [ a essentia:DerivativeMean ;
                    afo:value 1.207842e-02 ],
                [ a essentia:Maximum ;
                    afo:value 4.577986e-01 ],
                [ a essentia:Variance ;
                    afo:value 6.037156e-03 ],
                [ a essentia:Minimum ;
                    afo:value 5.043316e-02 ],
                [ a essentia:Median ;
                    afo:value 1.734565e-01 ],
                [ a essentia:SecondDerivativeVariance ;
                    afo:value 3.639464e-04 ],
                [ a essentia:Mean ;
                    afo:value 1.892584e-01 ] ] .

_:0966e0ae-24ac-4041-8b44-dce2a9b129df a essentia:SecondDerivativeMean ;
    afo:value 0 .

_:0984ee0d-8f1f-451b-bf6a-9fe3983eef3b a tl:Timeline ;
    tl:interval _:caec327d-d98d-4c33-9129-a2dfca2862e6 .

_:0a20efab-c6d7-4524-90fe-b9945c3d43f8 a essentia:SecondDerivativeMean ;
    afo:value 3.960656e+00 .

_:0aa89c26-824d-4009-be57-77a039bab90d a essentia:Minimum ;
    afo:value 3.846885e-01 .

_:0b19e6e5-4c7c-4371-b009-0bab1b46bfb6 a essentia:Variance ;
    afo:value 2.155629e-03 .

_:0b7977ee-f6d9-4605-8ada-248062cc1c42 a essentia:DerivativeVariance ;
    afo:value 0 .

_:0bf8331e-093e-4487-87bb-765831eb0e21 a essentia:Skewness ;
    afo:feature [ a essentia:Variance ;
            afo:value 1.970066e+00 ],
        [ a essentia:DerivativeMean ;
            afo:value 4.617998e-01 ],
        [ a essentia:Minimum ;
            afo:value -1.867503e+00 ],
        [ a essentia:SecondDerivativeMean ;
            afo:value 7.355547e-01 ],
        [ a essentia:SecondDerivativeVariance ;
            afo:value 6.068512e-01 ],
        [ a essentia:Mean ;
            afo:value 2.452353e+00 ],
        [ a essentia:Median ;
            afo:value 2.327364e+00 ],
        [ a essentia:Maximum ;
            afo:value 1.498513e+01 ],
        [ a essentia:DerivativeVariance ;
            afo:value 2.337103e-01 ] .

_:0c29c232-2c64-4ba9-be3b-47b765ca228c a essentia:SecondDerivativeMean ;
    afo:value 5.520695e-01 .

_:0d275324-ebca-4cb7-90e7-4e0bb61bedec rdf:first 1.394882e-06 ;
    rdf:rest ( 3.368614e-06 2.045928e-06 2.191606e-06 4.46311e-07 3.751976e-07 2.891095e-07 9.388496e-08 1.497759e-07 1.043773e-07 8.189008e-08 1.9668e-07 3.015141e-07 1.387969e-07 2.534701e-08 2.481471e-08 8.427806e-09 1.255508e-08 6.933857e-09 9.064103e-09 2.973905e-09 1.868805e-09 1.328093e-09 3.577521e-10 2.055242e-10 2.860807e-10 5.16058e-10 3.071278e-10 9.822682e-11 7.034018e-11 5.444628e-11 2.439722e-11 2.398763e-11 8.444108e-12 2.425323e-11 8.552411e-12 1.267006e-11 7.309428e-12 3.964436e-12 3.445801e-12 ) .

_:0e8d6b5c-dff7-440b-911b-6cba685398af a essentia:Crest ;
    afo:feature [ a essentia:SecondDerivativeVariance ;
            afo:value 1.094604e+01 ],
        [ a essentia:DerivativeVariance ;
            afo:value 4.388206e+00 ],
        [ a essentia:Minimum ;
            afo:value 2.289418e+00 ],
        [ a essentia:Mean ;
            afo:value 9.764875e+00 ],
        [ a essentia:Median ;
            afo:value 8.384127e+00 ],
        [ a essentia:Variance ;
            afo:value 2.932907e+01 ],
        [ a essentia:DerivativeMean ;
            afo:value 1.939608e+00 ],
        [ a essentia:SecondDerivativeMean ;
            afo:value 3.100028e+00 ],
        [ a essentia:Maximum ;
            afo:value 3.173943e+01 ] .

_:0eb1a8aa-fb65-4b36-a021-142236f9acc5 a essentia:SecondDerivativeVariance ;
    afo:value 7.097321e-05 .

_:0f18cac0-5dc2-4b15-81b3-9b107f50a4b8 a essentia:Maximum ;
    afo:value 62 .

_:0f826fe8-405d-4bfa-bef3-47caeb092cfb a essentia:SecondDerivativeVariance ;
    afo:value 1.190122e+02 .

_:10ebf35e-b4ff-4b44-93e8-0fb3596327c8 a essentia:Median ;
    afo:value 4.320896e-03 .

_:1106ce8d-a1a8-491c-a743-e1523d9d85ca a essentia:SecondDerivativeMean ;
    afo:value 1.647407e-01 .

_:11a12127-4bbd-4ebd-af2c-cc0d80a9c65c a essentia:SecondDerivativeVariance ;
    afo:value 2.550749e-05 .

_:1267c062-1d92-4ae4-b06f-cdc563118d8c a essentia:SecondPeakBPM ;
    event:time _:caec327d-d98d-4c33-9129-a2dfca2862e6 ;
    afo:computed_by _:LowLevelExtractor ;
    afo:feature [ a essentia:Maximum ;
            afo:value 129 ],
        [ a essentia:DerivativeVariance ;
            afo:value 0 ],
        [ a essentia:Variance ;
            afo:value 0 ],
        [ a essentia:Minimum ;
            afo:value 129 ],
        [ a essentia:Median ;
            afo:value 129 ],
        [ a essentia:SecondDerivativeVariance ;
            afo:value 0 ],
        [ a essentia:DerivativeMean ;
            afo:value 0 ],
        [ a essentia:Mean ;
            afo:value 129 ],
        [ a essentia:SecondDerivativeMean ;
            afo:value 0 ] .

_:1289492e-007f-4a17-b0ef-6ad4e54105ae a essentia:Mean ;
    afo:value 9.945819e-01 .

_:12ec4fd6-e10a-4505-8fe7-9312e25afec3 a essentia:Median ;
    afo:value 1.627651e-01 .

_:13439219-b03e-4a08-96d2-efec3b0007f6 rdf:first 4.869637e-02 ;
    rdf:rest ( 4.757153e-02 1.519974e-02 2.775596e-02 7.736947e-03 4.144228e-03 ) .

_:13b392d2-7206-4358-805c-830e9cf2f63c a essentia:Variance ;
    afo:values ( 7.077008e-03 1.230289e-02 6.631702e-03 4.505316e-03 2.847389e-03 2.541538e-03 ) .

_:14907b42-090b-4b0f-8df0-630b9986881c a essentia:SecondDerivativeMean ;
    afo:value 2.808274e-02 .

_:15267b92-908b-410c-adec-6998d9e7f1a9 a essentia:FlatnessDB ;
    afo:feature [ a essentia:Median ;
            afo:value 2.16181e-01 ],
        [ a essentia:SecondDerivativeMean ;
            afo:value 2.626007e-02 ],
        [ a essentia:DerivativeMean ;
            afo:value 1.724371e-02 ],
        [ a essentia:Mean ;
            afo:value 2.285632e-01 ],
        [ a essentia:Variance ;
            afo:value 8.620073e-03 ],
        [ a essentia:DerivativeVariance ;
            afo:value 3.507524e-04 ],
        [ a essentia:Maximum ;
            afo:value 5.782368e-01 ],
        [ a essentia:Minimum ;
            afo:value 2.813761e-03 ],
        [ a essentia:SecondDerivativeVariance ;
            afo:value 7.880265e-04 ] .

_:15775c86-75fa-4969-aed7-d334447cccbc a essentia:Median ;
    afo:value 2.419607e-03 .

_:16c23039-78cd-43e8-8631-b3b89604c016 a essentia:Mean ;
    afo:value 6.88096e-01 .

_:17068205-0296-4299-abdf-efecd17890d9 a essentia:Mean ;
    afo:values ( 1.265294e-04 2.843316e-03 2.521302e-03 1.994628e-03 4.297737e-03 2.36638e-03 1.121957e-03 6.996612e-04 6.183309e-04 8.535223e-04 9.852597e-04 9.226655e-04 6.610054e-04 4.213215e-04 5.496508e-04 3.944779e-04 3.054607e-04 2.440306e-04 2.047418e-04 2.850003e-04 1.609477e-04 1.274163e-04 9.362501e-05 8.279863e-05 7.563234e-05 3.571878e-05 2.95935e-08 ) .

_:179c8473-1326-4b33-a63b-1675959ee0b7 a essentia:ChordsNumberRate ;
    event:time _:caec327d-d98d-4c33-9129-a2dfca2862e6 ;
    afo:value 1.224913e-03 .

_:17d20844-7cc2-4b04-8615-3e1c8ded320c a essentia:SecondDerivativeVariance ;
    afo:values ( 2.702921e-02 2.28924e+00 2.697347e+01 6.792736e+01 5.412072e+02 4.880109e+02 7.761579e+02 9.376263e+02 9.622847e+02 1.603956e+03 2.676193e+03 3.122031e+03 2.020767e+03 8.6947e+03 1.517089e+04 4.611298e+03 3.164417e+03 2.177241e+03 4.510255e+03 4.014672e+03 1.63959e+03 1.026161e+03 7.05242e+02 3.117084e+02 4.713783e+02 4.474039e+02 1.204772e+02 1.476975e+02 5.916505e+01 2.843535e+01 6.416547e+01 4.480725e+01 1.697747e+01 5.549596e+00 1.300195e+00 6.460523e-01 1.034613e-02 4.583592e-06 1.258046e-08 4.237345e-10 ) .

_:18941451-838e-4a3c-8ac9-7ef2a3db772a rdf:first 6.886268e-02 ;
    rdf:rest ( 7.828224e-02 7.34209e-02 6.870516e-02 6.998628e-02 5.59487e-02 5.372864e-02 5.434378e-02 5.334564e-02 5.753848e-02 5.789675e-02 4.446639e-02 3.990035e-02 3.492503e-02 5.768079e-02 9.587251e-02 9.401722e-02 8.78711e-02 7.595541e-02 6.548315e-02 4.376549e-02 3.35594e-02 4.03899e-02 6.596383e-02 7.079166e-02 5.60135e-02 3.679299e-02 3.228863e-02 4.52445e-02 9.219141e-02 1.050919e-01 1.132597e-01 7.367435e-02 5.104138e-02 5.1518e-02 5.844489e-02 ) .

_:19254f38-41fb-4bba-95ea-9979e9904691 a essentia:HFC ;
    event:time _:caec327d-d98d-4c33-9129-a2dfca2862e6 ;
    afo:computed_by _:LowLevelExtractor ;
    afo:feature [ a essentia:Maximum ;
            afo:value 1.972751e+02 ],
        [ a essentia:Median ;
            afo:value 8.55583e+00 ],
        [ a essentia:Variance ;
            afo:value 4.08293e+02 ],
        [ a essentia:Minimum ;
            afo:value 1.073554e-16 ],
        [ a essentia:DerivativeMean ;
            afo:value 3.669023e+00 ],
        [ a essentia:Mean ;
            afo:value 1.749797e+01 ],
        [ a essentia:DerivativeVariance ;
            afo:value 6.167053e+01 ],
        [ a essentia:SecondDerivativeMean ;
            afo:value 5.13967e+00 ],
        [ a essentia:SecondDerivativeVariance ;
            afo:value 1.208655e+02 ] .

_:19909e9b-b456-46ed-a8d7-32128adb60f5 a essentia:EnergyBand ;
    event:time _:caec327d-d98d-4c33-9129-a2dfca2862e6 ;
    afo:computed_by _:LowLevelExtractor ;
    afo:feature _:031c99e6-8ece-4205-a54a-b5155068955d,
        _:11a12127-4bbd-4ebd-af2c-cc0d80a9c65c,
        _:15775c86-75fa-4969-aed7-d334447cccbc,
        [ a essentia:DerivativeVariance ;
            afo:value 1.181499e-05 ],
        [ a essentia:SecondDerivativeMean ;
            afo:value 2.254875e-03 ],
        [ a essentia:Maximum ;
            afo:value 1.243156e-01 ],
        [ a essentia:Mean ;
            afo:value 5.544746e-03 ],
        [ a essentia:Minimum ;
            afo:value 1.167335e-21 ],
        [ a essentia:Variance ;
            afo:value 6.997611e-05 ] .

_:199a49ea-4e9c-4e07-b11f-e741ff264f0c a essentia:Median ;
    afo:value 3.330615e+01 .

_:19fe1ffc-7be2-4d8c-b16e-090f46754e1e a essentia:Spread ;
    event:time _:caec327d-d98d-4c33-9129-a2dfca2862e6 ;
    afo:computed_by _:LowLevelExtractor ;
    afo:feature [ a essentia:Variance ;
            afo:value 8.922805e+12 ],
        [ a essentia:DerivativeVariance ;
            afo:value 332821266432 ],
        [ a essentia:Maximum ;
            afo:value 43090560 ],
        [ a essentia:DerivativeMean ;
            afo:value 3.829354e+05 ],
        [ a essentia:SecondDerivativeVariance ;
            afo:value 609811824640 ],
        [ a essentia:Minimum ;
            afo:value 5.291824e+05 ],
        [ a essentia:Mean ;
            afo:value 4.21686e+06 ],
        [ a essentia:SecondDerivativeMean ;
            afo:value 5.648934e+05 ],
        [ a essentia:Median ;
            afo:value 3.977336e+06 ] .

_:1ac70dd5-4c16-4c31-a4b9-0fe621e072ca a essentia:SecondDerivativeMean ;
    afo:value 2.867764e+00 .

_:1b0e09ce-c64e-4a13-96b4-e8fb053469b0 rdf:first 1.262952e-03 ;
    rdf:rest ( 1.107693e-03 7.879221e-04 4.568229e-04 2.798311e-04 2.426154e-04 ) .

_:1b37e052-1e9d-490a-8b21-cbca3951e091 a essentia:SecondDerivativeVariance ;
    afo:value 7.426385e+01 .

_:1b659ddb-750a-4758-91dc-eb527b5a5392 a essentia:Variance ;
    afo:values ( 5.528826e-02 4.107559e-02 1.879011e-02 1.792971e-02 3.687501e-03 2.07744e-03 ) .

_:1c24b349-9a03-4b09-a785-ed3bee79ed91 a essentia:Variance ;
    afo:value 1.431976e-02 .

_:1c84c677-58d7-4e1d-94d9-a2b9ad8a37e8 a essentia:SilenceRate ;
    event:time _:caec327d-d98d-4c33-9129-a2dfca2862e6 ;
    afo:computed_by _:LowLevelExtractor ;
    afo:feature _:0966e0ae-24ac-4041-8b44-dce2a9b129df,
        [ a essentia:Mean ;
            afo:value 1 ],
        [ a essentia:DerivativeMean ;
            afo:value 0 ],
        [ a essentia:Median ;
            afo:value 1 ],
        [ a essentia:Variance ;
            afo:value 0 ],
        [ a essentia:DerivativeVariance ;
            afo:value 0 ],
        [ a essentia:Maximum ;
            afo:value 1 ],
        [ a essentia:SecondDerivativeVariance ;
            afo:value 0 ],
        [ a essentia:Minimum ;
            afo:value 1 ] .

_:1c85feb0-c157-4b18-9e3e-38217fe7340d rdf:first 1.866771e-02 ;
    rdf:rest ( 1.690024e-02 5.998323e-03 1.041945e-02 2.748674e-03 1.332251e-03 ) .

_:1caed658-a39f-4fc5-a25d-26ada7573448 a essentia:Median ;
    afo:values ( 1.901722e-05 1.28945e-03 1.233931e-03 7.792818e-04 2.649471e-03 1.551954e-03 5.254486e-04 2.639747e-04 2.12913e-04 3.339924e-04 1.523825e-04 2.29747e-04 2.248026e-04 1.373547e-04 1.811534e-04 1.294732e-04 1.084833e-04 7.790817e-05 5.582987e-05 5.447512e-05 3.17234e-05 2.000492e-05 1.348664e-05 1.171645e-05 9.145257e-06 2.038007e-06 3.248482e-10 ) .

_:1d2c8751-0143-42f6-8b0a-1f0058af6aaf a essentia:PitchSalience ;
    event:time _:caec327d-d98d-4c33-9129-a2dfca2862e6 ;
    afo:computed_by _:LowLevelExtractor ;
    afo:feature _:1c24b349-9a03-4b09-a785-ed3bee79ed91,
        [ a essentia:Minimum ;
            afo:value 1.106971e-01 ],
        [ a essentia:SecondDerivativeMean ;
            afo:value 8.437899e-02 ],
        [ a essentia:DerivativeVariance ;
            afo:value 2.515489e-03 ],
        [ a essentia:SecondDerivativeVariance ;
            afo:value 7.08351e-03 ],
        [ a essentia:Maximum ;
            afo:value 9.300066e-01 ],
        [ a essentia:Median ;
            afo:value 5.75185e-01 ],
        [ a essentia:Mean ;
            afo:value 5.605639e-01 ],
        [ a essentia:DerivativeMean ;
            afo:value 5.150742e-02 ] .

_:1db2a791-59fd-49b1-86f3-9f96ddee47ce a essentia:Median ;
    afo:values ( 3.403851e-01 3.229234e-01 1.105272e-01 1.06803e-01 5.995997e-02 3.552915e-02 ) .

_:1e474bde-b006-434a-b755-e6c454ee647d a essentia:DerivativeVariance ;
    afo:value 1.745908e-01 .

_:1e6510d2-c892-463a-b3a7-ccf94294f12d a essentia:SpectralContrast ;
    event:time _:caec327d-d98d-4c33-9129-a2dfca2862e6 ;
    afo:computed_by _:LowLevelExtractor ;
    afo:feature _:13b392d2-7206-4358-805c-830e9cf2f63c,
        [ a essentia:Maximum ;
            afo:values ( -3.192967e-01 -3.113697e-01 -3.984447e-01 -4.988499e-01 -5.221469e-01 -5.536559e-01 ) ],
        [ a essentia:Minimum ;
            afo:values ( -9.83255e-01 -9.814031e-01 -9.749172e-01 -9.699738e-01 -9.648101e-01 -9.65268e-01 ) ],
        [ a essentia:Median ;
            afo:values ( -6.148325e-01 -7.075987e-01 -7.666332e-01 -7.770625e-01 -7.940496e-01 -7.648115e-01 ) ],
        [ a essentia:DerivativeVariance ;
            afo:values _:1b0e09ce-c64e-4a13-96b4-e8fb053469b0 ],
        [ a essentia:SecondDerivativeVariance ;
            afo:values ( 3.627355e-03 3.132577e-03 2.078113e-03 1.251105e-03 7.037875e-04 5.610409e-04 ) ],
        [ a essentia:SecondDerivativeMean ;
            afo:values ( 6.760411e-02 6.700974e-02 5.466159e-02 4.345142e-02 3.246935e-02 2.520547e-02 ) ],
        [ a essentia:Mean ;
            afo:values ( -6.193378e-01 -6.856973e-01 -7.522022e-01 -7.641281e-01 -7.840554e-01 -7.698117e-01 ) ],
        [ a essentia:DerivativeMean ;
            afo:values ( 3.989498e-02 3.972337e-02 3.352948e-02 2.6095e-02 1.969691e-02 1.554654e-02 ) ] .

_:1ecafa4f-1041-49e1-8b70-ebbd4ad6910f a essentia:DerivativeVariance ;
    afo:value 9.162845e-05 .

_:1ee97ea0-370a-45d1-b0b3-320ea436a011 a essentia:DerivativeVariance ;
    afo:value 4.727245e+01 .

_:1f5c3f65-b57f-432e-8926-7d0ff8fd9ed5 a essentia:BeatsPosition ;
    event:time _:caec327d-d98d-4c33-9129-a2dfca2862e6 ;
