@prefix afo: <https://w3id.org/afo/onto/1.1#> .
@prefix dc: <http://purl.org/dc/elements/1.1/> .
@prefix essentia: <http://sovarr.c4dm.eecs.qmul.ac.uk/af/essentia/> .
@prefix event: <http://purl.org/NET/c4dm/event.owl#> .
@prefix foaf: <http://xmlns.com/foaf/0.1/> .
@prefix mo: <http://purl.org/ontology/mo/> .
@prefix rdf: <http://www.w3.org/1999/02/22-rdf-syntax-ns#> .
@prefix rdfs: <http://www.w3.org/2000/01/rdf-schema#> .
@prefix tl: <http://purl.org/NET/c4dm/timeline.owl#> .
@prefix xml: <http://www.w3.org/XML/1998/namespace> .
@prefix xsd: <http://www.w3.org/2001/XMLSchema#> .

<http://musicbrainz.org/release/5e6d88d7-690b-48bd-b50b-a4bac1216fb3> a mo:Release ;
    dc:date "2010-02" ;
    dc:title "Hugo Wolf: Anniversary Edition" ;
    mo:catalogue_number "50999 6 88608 2 0" ;
    mo:publisher [ a mo:Label ;
            foaf:name "EMI Classics" ] ;
    mo:track <http://musicbrainz.org/recording/a4eab660-2a7a-4d71-a020-6d711e7d7d86> ;
    essentia:asin "B0031IHBD2" ;
    essentia:barcode "5099968860820" ;
    foaf:maker <http://musicbrainz.org/artist/21f39bff-fdec-4424-8ad7-86207565d571> .

<CD8+06+Goethe-Lieder_+Frech+und+froh+II.flac> a mo:AudioFile ;
    mo:encodes [ a essentia:Signal ;
            mo:sample_rate "44100"^^xsd:interger ;
            mo:time _:97e34036-6773-4d86-b756-6f95d367c8cc ;
            essentia:bit_rate "0"^^xsd:float ;
            essentia:codec "flac"^^xsd:string ;
            essentia:downmix "mix"^^xsd:string ;
            essentia:equal_loudness "0"^^xsd:float ;
            essentia:lossless true ;
            essentia:md5_encoded "98091f767fbfba28c61f43cb6624c2e1"^^xsd:string ;
            essentia:replay_gain "-9.28283691406"^^xsd:float ] .

<http://musicbrainz.org/artist/21f39bff-fdec-4424-8ad7-86207565d571> a mo:MusicArtist ;
    foaf:name "Hugo Wolf",
        "Hugo Wolf, Elisabeth Schwarzkopf, Dietrich Fischer-Dieskau, Olaf Bär, Anne Sofie von Otter, Ian Bostridge, Thomas Allen, Helmut Deutsch, Gerald Moore, Antonio Pappano, Geoffrey Parsons" .

<http://musicbrainz.org/recording/a4eab660-2a7a-4d71-a020-6d711e7d7d86> a mo:Track ;
    dc:title "Goethe-Lieder: Frech und froh II" ;
    mo:available_as <CD8+06+Goethe-Lieder_+Frech+und+froh+II.flac> ;
    mo:genre [ a mo:Genre ;
            rdfs:label "Vocal" ] ;
    mo:track_number "6" .

[] a essentia:VersionInfo .

_:00be8bd3-b375-4400-99f0-c260d0902183 rdf:first -8.992899e+00 ;
    rdf:rest ( -7.00215e+00 -8.073583e+00 -8.774433e+00 -1.006023e+01 -1.288656e+01 ) .

_:015334a3-6da7-4a7d-ac65-d6fc29c093a0 a essentia:Kurtosis ;
    afo:feature [ a essentia:SecondDerivativeMean ;
            afo:value 3.009607e+00 ],
        [ a essentia:Minimum ;
            afo:value -1.879551e+00 ],
        [ a essentia:Variance ;
            afo:value 1.237301e+02 ],
        [ a essentia:Median ;
            afo:value 1.348158e-01 ],
        [ a essentia:SecondDerivativeVariance ;
            afo:value 7.597412e+01 ],
        [ a essentia:Maximum ;
            afo:value 1.50244e+02 ],
        [ a essentia:Mean ;
            afo:value 3.083918e+00 ],
        [ a essentia:DerivativeVariance ;
            afo:value 3.130339e+01 ],
        [ a essentia:DerivativeMean ;
            afo:value 1.861703e+00 ] .

_:01e8f383-aed7-4023-8413-a8720f27166c a essentia:Maximum ;
    afo:value 8.847916e+00 .

_:02aa602e-9df2-49c9-b542-c80ec3b2d7fe a essentia:Minimum ;
    afo:value 0 .

_:02e78eb6-8c19-4727-8f52-29c3537ed45e a essentia:Variance ;
    afo:value 2.966337e-03 .

_:02f7edc8-ad94-4ba5-bedc-fa703606b9a2 a essentia:SecondDerivativeVariance ;
    afo:value 1.057056e-03 .

_:0316e7b6-025f-4bd3-8f11-59717fe95ce3 a essentia:DerivativeMean ;
    afo:value 5.368611e-01 .

_:034d91bb-ffd5-4ee0-b2ad-c8600ef0aa61 a essentia:SecondDerivativeMean ;
    afo:value 9.948157e-01 .

_:03be754c-41d3-426e-bec5-679b959c42ef a essentia:Median ;
    afo:value 9.540005e-05 .

_:03cd4151-4583-4fbf-8a45-968aa0f69698 a essentia:Minimum ;
    afo:values ( 2.538302e-11 2.057673e-11 1.32832e-11 6.502369e-12 2.281874e-12 1.4228e-12 2.110594e-12 2.12413e-12 1.079502e-12 3.746864e-13 5.889317e-13 6.170833e-13 2.029352e-13 1.477257e-13 1.590335e-13 8.139454e-14 1.655548e-13 8.087539e-14 6.672143e-14 4.445711e-14 7.629788e-14 4.398892e-14 3.55261e-14 4.326825e-14 2.052532e-14 2.823193e-14 4.251237e-14 1.365697e-14 1.331989e-14 1.859822e-14 8.692193e-15 1.653842e-14 6.114417e-15 9.619436e-15 2.621625e-14 3.703035e-14 1.286912e-14 9.524701e-15 1.03637e-14 1.476771e-14 ) .

_:03cf5c4c-2554-4e03-b0c8-766ce8128719 a essentia:Mean ;
    afo:value 1 .

_:040891f3-f200-421f-a402-2284d1703575 a essentia:Mean ;
    afo:value 8.923263e-01 .

_:04e371d4-f23f-4a95-a6b1-e54924e6af3b rdf:first 4.072698e-14 ;
    rdf:rest ( 3.913665e-08 3.416312e-07 5.35118e-07 1.261007e-05 1.902703e-05 4.104746e-05 6.744939e-05 2.440202e-05 5.760215e-07 1.111259e-06 4.379344e-06 1.435372e-06 7.400352e-07 4.509779e-07 6.036853e-07 8.136072e-07 9.147804e-07 7.518383e-08 3.960241e-10 2.954059e-10 5.980243e-09 6.949771e-08 2.195934e-07 8.513473e-09 3.99758e-11 8.886421e-16 ) .

_:05c3c733-ebc6-45a9-a3de-424be25f4bd7 a essentia:Mean ;
    afo:value 1.177709e+01 .

_:074dc1a8-169b-4966-8d62-e3afea4baac1 a essentia:Maximum ;
    afo:value 21219042 .

_:0790c814-5d1f-471a-b991-c0f72734f6af a essentia:Skewness ;
    afo:feature [ a essentia:SecondDerivativeVariance ;
            afo:value 6.498968e-01 ],
        [ a essentia:Variance ;
            afo:value 1.23842e+00 ],
        [ a essentia:DerivativeVariance ;
            afo:value 2.676004e-01 ],
        [ a essentia:DerivativeMean ;
            afo:value 4.837511e-01 ],
        [ a essentia:Maximum ;
            afo:value 6.357349e+00 ],
        [ a essentia:Minimum ;
            afo:value -3.19247e+00 ],
        [ a essentia:Median ;
            afo:value 1.301763e+00 ],
        [ a essentia:SecondDerivativeMean ;
            afo:value 7.634285e-01 ],
        [ a essentia:Mean ;
            afo:value 1.434142e+00 ] .

_:0924abd3-e69f-4d88-8557-3bac75fb1658 rdf:first 13 ;
    rdf:rest ( 13 ) .

_:0a0033a4-ca7d-4b8b-ab94-c8ee66d2fd47 a essentia:Variance ;
    afo:value 2.850133e+02 .

_:0ab99063-9b07-484e-90be-611886f634f4 a essentia:SpectralComplexity ;
    event:time _:97e34036-6773-4d86-b756-6f95d367c8cc ;
    afo:computed_by _:LowLevelExtractor ;
    afo:feature [ a essentia:DerivativeVariance ;
            afo:value 6.323125e+00 ],
        [ a essentia:SecondDerivativeVariance ;
            afo:value 1.265597e+01 ],
        [ a essentia:Median ;
            afo:value 9 ],
        [ a essentia:DerivativeMean ;
            afo:value 1.89821e+00 ],
        [ a essentia:Minimum ;
            afo:value 0 ],
        [ a essentia:SecondDerivativeMean ;
            afo:value 2.838483e+00 ],
        [ a essentia:Variance ;
            afo:value 6.06635e+01 ],
        [ a essentia:Maximum ;
            afo:value 41 ],
        [ a essentia:Mean ;
            afo:value 9.832281e+00 ] .

_:0abd381c-2cf4-4dae-bea8-e6811cf86d4f a essentia:DerivativeMean ;
    afo:values ( 4.618715e-02 4.300357e-02 3.195329e-02 2.802815e-02 2.397883e-02 1.444878e-02 ) .

_:0b546b88-7c71-4801-a3da-d8c521f018fc a essentia:SecondDerivativeVariance ;
    afo:value 0 .

_:0b5777a0-b236-4114-b95f-1f16b1a2689e a essentia:DerivativeVariance ;
    afo:value 1.539055e+02 .

_:0bc449f2-741f-46e6-bd94-47fe32c6a7aa a essentia:KeyScale ;
    event:time _:97e34036-6773-4d86-b756-6f95d367c8cc ;
    afo:value "major" .

_:0be26af7-bea3-419e-b9eb-26c97f26a339 a essentia:ChordsScale ;
    event:time _:97e34036-6773-4d86-b756-6f95d367c8cc ;
    afo:value "major" .

_:0cf51e67-4cd1-4090-a765-062d189f737d a essentia:DerivativeMean ;
    afo:value 2.532164e+00 .

_:0d6408ff-3712-4035-90d7-78ef6a24799b a essentia:Variance ;
    afo:values _:04e371d4-f23f-4a95-a6b1-e54924e6af3b .

_:0e3a4e88-5529-41ec-b68b-3ff44ea6424e a essentia:Maximum ;
    afo:value 9.625342e+03 .

_:0e8e25b8-4d89-4f45-9dab-407594b9a0d9 a essentia:DerivativeMean ;
    afo:value 0 .

_:0e92103f-0001-49e5-bbcc-adfd091c641d a essentia:Mean ;
    afo:values ( -1.850693e+02 1.329958e+02 -1.177705e+02 -1.337422e+01 -5.551742e+01 -8.577016e+00 -5.484181e+01 5.211039e+00 -1.428651e+01 -1.478485e+01 -3.563672e+00 -2.561455e+00 -1.364115e+01 ) .

_:0ea67ca9-8b7a-46cf-b2be-6b4e40aeb71a a essentia:Mean ;
    afo:values ( -9.152136e+00 -7.55483e+00 -8.625425e+00 -9.313739e+00 -1.023833e+01 -1.243862e+01 ) .

_:0edbc028-704a-4b54-93cc-f074b556de5c a essentia:SecondDerivativeMean ;
    afo:value 0 .

_:0fa65a5d-bdad-4a64-90cf-a46bf4d51310 a essentia:Mean ;
    afo:value 6.79291e+00 .

_:1008c619-5b23-4b11-b308-d77f4140c98e a essentia:Maximum ;
    afo:value 3.644373e-01 .

_:107b702e-9c55-4d75-bc5e-df40ebe37773 a essentia:Median ;
    afo:values ( 9.806081e-02 2.639132e-01 3.495781e-01 7.515582e-02 2.963253e-02 2.510731e-03 ) .

_:12f0a9c8-1487-42cd-a9bf-74190a9a3557 a essentia:Maximum ;
    afo:value 1.399168e-02 .

_:12fa5afb-2a6f-481a-9125-4bd23a71a037 a essentia:DerivativeVariance ;
    afo:value 5.43713e-04 .

_:1340863a-0a59-4c63-9ba6-d18e19974ff4 a essentia:Variance ;
    afo:value 5.274543e+00 .

_:135583fc-11ef-4d75-b3cb-f5bfed27b103 a essentia:SecondDerivativeVariance ;
    afo:value 9.862634e-06 .

_:139d7071-3ae8-4ae5-b24f-18a19304ec24 a essentia:SecondDerivativeVariance ;
    afo:value 1.416981e+05 .

_:13e2f59f-22b5-4d28-b42c-668d2d76233f a essentia:Maximum ;
    afo:value 2.562604e+01 .

_:13f3f900-63ac-4b3a-b030-ffbfbb7acb2c a essentia:DerivativeVariance ;
    afo:value 7.405022e+01 .

_:13f4d8b3-2812-486a-84a9-6c34c0596cd8 a essentia:Median ;
    afo:value 2.483612e-03 .

_:1411630f-b3fa-47c8-9424-4e0d402cb3e8 a essentia:Mean ;
    afo:value 9.275774e-03 .

_:1568db28-be87-4ef5-a4c6-3c95a37b62a6 a essentia:Mean ;
    afo:value 3.339389e-01 .

_:15e2c025-0282-44b6-9f86-499f6f74269c a essentia:Dissonance ;
    event:time _:97e34036-6773-4d86-b756-6f95d367c8cc ;
    afo:computed_by _:LowLevelExtractor ;
    afo:feature _:02e78eb6-8c19-4727-8f52-29c3537ed45e,
        [ a essentia:Minimum ;
            afo:value 8.957411e-02 ],
        [ a essentia:SecondDerivativeMean ;
            afo:value 4.915917e-02 ],
        [ a essentia:Mean ;
            afo:value 4.330022e-01 ],
        [ a essentia:Median ;
            afo:value 4.437173e-01 ],
        [ a essentia:SecondDerivativeVariance ;
            afo:value 2.493724e-03 ],
        [ a essentia:DerivativeVariance ;
            afo:value 9.316463e-04 ],
        [ a essentia:DerivativeMean ;
            afo:value 2.885492e-02 ],
        [ a essentia:Maximum ;
            afo:value 5.000001e-01 ] .

_:16412ebd-bb5c-4376-9de4-e6a8b1bf8dc8 a essentia:Variance ;
    afo:values ( 4.882891e-02 3.850893e-02 5.763464e-02 1.28207e-02 9.807242e-03 4.61422e-03 ) .

_:1651feb9-726a-46e4-9ecd-3a7cbe22e898 a essentia:DerivativeMean ;
    afo:value 3.070984e+00 .

_:16dee63d-9e36-4da4-9b57-a74f256092c7 a essentia:SecondDerivativeMean ;
    afo:value 5.371627e-03 .

_:16e6703e-d5d7-408e-8514-297545d9fbff a essentia:Maximum ;
    afo:value 3.905388e-01 .

_:171206a9-1ff5-4244-8652-8ae40af0f944 a essentia:Maximum ;
    afo:value 0 .

_:18665c86-bc27-42f2-8fb2-9d326adb2eeb a essentia:Median ;
    afo:value 1 .

_:1897b4ec-ecc5-42d5-8b16-714bb50ab1bf a essentia:DerivativeVariance ;
    afo:value 854859 .

_:18b7cf17-1209-4b1e-8bf3-bf6c8e71f1bd a essentia:SecondDerivativeVariance ;
    afo:value 8.757303e-05 .

_:196bf6ee-e506-4a95-a05d-bdf3f03906f6 rdf:first 1.588652e-07 ;
    rdf:rest ( 8.57026e-05 2.409191e-04 3.631008e-04 1.533896e-03 1.738973e-03 1.893617e-03 2.168084e-03 1.497398e-03 2.446325e-04 3.150115e-04 6.13405e-04 3.337192e-04 2.012455e-04 1.7881e-04 2.886214e-04 3.825687e-04 4.020963e-04 9.741963e-05 5.208668e-06 3.410627e-06 1.133423e-05 2.327183e-05 4.276698e-05 7.994664e-06 7.865464e-07 2.727985e-08 ) .

_:1996301c-f096-4bb9-a6b2-77ea48e1ebe6 a essentia:Mean ;
    afo:value 144 .

_:19c84883-592d-4832-a116-64070ab56672 a essentia:Danceability ;
    event:time _:97e34036-6773-4d86-b756-6f95d367c8cc ;
    afo:value 9.674847e-01 .

_:19cc9487-08c5-49e8-9574-e233219182fb a essentia:SecondDerivativeMean ;
    afo:value 6.170813e+00 .

_:1a751e73-a7e1-4a65-afb5-7ce30b144797 a essentia:SecondDerivativeMean ;
    afo:value 3.030057e-02 .

_:1b23167e-b8f9-4f13-8743-36cb4bef7453 a essentia:PitchSalience ;
    event:time _:97e34036-6773-4d86-b756-6f95d367c8cc ;
    afo:computed_by _:LowLevelExtractor ;
    afo:feature [ a essentia:SecondDerivativeVariance ;
            afo:value 9.597442e-03 ],
        [ a essentia:DerivativeMean ;
            afo:value 6.834116e-02 ],
        [ a essentia:Mean ;
            afo:value 5.546725e-01 ],
        [ a essentia:Maximum ;
            afo:value 8.203196e-01 ],
        [ a essentia:Minimum ;
            afo:value 1.351751e-01 ],
        [ a essentia:Variance ;
            afo:value 1.861198e-02 ],
        [ a essentia:DerivativeVariance ;
            afo:value 3.752245e-03 ],
        [ a essentia:SecondDerivativeMean ;
            afo:value 1.090221e-01 ],
        [ a essentia:Median ;
            afo:value 5.790862e-01 ] .

_:1b5c7e37-72ce-450e-a873-03a7926a1cff a essentia:MelBands ;
    event:time _:97e34036-6773-4d86-b756-6f95d367c8cc ;
    afo:computed_by _:LowLevelExtractor ;
    afo:feature [ a essentia:Skewness ;
            afo:feature _:1340863a-0a59-4c63-9ba6-d18e19974ff4,
                [ a essentia:Median ;
                    afo:value 1.656276e+00 ],
                [ a essentia:Maximum ;
                    afo:value 1.353494e+01 ],
                [ a essentia:SecondDerivativeMean ;
                    afo:value 9.297141e-01 ],
                [ a essentia:SecondDerivativeVariance ;
                    afo:value 1.229488e+00 ],
                [ a essentia:Minimum ;
                    afo:value -2.145479e+00 ],
                [ a essentia:Mean ;
                    afo:value 2.233725e+00 ],
                [ a essentia:DerivativeVariance ;
                    afo:value 4.692787e-01 ],
                [ a essentia:DerivativeMean ;
                    afo:value 5.816631e-01 ] ] .

_:1b6ec246-b58a-4140-810f-d0cef1570786 a essentia:Mean ;
    afo:values ( -6.209347e-01 -7.186753e-01 -7.73355e-01 -7.821237e-01 -7.23959e-01 -8.337579e-01 ) .

_:1bd85808-0ee0-4327-adb3-86f0701caf10 a essentia:DerivativeVariance ;
    afo:values ( 1.212484e-01 9.517581e-02 7.134733e-02 8.97712e-02 7.864949e-02 1.123463e-01 ) .

_:1c1127a7-0f4d-4cda-8e76-5e64c0a029d5 a essentia:Median ;
    afo:values ( -6.075751e-01 -7.19414e-01 -7.801415e-01 -7.851022e-01 -7.326583e-01 -8.372033e-01 ) .

_:1c59c5a3-fb7d-4f4f-b636-e194c49549fe a essentia:Mean ;
    afo:value 0 .

_:1cc509cc-4e6e-48ca-90c5-c51966f00d4e a essentia:Median ;
    afo:values ( 2.069085e-04 4.825265e-03 4.069194e-02 1.536397e-01 5.884689e-01 1.715015e+00 2.566379e+00 3.889718e+00 6.235188e+00 6.629011e+00 6.890583e+00 3.839886e+00 2.40689e+00 1.892357e+00 2.274925e+00 2.691184e+00 1.956133e+00 1.291092e+00 1.133752e+00 1.303299e+00 1.292925e+00 1.201725e+00 7.910485e-01 3.422118e-01 9.869084e-02 2.687734e-02 1.238886e-02 7.643489e-03 6.000666e-03 4.875814e-03 3.448739e-03 3.335869e-03 2.389938e-03 8.302121e-04 2.718249e-04 1.116601e-04 4.628241e-05 1.34023e-05 6.82003e-06 7.97127e-06 ) .

_:1ccc4d2b-7d60-4e23-95af-afc660aedbb4 a essentia:Mean ;
    afo:value 1.430688e+01 .

_:1ceb591d-27c5-4af7-a5c4-6d574db0d0a0 rdf:first 6.153288e-01 ;
    rdf:rest ( 1.253878e+00 1.892426e+00 2.542585e+00 3.192744e+00 3.854512e+00 4.539501e+00 5.22449e+00 5.909478e+00 6.606077e+00 7.302676e+00 8.045714e+00 8.788753e+00 9.462132e+00 1.01239e+01 1.076245e+01 1.1401e+01 1.196989e+01 1.253878e+01 1.310766e+01 1.360689e+01 1.409451e+01 1.458213e+01 1.502331e+01 1.54761e+01 1.592889e+01 1.634685e+01 1.676481e+01 1.719438e+01 1.762395e+01 1.80419e+01 1.844825e+01 1.886621e+01 1.929578e+01 1.971374e+01 2.01317e+01 2.054966e+01 2.09444e+01 2.133914e+01 2.172227e+01 2.211701e+01 2.251175e+01 2.290648e+01 2.328961e+01 2.368435e+01 2.407909e+01 2.445061e+01 2.483374e+01 2.521687e+01 2.558839e+01 2.595991e+01 2.633143e+01 2.671456e+01 2.709769e+01 2.746921e+01 2.784072e+01 2.822385e+01 2.868825e+01 2.914104e+01 2.959383e+01 3.004662e+01 3.04878e+01 3.094059e+01 3.139338e+01 3.185778e+01 3.232218e+01 3.279818e+01 3.327419e+01 3.376181e+01 3.420299e+01 3.463256e+01 3.508535e+01 3.552653e+01 3.594449e+01 3.637406e+01 3.680363e+01 3.72332e+01 3.766277e+01 3.808073e+01 3.847546e+01 3.888181e+01 3.928816e+01 3.96829e+01 4.007764e+01 4.048399e+01 4.087873e+01 4.127347e+01 4.16566e+01 4.205134e+01 4.245769e+01 4.286404e+01 4.328199e+01 4.369995e+01 4.41063e+01 4.451265e+01 4.488417e+01 4.525569e+01 4.562721e+01 4.599873e+01 4.641669e+01 4.682304e+01 4.722939e+01 4.762413e+01 4.801886e+01 4.840199e+01 4.879673e+01 4.917986e+01 4.956299e+01 4.995773e+01 5.034086e+01 5.071238e+01 5.10839e+01 5.145542e+01 5.182694e+01 5.217524e+01 5.253514e+01 5.289505e+01 5.325497e+01 5.361488e+01 5.396317e+01 5.429986e+01 5.464816e+01 5.498485e+01 5.530993e+01 5.564662e+01 5.598331e+01 5.630839e+01 5.664508e+01 5.699338e+01 5.734168e+01 5.768998e+01 5.809632e+01 5.849107e+01 5.88858e+01 5.929215e+01 5.971011e+01 6.011646e+01 6.053442e+01 6.099882e+01 6.146322e+01 6.192762e+01 6.239202e+01 6.280997e+01 6.322794e+01 6.364589e+01 6.406385e+01 6.448181e+01 6.489977e+01 6.531773e+01 ) .

_:1dc0a139-0bd5-446a-a8d7-aa12cf176f9d a essentia:SecondDerivativeMean ;
    afo:values ( 1.572827e-05 8.923264e-05 1.471947e-04 1.864451e-04 2.77062e-04 2.623103e-04 3.236688e-04 3.51455e-04 3.299141e-04 1.636727e-04 5.318678e-05 2.736323e-05 4.554853e-05 8.106945e-05 4.380968e-05 3.282577e-05 2.33162e-05 1.799397e-05 1.396012e-05 1.15429e-05 1.965254e-05 1.593181e-05 1.313477e-05 1.425275e-05 7.076748e-06 1.755274e-06 4.421011e-07 9.741741e-08 1.036149e-07 8.974905e-08 1.284915e-07 2.179046e-07 3.363315e-07 5.923979e-07 5.762617e-07 6.382094e-07 7.580583e-07 8.220974e-07 3.766198e-07 1.569108e-07 ) .

_:1dfc6302-0ff1-4dd3-a2f2-6f0d877583e7 a essentia:DerivativeVariance ;
    afo:values ( 3.833619e-02 2.409537e-02 2.243025e-02 2.82906e-02 2.693693e-02 2.300099e-02 2.697821e-02 2.440987e-02 3.153854e-02 3.689376e-02 3.780928e-02 4.587187e-02 5.014755e-02 3.751888e-02 2.985383e-02 3.169715e-02 2.962665e-02 2.675008e-02 3.377703e-02 2.983944e-02 2.409003e-02 2.976938e-02 2.122458e-02 2.44755e-02 3.074253e-02 1.82137e-02 1.926932e-02 2.843811e-02 1.894029e-02 2.594561e-02 4.003286e-02 2.970186e-02 4.061941e-02 5.05864e-02 3.743671e-02 3.602426e-02 ) .

_:1e466016-6662-4609-9e80-2d2f0527188d a essentia:DerivativeMean ;
    afo:value 5.528987e+00 .

_:1e5f29d4-ebda-4bf6-993c-46eff7716860 a essentia:Maximum ;
    afo:values ( 3.650637e-04 3.040733e-03 2.976591e-03 6.358312e-03 2.078822e-02 2.625358e-02 1.884548e-02 3.564617e-02 2.788395e-02 1.17307e-02 5.103941e-03 2.301083e-03 2.470203e-03 3.360958e-03 2.446562e-03 2.742232e-03 2.512443e-03 2.053784e-03 7.849963e-04 1.071952e-03 6.347881e-04 7.22296e-04 3.864766e-04 6.455507e-04 3.845013e-04 1.643268e-04 3.499861e-05 5.129082e-06 7.043114e-06 7.152737e-06 1.755174e-05 2.865585e-05 7.773016e-05 2.162899e-04 1.834996e-04 2.32521e-04 2.495404e-04 3.213387e-04 1.542831e-04 6.406364e-05 ) .

_:2032f7a5-50fa-432b-bb3b-8230955a28bf a essentia:Mean ;
    afo:value 1.007178e+03 .

_:206c9e9e-ca91-478b-89ed-aeebfc405b90 a essentia:DerivativeMean ;
    afo:values ( 5.259657e-04 1.676569e-02 1.391197e-01 4.516721e-01 1.21522e+00 2.427378e+00 6.02831e+00 7.620173e+00 1.352519e+01 2.081704e+01 2.785796e+01 1.968971e+01 7.285955e+00 4.678816e+00 1.061027e+01 1.443061e+01 9.574398e+00 7.186744e+00 6.216597e+00 4.895004e+00 8.960459e+00 8.846051e+00 8.839321e+00 5.322193e+00 1.111151e+00 1.43837e-01 1.029432e-01 1.192132e-01 2.706039e-01 5.129085e-01 5.736766e-01 6.899645e-01 5.839882e-01 1.439436e-01 2.374086e-02 5.244967e-03 5.313762e-04 2.666807e-05 3.82423e-06 4.801633e-06 ) .

_:20f8ed22-5227-4771-a89d-7c2b8d89ebb3 a essentia:Minimum ;
    afo:value 1 .

_:20ff15d2-1223-48a8-82ff-0119354647ad a essentia:Mean ;
    afo:value 1.418919e-01 .

_:218a84d4-40c9-4cfb-bc4f-003706d98dc2 a essentia:Maximum ;
    afo:value 1 .

_:21ab7d0f-0aa7-48a0-977c-aeb32940ff32 a essentia:DerivativeVariance ;
    afo:value 5.132989e-06 .

_:21fe5c7a-4e25-4ef4-adc4-18ffd2888bd0 a essentia:Variance ;
    afo:values ( 1.532182e-02 1.011695e-02 6.611288e-03 5.313094e-03 1.595589e-02 2.441277e-03 ) .

_:225e9b7a-6473-4fa5-8edc-a99dcbce54aa a essentia:SecondDerivativeVariance ;
    afo:values ( 9.441237e-02 6.455269e-02 6.278638e-02 6.404584e-02 7.249743e-02 6.400999e-02 6.775423e-02 6.282469e-02 8.47104e-02 9.527206e-02 1.052478e-01 1.255076e-01 1.27564e-01 1.04072e-01 7.959349e-02 8.685337e-02 8.003534e-02 6.723002e-02 7.708714e-02 8.611516e-02 6.623761e-02 8.060414e-02 5.820464e-02 6.265274e-02 6.658676e-02 5.004095e-02 5.099392e-02 6.558307e-02 5.07802e-02 7.290286e-02 1.151153e-01 8.357807e-02 1.099813e-01 1.271983e-01 9.806927e-02 9.602889e-02 ) .

_:228d52bd-87c5-4ab8-a2a5-d8a0a9e066a3 a essentia:Maximum ;
    afo:value -6.809989e-17 .

_:22d8c05f-426c-4386-a0a0-bd9259cd614a rdf:first 3.004111e-01 ;
    rdf:rest ( 1.997298e-01 1.357281e-01 1.598308e-01 1.42481e-01 1.837846e-01 ) .

_:22f87fc2-f1f7-4b34-b00b-41d2f451822a a essentia:SecondDerivativeVariance ;
    afo:value 2.610938e+02 .

_:2329a6c4-4b9c-4bc4-8653-7904e0ef39a1 a essentia:Mean ;
    afo:value 1.55786e+01 .

_:23458535-0848-4486-ba92-a4c99a6bcfae a essentia:Median ;
    afo:value 2.090721e+01 .

_:235973ab-1f23-47e0-8e86-dbe7382ce560 a essentia:SecondDerivativeMean ;
    afo:value 2.524068e-02 .

_:2396e01a-1362-401f-992e-e7b5433252a6 a essentia:Median ;
    afo:values _:00be8bd3-b375-4400-99f0-c260d0902183 .

_:24444105-6c70-4b0f-b670-8e4618bc1af8 a essentia:DerivativeMean ;
    afo:value 2.639531e-04 .

_:24c553b9-1f03-4e56-a310-ac0a5cd0a042 a essentia:SecondDerivativeMean ;
    afo:value 6.850852e+05 .

_:253d04dd-98ed-4b1b-849a-768b50b79b26 a essentia:BarkBands ;
    event:time _:97e34036-6773-4d86-b756-6f95d367c8cc ;
    afo:computed_by _:LowLevelExtractor ;
    afo:feature _:0d6408ff-3712-4035-90d7-78ef6a24799b,
        [ a essentia:DerivativeMean ;
            afo:values ( 1.406831e-07 5.383584e-05 1.587573e-04 2.137168e-04 6.927163e-04 8.92862e-04 1.086628e-03 1.200442e-03 8.244808e-04 1.617942e-04 2.055929e-04 4.321972e-04 2.303213e-04 1.561777e-04 1.126314e-04 1.552819e-04 1.75867e-04 1.782059e-04 5.038482e-05 3.849296e-06 2.52053e-06 8.550433e-06 2.071738e-05 3.515684e-05 6.912428e-06 5.896111e-07 5.985643e-09 ) ],
        [ a essentia:Minimum ;
            afo:values ( 5.475111e-11 7.318474e-11 3.709767e-11 2.592019e-11 2.614143e-11 7.070556e-12 1.121747e-11 8.1171e-12 2.850894e-12 4.801276e-12 1.826487e-12 1.506309e-12 8.587337e-13 1.661183e-12 8.263932e-13 9.573051e-13 8.030134e-13 7.396586e-13 7.217552e-13 6.128046e-13 5.928371e-13 5.933687e-13 1.723519e-12 8.393519e-13 1.058615e-12 1.059182e-12 9.721134e-13 ) ],
        [ a essentia:SecondDerivativeMean ;
            afo:values ( 2.503658e-07 8.764445e-05 2.633939e-04 3.350792e-04 1.042007e-03 1.34071e-03 1.674713e-03 1.742023e-03 1.223167e-03 2.538852e-04 3.102545e-04 6.739095e-04 3.594743e-04 2.534075e-04 1.770568e-04 2.37476e-04 2.628291e-04 2.66842e-04 8.06372e-05 6.236296e-06 4.046173e-06 1.396847e-05 3.517527e-05 6.017358e-05 1.110721e-05 9.325945e-07 9.058354e-09 ) ],
        [ a essentia:DerivativeVariance ;
            afo:values ( 3.640622e-14 1.948844e-08 2.248816e-07 2.51175e-07 3.00739e-06 8.070687e-06 1.492929e-05 2.146432e-05 9.352884e-06 4.714472e-07 6.367083e-07 2.559275e-06 7.590575e-07 6.717029e-07 2.462611e-07 1.912829e-07 2.083083e-07 2.325104e-07 2.374644e-08 4.190911e-10 2.25287e-10 7.132612e-09 9.585882e-08 3.45319e-07 1.002797e-08 4.336871e-11 5.412828e-16 ) ],
        [ a essentia:Median ;
            afo:values ( 1.101219e-07 1.36089e-05 3.681946e-05 5.898044e-05 5.511274e-04 4.056452e-04 3.957515e-04 2.75759e-04 1.382416e-04 4.710243e-05 3.800445e-05 6.495306e-05 3.369279e-05 2.089277e-05 1.931901e-05 2.13738e-05 1.995228e-05 1.162497e-05 3.027199e-06 3.481891e-07 1.968808e-07 1.468289e-07 1.18547e-07 1.477774e-07 5.131265e-08 2.370437e-08 1.560954e-08 ) ],
        [ a essentia:Mean ;
            afo:values _:196bf6ee-e506-4a95-a05d-bdf3f03906f6 ],
        [ a essentia:SecondDerivativeVariance ;
            afo:values ( 9.504888e-14 5.292442e-08 6.442438e-07 6.48592e-07 5.300881e-06 1.41916e-05 2.957238e-05 3.618426e-05 1.801209e-05 1.106955e-06 1.284522e-06 5.810585e-06 1.785083e-06 1.820202e-06 6.277378e-07 4.252414e-07 4.171848e-07 4.706771e-07 6.080415e-08 1.148342e-09 5.900565e-10 2.004576e-08 2.842757e-07 1.011827e-06 2.702355e-08 1.138659e-10 1.470382e-15 ) ],
        [ a essentia:Maximum ;
            afo:values ( 4.871116e-06 2.288408e-03 7.697199e-03 6.976755e-03 8.162723e-02 1.083738e-01 1.376746e-01 1.545549e-01 8.451702e-02 2.655125e-02 2.489836e-02 2.572122e-02 2.056243e-02 2.245389e-02 1.639155e-02 1.167058e-02 1.092851e-02 9.004284e-03 4.132851e-03 5.541804e-04 4.482011e-04 2.932373e-03 1.263873e-02 2.310089e-02 4.039081e-03 2.532983e-04 9.972855e-07 ) ] .

_:260dd14e-a99a-49ea-8df3-2dfbc51350c6 a essentia:SecondDerivativeVariance ;
    afo:value 8.579013e+01 .

_:2692b029-c165-458d-b5e9-dc31a6af8fb3 a essentia:Median ;
    afo:value 1.659625e+00 .

_:26a30949-3e29-4bd8-9ca7-4d80d925dc90 a essentia:SecondDerivativeMean ;
    afo:value 9.896702e+00 .

_:2809ab88-f5d0-46ee-b2be-5fdb2092d6f0 a essentia:SecondDerivativeMean ;
    afo:value 2.473142e-02 .

_:2901daa6-098a-4911-8159-f125b7b3cb10 a essentia:GFCC ;
    event:time _:97e34036-6773-4d86-b756-6f95d367c8cc ;
    afo:computed_by _:LowLevelExtractor ;
    afo:feature _:0e92103f-0001-49e5-bbcc-adfd091c641d,
        [ a essentia:Covariance ;
            afo:dimensions ( 13 13 ) ;
            afo:values ( 2.443859e+04 3.44221e+03 -6.657721e+03 -6.37586e+02 -1.209776e+03 -1.285381e+03 -2.3186e+03 1.122281e+02 5.070841e+01 -2.044914e+03 4.13237e+02 -7.341354e+02 -2.938524e+02 3.44221e+03 3.880755e+03 -8.73791e+02 -1.184955e+03 4.557673e+02 -8.203051e+02 6.380658e+01 -4.897934e+02 -2.516624e+01 -2.040532e+02 -1.077934e+02 -2.364694e+02 6.519527e+01 -6.657721e+03 -8.73791e+02 2.411713e+03 2.907703e+02 1.056162e+02 5.277724e+02 6.219171e+02 -1.248154e+02 -5.2787e+01 6.521111e+02 -1.602914e+02 1.982828e+02 7.065162e+01 -6.37586e+02 -1.184955e+03 2.907703e+02 6.808996e+02 -8.640759e+01 2.706054e+02 3.447212e+01 8.738239e+01 8.879991e+00 7.123694e+01 -1.687609e+00 3.152654e+01 -4.621098e+00 -1.209776e+03 4.557673e+02 1.056162e+02 -8.640759e+01 6.736843e+02 -4.106859e+01 8.958894e+01 1.548684e+01 4.569628e+01 7.816019e+01 -3.955982e+01 -3.693974e+01 3.364895e+01 -1.285381e+03 -8.203051e+02 5.277724e+02 2.706054e+02 -4.106859e+01 4.457851e+02 2.399047e+01 8.546091e+01 1.470159e+01 1.201533e+02 6.476262e+00 4.637926e+01 -1.428277e+01 -2.3186e+03 6.380658e+01 6.219171e+02 3.447212e+01 8.958894e+01 2.399047e+01 7.151317e+02 -1.522381e+02 -7.089227e+01 2.887867e+02 -1.416305e+02 6.449647e+01 1.089732e+02 1.122281e+02 -4.897934e+02 -1.248154e+02 8.738239e+01 1.548684e+01 8.546091e+01 -1.522381e+02 3.030252e+02 5.084633e+01 -1.339859e+02 7.157693e+01 3.474117e+01 -4.047564e+01 5.070841e+01 -2.516624e+01 -5.2787e+01 8.879991e+00 4.569628e+01 1.470159e+01 -7.089227e+01 5.084633e+01 1.086724e+02 -3.539128e+00 2.907073e+01 -2.952933e-01 -2.08921e+01 -2.044914e+03 -2.040532e+02 6.521111e+02 7.123694e+01 7.816019e+01 1.201533e+02 2.887867e+02 -1.339859e+02 -3.539128e+00 3.56434e+02 -6.179997e+01 2.795871e+01 4.189089e+01 4.13237e+02 -1.077934e+02 -1.602914e+02 -1.687609e+00 -3.955982e+01 6.476262e+00 -1.416305e+02 7.157693e+01 2.907073e+01 -6.179997e+01 1.286814e+02 1.480937e+01 -4.494056e+01 -7.341354e+02 -2.364694e+02 1.982828e+02 3.152654e+01 -3.693974e+01 4.637926e+01 6.449647e+01 3.474117e+01 -2.952933e-01 2.795871e+01 1.480937e+01 1.102261e+02 1.234644e+01 -2.938524e+02 6.519527e+01 7.065162e+01 -4.621098e+00 3.364895e+01 -1.428277e+01 1.089732e+02 -4.047564e+01 -2.08921e+01 4.189089e+01 -4.494056e+01 1.234644e+01 9.253168e+01 ) ],
        [ a essentia:InverseCovariance ;
            afo:dimensions ( 13 13 ) ;
            afo:values ( 8.093624e-04 -1.379938e-03 1.980717e-03 -1.715339e-03 1.707991e-03 -1.088772e-03 1.170271e-03 -9.963765e-04 9.009956e-04 -6.631067e-04 6.27909e-04 8.829803e-05 1.381278e-04 -1.379938e-03 3.806078e-03 -3.681823e-03 4.621575e-03 -3.623801e-03 2.735186e-03 -2.480391e-03 3.827924e-03 -2.533677e-03 3.073735e-03 -1.331375e-03 1.604959e-03 -5.10735e-04 1.980717e-03 -3.681823e-03 6.255148e-03 -4.47082e-03 4.190211e-03 -3.809178e-03 2.902369e-03 -3.001586e-03 3.033658e-03 -3.890412e-03 2.658262e-03 -1.903214e-03 1.033375e-03 -1.715339e-03 4.621575e-03 -4.47082e-03 7.628325e-03 -4.190851e-03 2.200792e-03 -3.144702e-03 4.096236e-03 -3.079254e-03 3.383316e-03 -1.382142e-03 1.968126e-03 -7.108686e-04 1.707991e-03 -3.623801e-03 4.190211e-03 -4.190851e-03 5.761886e-03 -2.408682e-03 2.563614e-03 -3.846148e-03 1.530862e-03 -2.776752e-03 1.686977e-03 4.272134e-04 -2.349661e-04 -1.088772e-03 2.735186e-03 -3.809178e-03 2.200792e-03 -2.408682e-03 6.43099e-03 -1.331482e-03 1.319317e-03 -1.874654e-03 1.444549e-03 -1.35268e-03 1.532133e-03 -2.912734e-04 1.170271e-03 -2.480391e-03 2.902369e-03 -3.144702e-03 2.563614e-03 -1.331482e-03 4.83841e-03 -2.23484e-03 2.821111e-03 -3.49829e-03 2.748551e-03 -1.928284e-03 -9.096576e-04 -9.963765e-04 3.827924e-03 -3.001586e-03 4.096236e-03 -3.846148e-03 1.319317e-03 -2.23484e-03 1.039894e-02 -4.400617e-03 6.717218e-03 -2.611925e-03 6.216191e-04 3.204308e-05 9.009956e-04 -2.533677e-03 3.033658e-03 -3.079254e-03 1.530862e-03 -1.874654e-03 2.821111e-03 -4.400617e-03 1.350353e-02 -4.709512e-03 3.485962e-04 -1.979219e-03 1.697318e-03 -6.631067e-04 3.073735e-03 -3.890412e-03 3.383316e-03 -2.776752e-03 1.444549e-03 -3.49829e-03 6.717218e-03 -4.709512e-03 1.199713e-02 -2.654965e-03 4.031071e-03 -1.16313e-03 6.27909e-04 -1.331375e-03 2.658262e-03 -1.382142e-03 1.686977e-03 -1.35268e-03 2.748551e-03 -2.611925e-03 3.485962e-04 -2.654965e-03 1.356349e-02 -4.315718e-03 4.075662e-03 8.829803e-05 1.604959e-03 -1.903214e-03 1.968126e-03 4.272134e-04 1.532133e-03 -1.928284e-03 6.216191e-04 -1.979219e-03 4.031071e-03 -4.315718e-03 1.630768e-02 -3.21876e-03 1.381278e-04 -5.10735e-04 1.033375e-03 -7.108686e-04 -2.349661e-04 -2.912734e-04 -9.096576e-04 3.204308e-05 1.697318e-03 -1.16313e-03 4.075662e-03 -3.21876e-03 1.522561e-02 ) ] .

_:2981f095-8f62-445d-8a62-d39b2a3c16c3 a essentia:StrongPeak ;
    event:time _:97e34036-6773-4d86-b756-6f95d367c8cc ;
    afo:computed_by _:LowLevelExtractor ;
    afo:feature _:040891f3-f200-421f-a402-2284d1703575,
        [ a essentia:Minimum ;
            afo:value 0 ],
        [ a essentia:Median ;
            afo:value 4.773301e-01 ],
        [ a essentia:Maximum ;
            afo:value 1.008669e+01 ],
        [ a essentia:Variance ;
            afo:value 1.321669e+00 ],
        [ a essentia:DerivativeMean ;
            afo:value 3.976676e-01 ],
        [ a essentia:SecondDerivativeMean ;
            afo:value 6.417198e-01 ],
        [ a essentia:DerivativeVariance ;
            afo:value 5.67504e-01 ],
        [ a essentia:SecondDerivativeVariance ;
            afo:value 1.528935e+00 ] .

_:29d6b411-8857-43e6-9334-da7964b5e791 a essentia:Minimum ;
    afo:value 0 .

_:2a1416b0-f0aa-42b3-b9c4-c51ffbba2490 a essentia:Maximum ;
    afo:value 1.348391e+02 .

_:2aa2aeac-7cd6-4345-b85b-45bff6c79e31 a essentia:DerivativeMean ;
    afo:value 4.212004e-03 .

_:2b8b6409-81ee-47ed-8fcd-9ae3b3330475 a essentia:MelBands ;
    event:time _:97e34036-6773-4d86-b756-6f95d367c8cc ;
    afo:computed_by _:LowLevelExtractor ;
    afo:feature [ a essentia:FlatnessDB ;
            afo:feature _:02f7edc8-ad94-4ba5-bedc-fa703606b9a2,
                [ a essentia:DerivativeMean ;
                    afo:value 2.257453e-02 ],
                [ a essentia:Maximum ;
                    afo:value 5.151367e-01 ],
                [ a essentia:Minimum ;
                    afo:value 3.569822e-02 ],
                [ a essentia:SecondDerivativeMean ;
                    afo:value 3.390785e-02 ],
                [ a essentia:Mean ;
                    afo:value 2.921835e-01 ],
                [ a essentia:DerivativeVariance ;
                    afo:value 5.219719e-04 ],
                [ a essentia:Variance ;
                    afo:value 6.534341e-03 ],
                [ a essentia:Median ;
                    afo:value 2.823558e-01 ] ] .

_:2bf1a083-c3a5-465b-8dba-bf3799a09155 rdf:first 8.809571e-02 ;
    rdf:rest ( 6.908024e-02 7.665265e-02 8.325427e-02 8.529892e-02 7.113801e-02 7.231076e-02 7.227e-02 9.218723e-02 9.859321e-02 1.05106e-01 1.371786e-01 1.508336e-01 1.230251e-01 8.423775e-02 7.819489e-02 7.699194e-02 9.183156e-02 1.048683e-01 9.754071e-02 7.979096e-02 7.905571e-02 7.370146e-02 8.410115e-02 8.575014e-02 7.260533e-02 7.457066e-02 8.296861e-02 7.218935e-02 7.778188e-02 1.007524e-01 8.728182e-02 1.331872e-01 1.489718e-01 1.223978e-01 9.737635e-02 ) .

_:2c06adec-17c5-48c4-af66-4848b213869a a essentia:FirstPeakWeight ;
    event:time _:97e34036-6773-4d86-b756-6f95d367c8cc ;
    afo:computed_by _:LowLevelExtractor ;
    afo:feature _:20ff15d2-1223-48a8-82ff-0119354647ad,
        [ a essentia:Maximum ;
            afo:value 1.418919e-01 ],
        [ a essentia:Median ;
            afo:value 1.418919e-01 ],
        [ a essentia:SecondDerivativeVariance ;
            afo:value 0 ],
        [ a essentia:Minimum ;
            afo:value 1.418919e-01 ],
        [ a essentia:SecondDerivativeMean ;
            afo:value 0 ],
        [ a essentia:Variance ;
            afo:value 0 ],
        [ a essentia:DerivativeVariance ;
            afo:value 0 ],
        [ a essentia:DerivativeMean ;
            afo:value 0 ] .

_:2cad1255-87bb-4764-a847-5f3f94d9d22e a essentia:Variance ;
    afo:value 4.753384e+01 .

_:2d394d84-1429-4889-82eb-3843c941d010 a essentia:SecondDerivativeMean ;
    afo:value 1.327531e-09 .

_:2d8b72a0-126e-416a-a96a-e6c61a790c02 a essentia:DerivativeMean ;
    afo:value 3.95301e-01 .

_:2db3bef3-b335-4c3c-bd80-42ead81bd091 a essentia:Minimum ;
    afo:value 1.464691e-11 .

_:2e998466-3f89-440b-9d76-24b9f7a1d95c rdf:first 9.344115e-01 ;
    rdf:rest ( 8.854899e-01 9.592918e-01 6.340958e-01 5.450053e-01 7.393944e-01 ) .

_:2ed4b993-dfc2-42c6-aad3-5e440f04e53c a essentia:Variance ;
    afo:value 4.454417e+02 .

_:2f7b2294-c0ec-4e38-a7a4-441ed353e3d4 a essentia:Mean ;
    afo:value 1.675192e+00 .

_:2f88f39d-a730-4059-b757-de62f96b7e58 a essentia:Maximum ;
    afo:values ( 1 1 1 1 1 1 1 1 1 1 1 1 1 1 1 1 1 1 1 1 1 1 1 1 1 1 1 1 1 1 1 1 1 1 1 1 ) .

_:3000e1fe-84cd-4dd1-9794-507032898002 a essentia:Kurtosis ;
    afo:feature _:1651feb9-726a-46e4-9ecd-3a7cbe22e898,
        _:260dd14e-a99a-49ea-8df3-2dfbc51350c6,
        [ a essentia:Median ;
            afo:value 2.678811e+00 ],
        [ a essentia:SecondDerivativeMean ;
            afo:value 4.951971e+00 ],
        [ a essentia:Mean ;
            afo:value 5.574096e+00 ],
        [ a essentia:Maximum ;
            afo:value 1.407202e+02 ],
        [ a essentia:DerivativeVariance ;
            afo:value 3.43357e+01 ],
        [ a essentia:Variance ;
            afo:value 1.016294e+02 ],
        [ a essentia:Minimum ;
            afo:value -1.791906e+00 ] .

_:309c0590-469a-4839-84ab-28ac65621646 a essentia:Mean ;
    afo:value 4.855743e-02 .

_:30fa1ed2-561e-4845-aed8-634c5b24a184 a essentia:DerivativeMean ;
    afo:value 3.258675e-03 .

_:3114932d-4d4d-4bc2-b2c9-e7389bf67bb6 a essentia:Variance ;
    afo:value 3.376736e-04 .

_:311776cb-e43e-4700-9ca0-ccab6242c950 rdf:first 1.748545e-01 ;
    rdf:rest ( 2.812883e-01 3.923261e-01 1.122564e-01 7.622611e-02 1.861682e-02 ) .

_:3159a721-97ea-4d05-9f20-8c893fde4125 a essentia:Mean ;
    afo:value 9.135201e-05 .

_:3186f53c-5bf1-46f3-81db-4686bffc6bd3 a essentia:Skewness ;
    afo:feature _:01e8f383-aed7-4023-8413-a8720f27166c,
        _:2d8b72a0-126e-416a-a96a-e6c61a790c02,
        [ a essentia:Median ;
            afo:value 6.601292e-01 ],
        [ a essentia:Mean ;
            afo:value 7.141013e-01 ],
        [ a essentia:Variance ;
            afo:value 1.475304e+00 ],
        [ a essentia:Minimum ;
            afo:value -3.838767e+00 ],
        [ a essentia:SecondDerivativeMean ;
            afo:value 6.146388e-01 ],
        [ a essentia:SecondDerivativeVariance ;
            afo:value 5.295101e-01 ],
        [ a essentia:DerivativeVariance ;
            afo:value 2.308586e-01 ] .

_:31d473f3-50be-4016-8caf-d25e643aaaf3 a essentia:BarkBands ;
    event:time _:97e34036-6773-4d86-b756-6f95d367c8cc ;
    afo:computed_by _:LowLevelExtractor ;
    afo:feature _:3000e1fe-84cd-4dd1-9794-507032898002 .

_:31f36226-8671-4597-b676-b2f1cc1ecab1 a essentia:ERBBands ;
    event:time _:97e34036-6773-4d86-b756-6f95d367c8cc ;
    afo:computed_by _:LowLevelExtractor ;
    afo:feature [ a essentia:FlatnessDB ;
            afo:feature _:2809ab88-f5d0-46ee-b2be-5fdb2092d6f0,
                [ a essentia:Maximum ;
                    afo:value 4.226068e-01 ],
                [ a essentia:DerivativeMean ;
                    afo:value 1.638068e-02 ],
                [ a essentia:Minimum ;
                    afo:value 2.191364e-02 ],
                [ a essentia:SecondDerivativeVariance ;
                    afo:value 7.502488e-04 ],
                [ a essentia:Median ;
                    afo:value 2.66635e-01 ],
                [ a essentia:Mean ;
                    afo:value 2.45647e-01 ],
                [ a essentia:Variance ;
                    afo:value 7.199697e-03 ],
                [ a essentia:DerivativeVariance ;
                    afo:value 3.768255e-04 ] ] .

_:3351c271-9a56-4f32-80b6-867f1b54f077 a essentia:Median ;
    afo:value 3.859173e+00 .

_:3383ec7b-9d94-43c6-8e3f-fdf492be9c65 a essentia:DerivativeVariance ;
    afo:values ( 1.358104e-06 1.91966e-03 1.860297e-01 1.124319e+00 7.436764e+00 3.609347e+01 2.954237e+02 1.032566e+03 1.990177e+03 8.503067e+03 1.324911e+04 5.918704e+03 8.415583e+02 2.779507e+02 1.490874e+03 3.153732e+03 1.237499e+03 1.275569e+03 7.606296e+02 3.233604e+02 5.42773e+02 5.888195e+02 4.66265e+02 3.032758e+02 1.743638e+01 2.056027e-01 2.433005e-01 6.949831e-01 5.43386e+00 5.029903e+01 6.158164e+01 1.07023e+02 1.101099e+02 5.990728e+00 8.625092e-02 3.775557e-03 3.074476e-05 6.180671e-08 6.086148e-10 1.359899e-10 ) .

_:33cc1bb5-9568-4c3c-ad44-10496206c398 a essentia:SecondDerivativeMean ;
    afo:values ( 1.611299e-01 2.728219e-01 3.232019e-01 1.443933e-01 1.091512e-01 4.079426e-02 ) .

_:33f6145a-a054-4603-b098-d82e806beb24 a essentia:DerivativeVariance ;
    afo:value 6.328805e-05 .

_:33fc80ef-f50d-4056-9525-3de97a8d45c0 a essentia:ChordsStrength ;
    event:time _:97e34036-6773-4d86-b756-6f95d367c8cc ;
    afo:computed_by _:LowLevelExtractor ;
    afo:feature [ a essentia:DerivativeMean ;
            afo:value 1.025615e-02 ],
        [ a essentia:Maximum ;
            afo:value 7.760957e-01 ],
        [ a essentia:Variance ;
            afo:value 9.729606e-03 ],
        [ a essentia:Mean ;
            afo:value 4.946723e-01 ],
        [ a essentia:Median ;
            afo:value 4.839088e-01 ],
        [ a essentia:DerivativeVariance ;
            afo:value 6.966433e-05 ],
        [ a essentia:SecondDerivativeMean ;
            afo:value 9.652897e-03 ],
        [ a essentia:Minimum ;
            afo:value 2.386391e-01 ],
        [ a essentia:SecondDerivativeVariance ;
            afo:value 8.268713e-05 ] .

_:341f0ea4-bb84-4d31-9284-973f245966ff a essentia:DerivativeMean ;
    afo:value 9.532802e-10 .

_:344b4b50-96a5-4615-a5aa-d1eb3776bc69 a essentia:Mean ;
    afo:value 5e-01 .

_:345a0105-b092-47b0-a512-c44c095b10ec rdf:first 8.051524e-02 ;
