@prefix afo: <https://w3id.org/afo/onto/1.1#> .
@prefix dc: <http://purl.org/dc/elements/1.1/> .
@prefix essentia: <http://sovarr.c4dm.eecs.qmul.ac.uk/af/essentia/> .
@prefix event: <http://purl.org/NET/c4dm/event.owl#> .
@prefix foaf: <http://xmlns.com/foaf/0.1/> .
@prefix mo: <http://purl.org/ontology/mo/> .
@prefix rdf: <http://www.w3.org/1999/02/22-rdf-syntax-ns#> .
@prefix rdfs: <http://www.w3.org/2000/01/rdf-schema#> .
@prefix tl: <http://purl.org/NET/c4dm/timeline.owl#> .
@prefix xml: <http://www.w3.org/XML/1998/namespace> .
@prefix xsd: <http://www.w3.org/2001/XMLSchema#> .

<http://musicbrainz.org/release/d1423852-f9e1-456b-a4bb-2bb12c637bd9> a mo:Release ;
    dc:date "2003-10-08" ;
    dc:title "合コン後のファミレスにて" ;
    mo:publisher [ a mo:Label ] ;
    mo:publishing_location "JP" ;
    mo:release_status mo:official ;
    mo:release_type "single" ;
    mo:track <http://musicbrainz.org/recording/a62efe5d-65b8-443a-b234-62b7d8adf1e7> ;
    essentia:asin "B0000CBXY2" ;
    foaf:maker <http://musicbrainz.org/artist/6ca634bb-0f35-4dd8-b34b-e6f0500184c6> .

<04.+ADA+BOY+&+DA+GIRL+(instrumental).mp3> a mo:AudioFile ;
    mo:encodes [ a essentia:Signal ;
            mo:time _:d0c68bac-b3a8-451f-a342-b3f582c3efb3 ;
            essentia:bit_rate "128000"^^xsd:float ;
            essentia:codec "mp3"^^xsd:string ;
            essentia:downmix "mix"^^xsd:string ;
            essentia:equal_loudness "0"^^xsd:float ;
            essentia:lossless false ;
            essentia:md5_encoded "549cfa211963ddfca939d4de282eabae"^^xsd:string ;
            essentia:replay_gain "-11.5088691711"^^xsd:float ] .

<http://musicbrainz.org/artist/6ca634bb-0f35-4dd8-b34b-e6f0500184c6> a mo:MusicArtist ;
    foaf:name "ソニン" .

<http://musicbrainz.org/recording/a62efe5d-65b8-443a-b234-62b7d8adf1e7> a mo:Track ;
    dc:title "ADA BOY & DA GIRL (instrumental)" ;
    mo:available_as <04.+ADA+BOY+&+DA+GIRL+(instrumental).mp3> ;
    mo:genre [ a mo:Genre ] ;
    mo:track_number "4/4" .

[] a essentia:VersionInfo .

_:0000662a-b319-4d61-87ff-ece201aac00f a essentia:Maximum ;
    afo:values ( 7.327154e-02 3.632819e-02 1.708085e-02 7.458615e-03 6.410636e-03 6.747023e-03 5.717645e-03 3.693321e-03 5.50113e-03 6.540639e-03 4.302574e-03 3.417321e-03 1.67812e-03 2.15795e-03 1.565349e-03 1.347367e-03 9.854021e-04 8.897297e-04 8.490809e-04 6.198484e-04 4.603195e-04 3.80711e-04 3.72317e-04 2.890152e-04 2.436479e-04 2.919279e-04 2.155725e-04 1.707745e-04 2.480688e-04 2.115855e-04 2.087527e-04 8.681505e-05 5.184464e-05 4.203518e-05 2.358784e-05 1.623612e-05 5.426951e-06 8.407943e-07 8.402722e-07 6.837096e-07 ) .

_:00216b1b-6139-4be7-a856-0c1fc753ec13 a essentia:Variance ;
    afo:value 0 .

_:0024ca37-468b-4871-832a-eacab7537003 a essentia:SecondDerivativeVariance ;
    afo:values ( 4.321644e-01 4.50276e-01 3.140643e-01 2.702617e-01 3.472173e-01 8.020437e-01 ) .

_:00366fde-e6b9-4c47-b7b7-431588ca4257 a essentia:Crest ;
    afo:feature [ a essentia:Variance ;
            afo:value 2.389818e+01 ],
        [ a essentia:Maximum ;
            afo:value 2.688391e+01 ],
        [ a essentia:Mean ;
            afo:value 1.071962e+01 ],
        [ a essentia:DerivativeVariance ;
            afo:value 9.404457e+00 ],
        [ a essentia:DerivativeMean ;
            afo:value 3.582474e+00 ],
        [ a essentia:Median ;
            afo:value 9.983064e+00 ],
        [ a essentia:SecondDerivativeVariance ;
            afo:value 2.308086e+01 ],
        [ a essentia:Minimum ;
            afo:value 2.324598e+00 ],
        [ a essentia:SecondDerivativeMean ;
            afo:value 5.848175e+00 ] .

_:003d19da-23ac-40ba-8f3c-1e9a7b20fe3a a essentia:DerivativeMean ;
    afo:value 4.372511e-02 .

_:0072c55e-5813-4d91-961f-3959ac7f8369 rdf:first 3.591284e+00 ;
    rdf:rest ( 3.192802e+00 3.171048e+00 3.134898e+00 3.265591e+00 2.396029e+00 ) .

_:00c0647d-837c-41aa-b6a1-a58f7af88002 rdf:first 6.270664e-03 ;
    rdf:rest ( 1.265706e-02 3.948503e-03 1.665513e-03 1.296258e-03 1.031746e-03 4.973523e-04 6.057054e-04 7.114534e-04 7.562573e-04 4.29367e-04 4.942572e-04 4.658088e-04 3.78891e-04 3.637234e-04 2.905512e-04 2.580632e-04 2.407411e-04 2.756419e-04 3.00684e-04 2.479295e-04 1.814151e-04 8.98276e-05 1.251293e-05 2.416022e-06 3.954514e-05 5.376845e-04 ) .

_:00f2c80a-f575-4c2e-9671-08979e84c054 rdf:first 9.790425e-02 ;
    rdf:rest ( 8.067707e-02 6.475994e-02 4.652992e-02 3.273118e-02 8.931436e-02 ) .

_:02250c3f-1e3c-44a4-9b9a-ea572bfba8ee a essentia:Mean ;
    afo:value 172 .

_:02563022-b390-41c5-a190-ee2322e60f9a a essentia:DerivativeVariance ;
    afo:value 1.141601e-01 .

_:0260207f-152c-4f3d-a54b-5df0336e0371 a essentia:Median ;
    afo:values ( 3.543588e-03 9.496178e-03 8.546942e-04 3.578459e-04 7.550129e-04 4.699166e-04 2.92091e-04 2.410875e-04 3.478117e-04 5.744723e-04 2.925636e-04 4.105846e-04 3.577328e-04 3.566513e-04 3.618971e-04 2.86156e-04 2.151296e-04 2.450959e-04 2.698803e-04 3.115417e-04 2.44168e-04 1.575621e-04 7.52086e-05 7.214077e-06 9.633638e-07 3.348802e-05 9.092175e-04 ) .

_:034d9172-b600-408b-a925-9f8627073011 a essentia:MelBands ;
    event:time _:d0c68bac-b3a8-451f-a342-b3f582c3efb3 ;
    afo:computed_by _:LowLevelExtractor ;
    afo:feature [ a essentia:Crest ;
            afo:feature [ a essentia:DerivativeMean ;
                    afo:value 5.742722e+00 ],
                [ a essentia:Median ;
                    afo:value 1.857877e+01 ],
                [ a essentia:Maximum ;
                    afo:value 3.977194e+01 ],
                [ a essentia:Minimum ;
                    afo:value 1.000286e+00 ],
                [ a essentia:SecondDerivativeVariance ;
                    afo:value 4.978238e+01 ],
                [ a essentia:Variance ;
                    afo:value 8.105051e+01 ],
                [ a essentia:DerivativeVariance ;
                    afo:value 2.336066e+01 ],
                [ a essentia:Mean ;
                    afo:value 1.919984e+01 ],
                [ a essentia:SecondDerivativeMean ;
                    afo:value 8.803263e+00 ] ] .

_:03b74719-c201-4c6f-842d-26378cde6eb4 a essentia:Variance ;
    afo:value 7.173935e-01 .

_:03d87c7f-9aa7-411a-aa47-a21afd0457d1 a essentia:SecondDerivativeMean ;
    afo:values ( 3.180907e-01 6.834015e-02 1.111821e-01 1.020628e-01 7.658523e-02 1.652242e-01 ) .

_:048e9c8f-aa27-484b-850e-a4420e213fa5 a essentia:DerivativeVariance ;
    afo:value 5.110045e-02 .

_:04919e14-67bc-4639-a136-7005d61e1390 a essentia:MelBands ;
    event:time _:d0c68bac-b3a8-451f-a342-b3f582c3efb3 ;
    afo:computed_by _:LowLevelExtractor ;
    afo:feature [ a essentia:FlatnessDB ;
            afo:feature _:003d19da-23ac-40ba-8f3c-1e9a7b20fe3a,
                [ a essentia:Variance ;
                    afo:value 6.081535e-03 ],
                [ a essentia:Median ;
                    afo:value 2.014181e-01 ],
                [ a essentia:SecondDerivativeVariance ;
                    afo:value 3.234088e-03 ],
                [ a essentia:DerivativeVariance ;
                    afo:value 1.508446e-03 ],
                [ a essentia:Maximum ;
                    afo:value 6.239138e-01 ],
                [ a essentia:Minimum ;
                    afo:value 1.596303e-07 ],
                [ a essentia:Mean ;
                    afo:value 2.092248e-01 ],
                [ a essentia:SecondDerivativeMean ;
                    afo:value 6.591053e-02 ] ] .

_:049f7be6-af58-446e-87d3-2822f7cf912e a essentia:SecondDerivativeMean ;
    afo:value 1.438986e-03 .

_:04b8f79e-5388-48a4-9776-b22e109bd9ae rdf:first 7.021372e-03 ;
    rdf:rest ( 3.382888e-03 2.755751e-03 1.387614e-03 1.050532e-03 9.287444e-03 ) .

_:04c660bf-5c9f-4924-bb8c-e718eb37ac7b a essentia:Variance ;
    afo:value 3.605875e-03 .

_:04e0ae13-7893-43cf-be6a-2d6e9fbf006d a essentia:FlatnessDB ;
    afo:feature [ a essentia:Variance ;
            afo:value 3.489919e-03 ],
        [ a essentia:SecondDerivativeMean ;
            afo:value 5.097282e-02 ],
        [ a essentia:Minimum ;
            afo:value 2.492663e-02 ],
        [ a essentia:Median ;
            afo:value 1.029633e-01 ],
        [ a essentia:SecondDerivativeVariance ;
            afo:value 2.186684e-03 ],
        [ a essentia:DerivativeMean ;
            afo:value 3.337979e-02 ],
        [ a essentia:Mean ;
            afo:value 1.181551e-01 ],
        [ a essentia:Maximum ;
            afo:value 5.016856e-01 ],
        [ a essentia:DerivativeVariance ;
            afo:value 9.898564e-04 ] .

_:055871d1-8bf8-42c4-bd4f-237f3d5306ce rdf:first 1 ;
    rdf:rest ( 1 1 1 1 1 1 1 1 1 1 1 1 1 1 1 1 1 1 1 1 1 1 1 1 1 1 1 1 1 1 1 1 1 1 1 ) .

_:05f83e3a-dc0e-4eb6-91a4-ca81e0c6ad3b a essentia:Maximum ;
    afo:value 2.538035e-01 .

_:0663764a-e25d-4824-abb8-04078eff6c85 a essentia:SpectralContrast ;
    event:time _:d0c68bac-b3a8-451f-a342-b3f582c3efb3 ;
    afo:computed_by _:LowLevelExtractor ;
    afo:feature [ a essentia:DerivativeVariance ;
            afo:values ( 2.449635e-03 1.438127e-03 9.732555e-04 4.811368e-04 2.760023e-04 2.484369e-03 ) ],
        [ a essentia:DerivativeMean ;
            afo:values ( 6.197664e-02 4.825679e-02 3.914756e-02 2.76663e-02 2.004517e-02 5.823432e-02 ) ],
        [ a essentia:Median ;
            afo:values ( -7.344946e-01 -8.012057e-01 -8.112128e-01 -8.158365e-01 -8.167727e-01 -6.200345e-01 ) ],
        [ a essentia:SecondDerivativeVariance ;
            afo:values ( 6.046169e-03 3.957066e-03 2.563224e-03 1.332549e-03 6.884307e-04 5.558556e-03 ) ],
        [ a essentia:Variance ;
            afo:values _:04b8f79e-5388-48a4-9776-b22e109bd9ae ],
        [ a essentia:Maximum ;
            afo:values ( -3.536425e-01 -5.484772e-01 -5.882006e-01 -6.313224e-01 -6.594446e-01 -3.688572e-01 ) ],
        [ a essentia:Mean ;
            afo:values ( -7.259651e-01 -7.972272e-01 -8.077714e-01 -8.166602e-01 -8.180707e-01 -6.335496e-01 ) ],
        [ a essentia:Minimum ;
            afo:values ( -9.755858e-01 -9.989877e-01 -9.987002e-01 -9.911674e-01 -9.892605e-01 -9.758498e-01 ) ],
        [ a essentia:SecondDerivativeMean ;
            afo:values _:00f2c80a-f575-4c2e-9671-08979e84c054 ] .

_:067d9a79-e217-40c1-9064-f603d29bc1e1 a essentia:SecondDerivativeVariance ;
    afo:value 6.54406e+03 .

_:06901b81-0fd2-4ba8-98bd-b84030915fab a essentia:Maximum ;
    afo:value 1.213413e+02 .

_:06b4c295-6bd0-4f60-8618-303ff1f76f09 a essentia:Mean ;
    afo:value 1.30719e-02 .

_:06f50cc6-893d-4114-bf5b-bef8e0e9847b a essentia:SecondDerivativeMean ;
    afo:value 3.598551e+00 .

_:06f59bf8-15f5-4c3d-9b73-66d27f730fed a essentia:Minimum ;
    afo:value -1.251199e+00 .

_:0702c0ac-87a8-4c73-a961-4a7894764031 a essentia:SecondDerivativeVariance ;
    afo:value 3.14964e-03 .

_:079fdf64-2347-4183-8659-55095db2cd66 a essentia:DerivativeVariance ;
    afo:value 1.587917e-02 .

_:08588027-7ed2-4653-9212-ba57f30bdae8 a essentia:Mean ;
    afo:value 9.575134e-01 .

_:092e7d1e-6985-4009-a2ec-5dfcf51c04b2 a essentia:Covariance ;
    afo:dimensions ( 13 13 ) ;
    afo:values ( 1.053021e+04 1.083155e+03 -9.770402e+02 8.075102e+02 -6.094216e+02 4.906211e+02 -2.529486e+02 3.372421e+02 -1.403062e+02 1.76947e+02 -6.884611e+01 1.66688e+01 -2.558343e+01 1.083155e+03 1.22241e+03 1.068725e+01 -2.131425e+02 8.761979e+01 1.78292e+01 8.707781e+01 -6.656684e+01 9.190947e+01 3.898339e+01 4.228718e+01 9.6825e+00 4.416628e+01 -9.770402e+02 1.068725e+01 5.153187e+02 -6.936018e+01 1.8072e+02 -7.839993e+01 1.143561e+02 -5.212999e+01 8.339427e+01 5.656632e+00 4.525928e+01 1.305754e+01 1.419537e+01 8.075102e+02 -2.131425e+02 -6.936018e+01 4.636422e+02 -6.610027e+01 1.400069e+02 -5.930704e+01 1.322019e+02 -3.808687e+01 4.857933e+01 -4.60242e+00 1.952387e+01 -4.785206e+00 -6.094216e+02 8.761979e+01 1.8072e+02 -6.610027e+01 3.277813e+02 -6.04451e+00 1.388817e+02 -5.102024e+01 9.21664e+01 -3.934003e+00 5.936513e+01 2.602598e+01 3.016665e+01 4.906211e+02 1.78292e+01 -7.839993e+01 1.400069e+02 -6.04451e+00 1.961303e+02 1.293434e+01 7.319938e+01 -2.429287e+01 2.707476e+01 -1.408162e+01 1.097527e+01 6.156913e+00 -2.529486e+02 8.707781e+01 1.143561e+02 -5.930704e+01 1.388817e+02 1.293434e+01 1.654035e+02 8.079123e+00 7.293654e+01 -4.29701e-01 3.627082e+01 1.864643e+01 2.581887e+01 3.372421e+02 -6.656684e+01 -5.212999e+01 1.322019e+02 -5.102024e+01 7.319938e+01 8.079123e+00 1.370401e+02 1.817609e+01 3.979611e+01 -4.010604e+00 1.416438e+01 1.042726e+00 -1.403062e+02 9.190947e+01 8.339427e+01 -3.808687e+01 9.21664e+01 -2.429287e+01 7.293654e+01 1.817609e+01 1.280599e+02 4.691568e+01 5.133985e+01 1.707203e+01 1.84426e+01 1.76947e+02 3.898339e+01 5.656632e+00 4.857933e+01 -3.934003e+00 2.707476e+01 -4.29701e-01 3.979611e+01 4.691568e+01 9.440133e+01 3.729096e+01 2.403309e+01 6.866582e+00 -6.884611e+01 4.228718e+01 4.525928e+01 -4.60242e+00 5.936513e+01 -1.408162e+01 3.627082e+01 -4.010604e+00 5.133985e+01 3.729096e+01 7.730515e+01 3.311911e+01 2.215638e+01 1.66688e+01 9.6825e+00 1.305754e+01 1.952387e+01 2.602598e+01 1.097527e+01 1.864643e+01 1.416438e+01 1.707203e+01 2.403309e+01 3.311911e+01 6.185481e+01 2.781523e+01 -2.558343e+01 4.416628e+01 1.419537e+01 -4.785206e+00 3.016665e+01 6.156913e+00 2.581887e+01 1.042726e+00 1.84426e+01 6.866582e+00 2.215638e+01 2.781523e+01 5.390076e+01 ) .

_:09774ed7-e9ba-433c-a58c-fb120dbdf6f4 a essentia:SecondDerivativeMean ;
    afo:value 3.228197e-02 .

_:0a7ecd90-92d1-4cfd-b0db-e33150379a4a a essentia:DerivativeMean ;
    afo:value 2.85102e+00 .

_:0a9d1314-384d-469b-8037-47050b410a7e a essentia:Mean ;
    afo:value 0 .

_:0add0065-cab0-4094-b2b2-c6f7ffffae63 a essentia:Mean ;
    afo:value 2.143387e+00 .

_:0ae934bd-76a4-4ca4-ae6c-e6c9be2bdc3d a essentia:Median ;
    afo:values ( 6.418874e-01 3.473844e-02 5.499804e-02 7.031543e-02 4.971742e-02 9.351192e-02 ) .

_:0b16ff22-2062-45b5-a7ee-1cd90bade920 a essentia:SecondDerivativeMean ;
    afo:value 1.753368e-01 .

_:0b6db501-55fa-43f6-ba15-30127f6c07dd a essentia:SecondDerivativeMean ;
    afo:value 5.990293e-02 .

_:0b83e3fe-6bf9-42b1-857e-fd486a94d440 rdf:first 3.597292e-03 ;
    rdf:rest ( 1.125981e-03 2.417787e-04 1.492575e-04 1.239697e-04 9.114506e-05 6.468905e-05 5.581174e-05 4.788207e-05 5.100882e-05 6.308137e-05 8.052363e-05 4.355824e-05 4.723564e-05 4.135176e-05 3.39049e-05 3.333392e-05 3.001748e-05 2.730308e-05 1.939722e-05 1.688924e-05 1.220275e-05 1.148791e-05 1.161507e-05 9.55017e-06 1.06329e-05 1.009639e-05 9.005316e-06 7.548214e-06 5.817869e-06 4.31753e-06 3.577541e-06 2.497279e-06 1.665242e-06 1.213783e-06 6.004094e-07 1.037454e-07 1.100324e-08 9.469399e-09 8.544004e-09 ) .

_:0bca2f4e-c844-4de7-b4b7-313266b212c7 a essentia:Key ;
    event:time _:d0c68bac-b3a8-451f-a342-b3f582c3efb3 ;
    afo:value "A#" .

_:0d3b6f25-6443-41ec-8a78-27d0f134b9f8 a essentia:Maximum ;
    afo:value 1.317555e+02 .

_:0dcdcee5-e5ab-456e-835c-869df4828118 a essentia:Mean ;
    afo:value 1.7436e+00 .

_:0e320589-bf52-4a79-84b5-877cf913324c a essentia:DerivativeVariance ;
    afo:value 3.710407e-17 .

_:0e756031-1dc7-440d-8b6b-7c36d418da96 a essentia:Spread ;
    afo:feature [ a essentia:Minimum ;
            afo:value 1.531408e-01 ],
        [ a essentia:Mean ;
            afo:value 2.898568e+01 ],
        [ a essentia:DerivativeVariance ;
            afo:value 1.781268e+02 ],
        [ a essentia:SecondDerivativeVariance ;
            afo:value 3.826363e+02 ],
        [ a essentia:SecondDerivativeMean ;
            afo:value 1.816366e+01 ],
        [ a essentia:DerivativeMean ;
            afo:value 1.171157e+01 ],
        [ a essentia:Median ;
            afo:value 2.323077e+01 ],
        [ a essentia:Maximum ;
            afo:value 1.682189e+02 ],
        [ a essentia:Variance ;
            afo:value 5.616287e+02 ] .

_:0f4de80a-e03b-4169-be33-2d8b88a258d0 a essentia:ZeroCrossingRate ;
    event:time _:d0c68bac-b3a8-451f-a342-b3f582c3efb3 ;
    afo:computed_by _:LowLevelExtractor ;
    afo:feature [ a essentia:SecondDerivativeMean ;
            afo:value 5.026193e-02 ],
        [ a essentia:Minimum ;
            afo:value 0 ],
        [ a essentia:Variance ;
            afo:value 1.4654e-02 ],
        [ a essentia:Median ;
            afo:value 1.967773e-01 ],
        [ a essentia:Mean ;
            afo:value 2.227618e-01 ],
        [ a essentia:SecondDerivativeVariance ;
            afo:value 1.979417e-03 ],
        [ a essentia:DerivativeVariance ;
            afo:value 1.555452e-03 ],
        [ a essentia:DerivativeMean ;
            afo:value 4.223858e-02 ],
        [ a essentia:Maximum ;
            afo:value 9.633789e-01 ] .

_:0fe2c0fb-79e5-47b3-ae2a-198de1ededa6 a essentia:SecondDerivativeVariance ;
    afo:value 2.966794e+02 .

_:1057665f-df32-48fb-8f46-ea946481089a a essentia:Variance ;
    afo:value 5.376311e+12 .

_:108911b9-bde0-4091-bfd7-290972f47a5a a essentia:Variance ;
    afo:value 7.547678e-04 .

_:10fd976a-e0e9-46c4-8222-b36349250e84 a essentia:SecondDerivativeVariance ;
    afo:value 1.72493e+02 .

_:13009de2-f447-4530-93e1-73a72f5ceac0 a essentia:Mean ;
    afo:values ( 7.511921e-03 1.608438e-02 3.360916e-03 1.339326e-03 1.526263e-03 1.217128e-03 6.723179e-04 7.538214e-04 9.73749e-04 1.130157e-03 6.237557e-04 7.761528e-04 7.594417e-04 6.167088e-04 6.222896e-04 4.731251e-04 4.40158e-04 4.346791e-04 4.629542e-04 4.795006e-04 4.191644e-04 2.790617e-04 1.369344e-04 1.613501e-05 2.469818e-06 7.042878e-05 1.601878e-03 ) .

_:13842acb-dfb6-4644-87fe-21a879242c3e a essentia:Maximum ;
    afo:value 1.30719e-02 .

_:138502e8-ae6d-4234-831b-6892ad34a8dd rdf:first 2.26157e-04 ;
    rdf:rest ( 8.513706e-04 1.963724e-04 3.363569e-05 1.044508e-05 9.534851e-06 1.722172e-06 3.905661e-06 4.440067e-06 3.761386e-06 1.339706e-06 1.592123e-06 1.654252e-06 8.839273e-07 7.890938e-07 4.965113e-07 4.607486e-07 2.858384e-07 2.901999e-07 3.896067e-07 2.158878e-07 1.465177e-07 3.105589e-08 8.601486e-10 4.014577e-11 6.236465e-09 1.016487e-06 ) .

_:139b665f-9067-440d-8362-6a25122c0859 a essentia:Variance ;
    afo:value 78454320 .

_:13bd1713-b333-444a-84b6-76571222f8e9 a essentia:DerivativeMean ;
    afo:values ( 1.864563e-01 3.854176e-02 6.081199e-02 5.809712e-02 4.368108e-02 9.242361e-02 ) .

_:13f400b9-7276-48f3-ae5c-deceed8540cd a essentia:Variance ;
    afo:value 2.890362e-02 .

_:14110cd5-e323-48d7-a6fb-8f69aeec1c77 a essentia:SecondPeakSpread ;
    event:time _:d0c68bac-b3a8-451f-a342-b3f582c3efb3 ;
    afo:computed_by _:LowLevelExtractor ;
    afo:feature _:0a9d1314-384d-469b-8037-47050b410a7e,
        [ a essentia:SecondDerivativeVariance ;
            afo:value 0 ],
        [ a essentia:Minimum ;
            afo:value 0 ],
        [ a essentia:Variance ;
            afo:value 0 ],
        [ a essentia:Median ;
            afo:value 0 ],
        [ a essentia:Maximum ;
            afo:value 0 ],
        [ a essentia:SecondDerivativeMean ;
            afo:value 0 ],
        [ a essentia:DerivativeVariance ;
            afo:value 0 ],
        [ a essentia:DerivativeMean ;
            afo:value 0 ] .

_:14322c6c-ca41-4363-9ec9-4d99a380b5cb a essentia:Minimum ;
    afo:value 1.325492e-01 .

_:14736096-3abd-41f2-838a-29f2609336de a essentia:Maximum ;
    afo:value 1.22969e+01 .

_:14c2868f-b188-4d91-a8ec-7d3bcc4a3693 rdf:first 4.463345e-03 ;
    rdf:rest ( 2.161433e-03 8.932284e-04 2.911104e-04 2.518779e-04 1.870481e-04 1.042451e-04 1.001757e-04 1.204839e-04 1.030419e-04 9.575079e-05 1.016197e-04 5.6498e-05 5.702744e-05 4.861223e-05 4.599603e-05 3.54997e-05 3.053157e-05 2.9165e-05 2.238068e-05 1.734659e-05 1.485429e-05 1.315074e-05 1.196947e-05 1.22798e-05 1.092677e-05 1.043154e-05 9.403371e-06 8.391673e-06 6.461579e-06 4.819338e-06 4.478724e-06 2.992393e-06 2.144365e-06 1.499456e-06 8.688053e-07 1.800223e-07 2.893482e-08 2.498476e-08 2.215321e-08 ) .

_:16e963aa-90c8-404a-937a-c90956e01981 a essentia:Variance ;
    afo:value 0 .

_:17a8cc27-ebda-4369-bb39-f99f265e836a rdf:first 7.916733e-05 ;
    rdf:rest ( -1.520845e-04 3.514395e-04 -2.807694e-04 6.073097e-05 -2.070291e-05 -2.241669e-05 7.395414e-06 7.673009e-05 -2.018576e-04 2.755603e-04 -1.576346e-04 1.678902e-05 -1.520845e-04 1.804987e-03 -1.043582e-03 1.092255e-03 8.867845e-05 -6.228723e-04 -4.656586e-04 5.413234e-04 -8.326692e-04 8.625093e-04 -2.062429e-03 2.712055e-03 -1.317816e-03 3.514395e-04 -1.043582e-03 6.192809e-03 -4.622142e-03 1.80417e-03 -2.335969e-03 1.839753e-03 -9.001402e-04 -5.267406e-04 4.260104e-04 -6.10955e-04 1.17655e-03 -1.951761e-03 -2.807694e-04 1.092255e-03 -4.622142e-03 9.370611e-03 -5.696313e-03 3.038431e-03 -2.098767e-03 -2.126377e-03 4.308918e-03 -6.086952e-03 7.130157e-03 -7.489046e-03 7.009489e-03 6.073097e-05 8.867845e-05 1.80417e-03 -5.696313e-03 1.008055e-02 -5.1458e-03 -1.140352e-04 3.683989e-03 -7.338392e-03 8.845906e-03 -1.068099e-02 9.46881e-03 -6.846574e-03 -2.070291e-05 -6.228723e-04 -2.335969e-03 3.038431e-03 -5.1458e-03 1.136956e-02 -2.922486e-03 -4.332335e-03 8.249869e-03 -8.300524e-03 5.52476e-03 -4.171054e-03 1.561693e-03 -2.241669e-05 -4.656586e-04 1.839753e-03 -2.098767e-03 -1.140352e-04 -2.922486e-03 1.095309e-02 -1.096299e-03 -7.052834e-03 4.960726e-03 2.31391e-04 -4.714106e-03 1.831534e-03 7.395414e-06 5.413234e-04 -9.001402e-04 -2.126377e-03 3.683989e-03 -4.332335e-03 -1.096299e-03 1.124171e-02 -5.207917e-03 3.244992e-04 -3.432312e-03 7.755616e-03 -6.232627e-03 7.673009e-05 -8.326692e-04 -5.267406e-04 4.308918e-03 -7.338392e-03 8.249869e-03 -7.052834e-03 -5.207917e-03 2.285966e-02 -1.685034e-02 1.0424e-02 -8.532342e-03 6.671004e-03 -2.018576e-04 8.625093e-04 4.260104e-04 -6.086952e-03 8.845906e-03 -8.300524e-03 4.960726e-03 3.244992e-04 -1.685034e-02 3.80927e-02 -2.798571e-02 1.564594e-02 -6.927911e-03 2.755603e-04 -2.062429e-03 -6.10955e-04 7.130157e-03 -1.068099e-02 5.52476e-03 2.31391e-04 -3.432312e-03 1.0424e-02 -2.798571e-02 4.619162e-02 -2.684135e-02 4.754219e-03 -1.576346e-04 2.712055e-03 1.17655e-03 -7.489046e-03 9.46881e-03 -4.171054e-03 -4.714106e-03 7.755616e-03 -8.532342e-03 1.564594e-02 -2.684135e-02 3.82865e-02 -1.349483e-02 1.678902e-05 -1.317816e-03 -1.951761e-03 7.009489e-03 -6.846574e-03 1.561693e-03 1.831534e-03 -6.232627e-03 6.671004e-03 -6.927911e-03 4.754219e-03 -1.349483e-02 2.379633e-02 ) .

_:18418c5c-ff4d-436f-93d2-8d3f2de66f1a a essentia:Minimum ;
    afo:value 1.409987e+02 .

_:18d5a079-3ba7-4ff8-92c2-b26492a13ec5 a essentia:Mean ;
    afo:values ( 5.995086e-01 4.908122e-02 6.97137e-02 8.895226e-02 5.990462e-02 1.317712e-01 ) .

_:19be1f1b-643b-45b7-abf0-fd2bf8d3b221 a essentia:DerivativeMean ;
    afo:value 1.517047e-03 .

_:1a0309b8-9b32-4516-a627-d7a1c98fcce4 a essentia:DerivativeMean ;
    afo:value 3.660013e+01 .

_:1ab628c1-0e3a-486e-8d70-9e02cb7b8ecf a essentia:Median ;
    afo:value 1.270467e-01 .

_:1af60001-0363-4aca-9050-5c4e928a457c a essentia:ChordsHistogram ;
    event:time _:d0c68bac-b3a8-451f-a342-b3f582c3efb3 ;
    afo:value ( 1.91174e+01 3.431582e+01 1.860695e+01 4.116582e-01 5.763214e-01 1.811296e-01 2.222954e+00 0 3.293265e-02 5.269225e-01 2.140622e+00 3.128602e-01 3.293265e-02 2.469949e-01 0 1.646633e-01 3.293265e-02 1.11971e+01 2.469949e+00 4.297711e+00 0 0 0 3.112136e+00 ) .

_:1b1f05bf-4b89-40f0-accb-f41a60f578a9 a essentia:Mean ;
    afo:value 7.058824e-01 .

_:1b2cc199-35b3-4a5b-aae1-326e1600638a a essentia:DerivativeVariance ;
    afo:value 4.217094e-04 .

_:1b6c16bf-4f6f-4fd2-868e-787dc9668cd1 a essentia:Maximum ;
    afo:value 42871152 .

_:1bcb1bcf-77c2-4b0e-a0e6-6ad1f0bc3597 a essentia:Variance ;
    afo:value 0 .

_:1be8fda9-777d-4d0a-8d6f-046cfa2bed7b a essentia:Mean ;
    afo:value 1.300865e-01 .

_:1bee4e11-b28c-49c5-bd07-f785ff887c7b a essentia:SecondDerivativeVariance ;
    afo:value 9.730369e-01 .

_:1c1285cb-ec71-47ea-9e92-f35f2afd203f rdf:first 2.113657e-24 ;
    rdf:rest ( 1.03453e-24 1.769834e-24 1.369387e-24 1.732878e-24 1.768507e-24 2.169744e-24 2.535586e-24 2.266062e-24 2.374718e-24 3.54819e-24 2.597202e-24 2.839333e-24 3.590149e-24 2.463439e-24 2.681972e-24 2.116995e-24 3.049218e-24 5.178807e-24 4.88214e-24 3.576739e-24 3.414216e-24 4.784824e-24 5.408729e-24 4.913651e-24 3.885125e-24 4.448739e-24 5.266437e-24 4.877398e-24 4.049796e-24 5.193605e-24 6.181104e-24 6.178247e-24 6.117479e-24 6.402484e-24 6.375213e-24 6.282855e-24 6.5644e-24 5.407538e-24 6.919895e-24 ) .

_:1c56af16-e80c-4d81-9654-404ae26efcfd a essentia:Minimum ;
    afo:value 1 .

_:1d32d35c-2a61-4927-ad64-f792a5d73f6a a essentia:OnsetRate ;
    event:time _:d0c68bac-b3a8-451f-a342-b3f582c3efb3 ;
    afo:value 4.549918e+00 .

_:1d78232e-9bba-4706-b6f2-c89cb9b21d7a a essentia:Maximum ;
    afo:value 7.838306e-02 .

_:1d89cbbb-4a54-46e6-b7b2-2a58d4b09453 a essentia:SecondDerivativeVariance ;
    afo:values ( 1.634295e-01 1.898693e-01 1.594873e-01 1.442282e-01 1.582542e-01 1.610539e-01 1.521918e-01 1.773299e-01 1.897861e-01 1.846689e-01 1.552002e-01 1.349477e-01 1.333851e-01 1.454677e-01 1.315798e-01 1.380602e-01 1.264804e-01 1.195729e-01 1.013758e-01 9.705384e-02 8.69644e-02 7.910754e-02 7.297335e-02 1.123112e-01 3.288881e-01 1.103972e-01 8.178002e-02 7.311141e-02 6.546938e-02 7.129958e-02 1.141781e-01 1.442906e-01 1.573763e-01 1.609673e-01 1.680396e-01 1.640194e-01 ) .

_:1dac1b79-69be-45c5-92f0-1c7fd2414eb1 a essentia:Minimum ;
    afo:value -6.882755e-08 .

_:1e9b4ab7-8efb-46f3-977b-e650ddecbb1e a essentia:DerivativeMean ;
    afo:value 8.764911e+00 .

_:1ee28481-7634-4d52-af17-dcd26ca37c1d rdf:first 5.319305e-05 ;
    rdf:rest ( 1.432413e-05 2.475522e-06 2.36597e-07 2.444449e-07 1.520031e-07 5.484825e-08 5.418816e-08 7.741983e-08 6.79877e-08 6.144217e-08 4.436326e-08 1.442526e-08 1.507268e-08 1.157787e-08 1.195125e-08 5.903981e-09 4.084343e-09 3.834431e-09 2.046003e-09 1.341171e-09 1.27561e-09 9.564676e-10 6.180103e-10 6.169771e-10 4.074478e-10 3.495385e-10 3.008671e-10 2.575801e-10 1.89872e-10 1.000232e-10 6.447727e-11 2.575829e-11 1.388757e-11 6.963064e-12 2.5648e-12 1.215847e-13 2.47758e-15 1.865642e-15 1.451777e-15 ) .

_:1f5a8145-8f61-4a88-b612-fa49f7656869 a essentia:Minimum ;
    afo:value -1.776592e+00 .

_:1f71e9f7-ce74-442d-b862-b8142a407ea5 a essentia:Dissonance ;
    event:time _:d0c68bac-b3a8-451f-a342-b3f582c3efb3 ;
    afo:computed_by _:LowLevelExtractor ;
    afo:feature _:14322c6c-ca41-4363-9ec9-4d99a380b5cb,
        [ a essentia:Maximum ;
            afo:value 5.000001e-01 ],
        [ a essentia:SecondDerivativeVariance ;
            afo:value 5.611179e-04 ],
        [ a essentia:SecondDerivativeMean ;
            afo:value 2.016958e-02 ],
        [ a essentia:DerivativeVariance ;
            afo:value 2.051301e-04 ],
        [ a essentia:DerivativeMean ;
            afo:value 1.181112e-02 ],
        [ a essentia:Mean ;
            afo:value 4.841049e-01 ],
        [ a essentia:Variance ;
            afo:value 2.540514e-04 ],
        [ a essentia:Median ;
            afo:value 4.885483e-01 ] .

_:1fe9d588-2936-4612-9e1e-1a4d1a02d024 a essentia:Mean ;
    afo:value 1.044497e+01 .

_:20b9ff1f-59c8-406f-9402-1c84997ff043 a essentia:Mean ;
    afo:values ( 1.893302e-01 2.064778e-01 1.640006e-01 1.472954e-01 1.861722e-01 1.899954e-01 1.712577e-01 1.694512e-01 1.712829e-01 1.721905e-01 1.557751e-01 1.34279e-01 1.438159e-01 1.750128e-01 1.807547e-01 1.680588e-01 1.593952e-01 1.406057e-01 1.203769e-01 1.111275e-01 1.075868e-01 1.050151e-01 1.070896e-01 2.730376e-01 4.377624e-01 2.890091e-01 1.24578e-01 1.086244e-01 1.007258e-01 1.013941e-01 1.313862e-01 1.608518e-01 1.622391e-01 1.563927e-01 1.58038e-01 1.627476e-01 ) .

_:21537b1f-7ae4-4eda-b247-c4b2a0bb53e3 a essentia:DerivativeMean ;
    afo:value 3.15991e-01 .

_:22ab8cd4-56f6-4bb1-a9c4-16d9012b3521 a essentia:Maximum ;
    afo:value 2.914454e+01 .

_:22fd770f-c81b-49c2-99e4-19858572235d a essentia:Variance ;
    afo:value 1.153857e+04 .

_:2432d90c-4d9b-4909-884d-1c505e6d8778 a essentia:RMS ;
    event:time _:d0c68bac-b3a8-451f-a342-b3f582c3efb3 ;
    afo:computed_by _:LowLevelExtractor ;
    afo:feature _:19be1f1b-643b-45b7-abf0-fd2bf8d3b221,
        [ a essentia:Maximum ;
            afo:value 1.644072e-02 ],
        [ a essentia:SecondDerivativeMean ;
            afo:value 2.295156e-03 ],
        [ a essentia:SecondDerivativeVariance ;
            afo:value 4.551573e-06 ],
        [ a essentia:Minimum ;
            afo:value 3.148473e-12 ],
        [ a essentia:DerivativeVariance ;
            afo:value 1.962916e-06 ],
        [ a essentia:Variance ;
            afo:value 7.147408e-06 ],
        [ a essentia:Mean ;
            afo:value 6.119194e-03 ],
        [ a essentia:Median ;
            afo:value 6.206632e-03 ] .

_:25af6e13-f692-4d00-ad50-9b6c34db33e0 a essentia:SecondDerivativeVariance ;
    afo:value 1.357449e-03 .

_:27efda0d-b1e0-402b-904e-531fadb0e8d3 a essentia:Variance ;
    afo:value 5.500657e+00 .

_:28114c6c-62f0-43de-9c0a-1b843539a16c a essentia:SecondDerivativeMean ;
    afo:value 1.35681e+01 .

_:287c4723-2bff-4bfb-8b72-a11a851594fe a essentia:GFCC ;
    event:time _:d0c68bac-b3a8-451f-a342-b3f582c3efb3 ;
    afo:computed_by _:LowLevelExtractor ;
    afo:feature [ a essentia:Mean ;
            afo:values ( 8.672873e+00 6.56735e+01 -1.016125e+02 1.371004e+01 -1.141465e+01 -1.723231e+01 1.83454e+01 -2.500777e+01 7.166003e+00 -7.347126e+00 -6.135151e+00 5.688089e+00 -1.132337e+01 ) ],
        [ a essentia:InverseCovariance ;
            afo:dimensions ( 13 13 ) ;
            afo:values _:17a8cc27-ebda-4369-bb39-f99f265e836a ],
        [ a essentia:Covariance ;
            afo:dimensions ( 13 13 ) ;
            afo:values ( 2.109781e+04 4.224694e+02 -1.282996e+03 3.942837e+02 -1.215327e+01 -3.671613e+02 4.813698e+02 -3.918905e+02 1.502642e+02 -1.342565e+02 -1.861805e+02 1.255556e+02 -3.047658e+02 4.224694e+02 1.091953e+03 1.355413e+02 -2.272085e+02 6.700906e+01 1.829245e+02 -5.27983e+01 1.192957e+02 9.760448e+00 8.88746e+01 7.429517e+01 -8.365813e+01 1.416535e+02 -1.282996e+03 1.355413e+02 4.702898e+02 1.479037e+02 4.7219e+01 1.607446e+02 -5.573662e+01 1.45343e+02 -2.177204e+01 6.816389e+01 2.477781e+01 -2.700391e+01 5.449546e+01 3.942837e+02 -2.272085e+02 1.479037e+02 3.937656e+02 1.050949e+02 3.270585e+00 9.345849e+01 1.263927e+01 2.938916e+01 -1.822374e+00 -2.562622e+01 3.702385e+01 -7.323158e+01 -1.215327e+01 6.700906e+01 4.7219e+01 1.050949e+02 2.673494e+02 8.600156e+01 6.175402e+01 2.355838e+01 5.020346e+01 1.885693e+01 3.898831e+01 3.527154e+00 3.495599e+01 -3.671613e+02 1.829245e+02 1.607446e+02 3.270585e+00 8.600156e+01 2.38725e+02 -3.705884e+00 1.203839e+02 -1.864896e+01 6.317151e+01 3.679052e+01 -1.866613e+01 6.918626e+01 4.813698e+02 -5.27983e+01 -5.573662e+01 9.345849e+01 6.175402e+01 -3.705884e+00 1.963072e+02 -4.501618e-01 7.599689e+01 -1.470528e+01 -4.852951e+00 4.209946e+01 -3.332255e+01 -3.918905e+02 1.192957e+02 1.45343e+02 1.263927e+01 2.355838e+01 1.203839e+02 -4.501618e-01 2.091543e+02 2.965678e+01 7.038558e+01 2.675877e+01 -2.991896e+01 5.863858e+01 1.502642e+02 9.760448e+00 -2.177204e+01 2.938916e+01 5.020346e+01 -1.864896e+01 7.599689e+01 2.965678e+01 1.177109e+02 3.402995e+01 1.304608e+01 1.291389e+01 -1.079619e+01 -1.342565e+02 8.88746e+01 6.816389e+01 -1.822374e+00 1.885693e+01 6.317151e+01 -1.470528e+01 7.038558e+01 3.402995e+01 9.422245e+01 5.021692e+01 -6.022892e+00 3.643377e+01 -1.861805e+02 7.429517e+01 2.477781e+01 -2.562622e+01 3.898831e+01 3.679052e+01 -4.852951e+00 2.675877e+01 1.304608e+01 5.021692e+01 7.552479e+01 2.624867e+01 4.077078e+01 1.255556e+02 -8.365813e+01 -2.700391e+01 3.702385e+01 3.527154e+00 -1.866613e+01 4.209946e+01 -2.991896e+01 1.291389e+01 -6.022892e+00 2.624867e+01 7.444843e+01 4.922791e+00 -3.047658e+02 1.416535e+02 5.449546e+01 -7.323158e+01 3.495599e+01 6.918626e+01 -3.332255e+01 5.863858e+01 -1.079619e+01 3.643377e+01 4.077078e+01 4.922791e+00 1.078437e+02 ) ] .

_:28acb1d9-e22b-47ac-9143-7d5af3a478a5 a essentia:DerivativeVariance ;
    afo:value 6.707097e+02 .

_:28e164a0-ee45-4fa0-a869-1d8b02f3059a a essentia:Minimum ;
    afo:value 1.093539e-02 .

_:2917aa1d-18f5-42aa-a205-aacdb639f3ab a essentia:Mean ;
    afo:value 1.264021e+01 .

_:2946f033-abda-405d-b174-371c464b2f91 a essentia:DerivativeMean ;
    afo:value 9.331006e-01 .

_:2994f008-16e7-48b0-8a28-1ab5a3f7c52c a essentia:Variance ;
    afo:value 6.383972e+00 .

_:299e4326-1db7-45b2-b677-d9c31c1802dd a essentia:SecondDerivativeMean ;
    afo:value 1.434302e+00 .

_:29afcd65-bc12-4a10-8070-8b2842a3464d a essentia:NonTemperedEnergyRatio ;
    event:time _:d0c68bac-b3a8-451f-a342-b3f582c3efb3 ;
    afo:value 8.488343e-01 .

_:29d06ae6-25ae-4c48-bc6a-8899286fb200 a essentia:SecondDerivativeMean ;
    afo:value 1.755157e-02 .

_:2b29cc9a-dff2-4e2a-a78b-e4d751ae25af a essentia:SecondDerivativeVariance ;
    afo:values _:138502e8-ae6d-4234-831b-6892ad34a8dd .

_:2bfaecf4-a893-46a4-87b0-1179204fc750 rdf:first 1.780356e-22 ;
    rdf:rest ( 8.944115e-22 1.647619e-21 6.985318e-21 1.543308e-20 2.465257e-20 4.546148e-20 7.546225e-20 1.324302e-19 2.474571e-19 3.078918e-19 3.750927e-19 7.306667e-19 6.985105e-19 9.991223e-19 1.362675e-18 1.405787e-18 1.632979e-18 2.431943e-18 3.9143e-18 4.393888e-18 4.004964e-18 7.097131e-18 6.884485e-18 5.979486e-18 8.639666e-18 1.001232e-17 8.628796e-18 1.191131e-17 1.362522e-17 1.300475e-17 1.211245e-17 1.038302e-17 7.742947e-18 6.703442e-18 4.290498e-18 2.449377e-18 9.748608e-19 2.634848e-19 2.678585e-20 ) .

_:2c11f7c7-974f-4549-a265-fa35e2804e46 a essentia:SecondDerivativeMean ;
    afo:value 2.820561e-02 .

_:2c820463-59bf-4072-a8dc-b24b8f29e7f6 a essentia:SecondDerivativeVariance ;
    afo:value 1.97166e-05 .

_:2cca7103-9e76-457c-af98-65ec1e5efec6 a essentia:BarkBands ;
    event:time _:d0c68bac-b3a8-451f-a342-b3f582c3efb3 ;
    afo:computed_by _:LowLevelExtractor ;
    afo:feature [ a essentia:Skewness ;
            afo:feature _:27efda0d-b1e0-402b-904e-531fadb0e8d3,
                _:2946f033-abda-405d-b174-371c464b2f91,
                [ a essentia:Mean ;
                    afo:value 2.01888e+00 ],
                [ a essentia:Minimum ;
                    afo:value -2.140377e+00 ],
                [ a essentia:Median ;
                    afo:value 1.569218e+00 ],
                [ a essentia:SecondDerivativeMean ;
                    afo:value 1.410473e+00 ],
                [ a essentia:DerivativeVariance ;
                    afo:value 1.254066e+00 ],
                [ a essentia:SecondDerivativeVariance ;
                    afo:value 2.847565e+00 ],
                [ a essentia:Maximum ;
                    afo:value 4.063211e+01 ] ] .

_:2e11572f-2f39-4ae9-a703-d77c820edf1d a essentia:Mean ;
    afo:value 1.226273e-01 .

_:2e11f5c6-203e-4a4d-b3af-541f7b874a1b a essentia:Variance ;
    afo:value 9.823955e+00 .

_:2e5397c1-9a4e-4cd2-ae1d-0ad8065f6c45 a essentia:DerivativeVariance ;
    afo:value 3.602196e-01 .

_:2e84e09a-47f7-47dd-8ee1-423c3343533c a essentia:SecondDerivativeMean ;
    afo:value 6.059002e+05 .

_:2ecafb30-64a4-498f-808e-ecbb0018c64a a essentia:Minimum ;
    afo:value -2.203039e+00 .

_:2f11a10a-55b6-45ee-9737-57975fbbe9b4 rdf:first 9.920557e-05 ;
    rdf:rest ( 3.065438e-05 8.209398e-06 5.807915e-07 5.583431e-07 3.154821e-07 7.556925e-08 8.979492e-08 1.673869e-07 9.854456e-08 8.590307e-08 6.813314e-08 2.155316e-08 2.134099e-08 1.663893e-08 1.659284e-08 8.005764e-09 5.463478e-09 5.504365e-09 3.304573e-09 1.719419e-09 1.386441e-09 1.322318e-09 7.241984e-10 8.512497e-10 4.510622e-10 4.543802e-10 4.172307e-10 2.941012e-10 1.695996e-10 1.132213e-10 9.244727e-11 4.39558e-11 1.843203e-11 9.637498e-12 3.41905e-12 1.739267e-13 5.762868e-15 4.410811e-15 3.406601e-15 ) .

_:2f187235-d914-4845-93c0-60c6746fbf49 a essentia:DerivativeVariance ;
    afo:values ( 7.692943e-01 1.107449e+01 6.588061e+01 1.245827e+02 5.901181e+01 5.59371e+01 2.346228e+02 2.640388e+02 1.502998e+02 2.337545e+02 9.207665e+02 8.758262e+02 1.315175e+03 1.446358e+03 7.472661e+02 1.017909e+03 1.256917e+03 7.877709e+02 7.089523e+02 7.721938e+02 4.68461e+02 5.563096e+02 3.369027e+02 4.476607e+02 2.860804e+02 3.556182e+02 2.679134e+02 1.37875e+02 9.799843e+01 3.086314e+01 9.511772e+00 7.777209e-01 4.981434e-03 2.051784e-03 8.10425e-04 2.815084e-04 1.349924e-02 3.100588e-02 8.895695e-03 2.662324e-04 ) .

_:2f6d8aa4-09fe-4dd4-a37e-47ae2522fe81 a essentia:DerivativeMean ;
    afo:value 2.149728e-02 .

_:2fb07964-b59e-4d88-9a81-ba6ab05fbf46 a essentia:Minimum ;
    afo:value 5.196376e+00 .

_:2fdfdb4c-c4dd-46c4-a7e5-1d4c164947cc a essentia:Maximum ;
    afo:value 2.100823e-02 .

_:3088b6a3-9599-4e8e-9f46-8d4ce9242879 a essentia:DerivativeMean ;
    afo:value 1.325712e-02 .

_:3095bcf1-4741-42e1-b127-f1c96672af37 a essentia:SecondDerivativeVariance ;
    afo:value 6.654571e-04 .

_:30ba436b-f451-4f1a-860b-7900a3813fad a essentia:Median ;
    afo:value 4.242362e+06 .

_:30bfee93-5f28-4b8b-99d3-40d3cb71f63b a essentia:Median ;
    afo:value -7.488024e-09 .

_:31680527-30f3-4e38-a007-54f03e22b0e6 a essentia:DerivativeVariance ;
    afo:value 0 .

_:338d7380-067c-4ea2-834d-c369b73a4ab6 a essentia:DerivativeMean ;
    afo:value 0 .

_:33afa1ba-fad4-4477-998c-f467c5c4677f rdf:first 2.268454e-02 ;
    rdf:rest ( 2.800829e-03 3.060664e-03 3.377614e-03 1.834548e-03 9.620689e-03 ) .

_:33c7f491-8a2c-4ce2-98c7-90b183cd06f9 a essentia:DerivativeMean ;
    afo:value 2.190129e+00 .

_:35bde8d5-ecd4-4efe-b27a-aa706daa3cdd a essentia:DerivativeMean ;
    afo:value 6.949275e+00 .

_:35e9fc6b-80a4-441c-bb2a-f894b5b50785 a essentia:Mean ;
    afo:value 2.721177e+01 .

_:36b2aa06-c306-4875-8921-ce936a347c17 a essentia:SecondDerivativeVariance ;
    afo:value 0 .

_:377b44d9-5eba-4cda-99ef-962b4d26e607 a essentia:DerivativeVariance ;
    afo:value 0 .

_:38632a46-7083-4d90-8c32-c68e0a0a2bbc a essentia:BarkBands ;
    event:time _:d0c68bac-b3a8-451f-a342-b3f582c3efb3 ;
    afo:computed_by _:LowLevelExtractor ;
    afo:feature _:04e0ae13-7893-43cf-be6a-2d6e9fbf006d .

_:3895fc2f-a918-49d2-8021-e131af712edc a essentia:DerivativeMean ;
    afo:values _:14c2868f-b188-4d91-a8ec-7d3bcc4a3693 .

_:395a18a1-ad0e-4ed9-817c-d25e081dee83 a essentia:Mean ;
    afo:value 6.51891e+00 .

_:3a238a63-0e30-4052-8b10-687d9676f18e a essentia:Mean ;
    afo:value 5.351997e-02 .

_:3ad4f35b-b05a-4d52-9a9c-8352404321b2 a essentia:SecondDerivativeMean ;
    afo:value 1.213064e+01 .

_:3b5e2b8f-f68c-4b60-b6f7-0ee933ea7800 a essentia:SecondDerivativeVariance ;
    afo:value 8.394123e+01 .

_:3b90485d-c3d9-47ed-838e-10dd93667216 a essentia:Mean ;
    afo:value -9.3413e-09 .

_:3ba56b16-64a4-482c-9c38-bb5f0afbf01e a essentia:DerivativeVariance ;
    afo:value 0 .

_:3ba7da5a-4b98-444d-ad92-787d7f805731 a essentia:BeatsLoudnessBandRatio ;
    event:time _:d0c68bac-b3a8-451f-a342-b3f582c3efb3 ;
    afo:computed_by _:LowLevelExtractor ;
    afo:feature _:03d87c7f-9aa7-411a-aa47-a21afd0457d1,
        _:0ae934bd-76a4-4ca4-ae6c-e6c9be2bdc3d,
        _:13bd1713-b333-444a-84b6-76571222f8e9,
        _:18d5a079-3ba7-4ff8-92c2-b26492a13ec5,
        [ a essentia:Maximum ;
            afo:values ( 9.903087e-01 4.460467e-01 4.104552e-01 7.238008e-01 2.825741e-01 6.703185e-01 ) ],
        [ a essentia:Variance ;
            afo:values ( 4.568028e-02 2.570993e-03 3.923909e-03 6.251505e-03 2.086254e-03 1.214147e-02 ) ],
        [ a essentia:Minimum ;
            afo:values [ rdf:first 0 ;
                    rdf:rest [ rdf:first 0 ;
                            rdf:rest [ rdf:first 0 ;
                                    rdf:rest [ rdf:first 0 ;
                                            rdf:rest [ rdf:first 0 ;
                                                    rdf:rest [ rdf:first 0 ;
                                                            rdf:rest () ] ] ] ] ] ] ],
        [ a essentia:DerivativeVariance ;
            afo:values _:33afa1ba-fad4-4477-998c-f467c5c4677f ],
        [ a essentia:SecondDerivativeVariance ;
            afo:values ( 7.226e-02 8.010929e-03 9.330575e-03 9.857525e-03 5.786542e-03 2.680521e-02 ) ] .

_:3bad140a-ad88-4566-bbd1-4224fa932753 a essentia:Median ;
    afo:values ( -6.643087e+00 -6.567812e+00 -6.69201e+00 -6.941861e+00 -6.800592e+00 -1.114043e+01 ) .

_:3d3574b0-b2b0-48b7-848b-ea57e64853d0 a essentia:SecondDerivativeMean ;
