@prefix afo: <https://w3id.org/afo/onto/1.1#> .
@prefix dc: <http://purl.org/dc/elements/1.1/> .
@prefix essentia: <http://sovarr.c4dm.eecs.qmul.ac.uk/af/essentia/> .
@prefix event: <http://purl.org/NET/c4dm/event.owl#> .
@prefix foaf: <http://xmlns.com/foaf/0.1/> .
@prefix mo: <http://purl.org/ontology/mo/> .
@prefix rdf: <http://www.w3.org/1999/02/22-rdf-syntax-ns#> .
@prefix rdfs: <http://www.w3.org/2000/01/rdf-schema#> .
@prefix tl: <http://purl.org/NET/c4dm/timeline.owl#> .
@prefix xml: <http://www.w3.org/XML/1998/namespace> .
@prefix xsd: <http://www.w3.org/2001/XMLSchema#> .

<http://musicbrainz.org/release/b2564a99-547c-4303-ad30-0476cc9ede08> a mo:Release ;
    dc:date "2005-05-10" ;
    dc:title "Starlight on the Rails: A Songbook" ;
    mo:catalogue_number "AKA 041CD" ;
    mo:publisher [ a mo:Label ;
            foaf:name "AK Press" ] ;
    mo:publishing_location "US" ;
    mo:release_status mo:official ;
    mo:release_type mo:album ;
    mo:track <http://musicbrainz.org/recording/a8e250ad-469d-4476-971b-9605869dbdd9> ;
    essentia:asin "B00080Z67E" ;
    essentia:barcode "767691904726" ;
    foaf:maker <http://musicbrainz.org/artist/c80cc23a-690e-498f-9e61-bea2509ca096> .

<30+-+Rice+&+Beans.mp3> a mo:AudioFile ;
    mo:encodes [ a essentia:Signal ;
            mo:sample_rate "44100"^^xsd:interger ;
            mo:time _:cd8d5574-15e2-4e99-80bc-baac62d11960 ;
            essentia:bit_rate "192000"^^xsd:float ;
            essentia:codec "mp3"^^xsd:string ;
            essentia:downmix "mix"^^xsd:string ;
            essentia:equal_loudness "0"^^xsd:float ;
            essentia:lossless false ;
            essentia:md5_encoded "b140f89e0bd4e23132cd37b2e88483d3"^^xsd:string ;
            essentia:replay_gain "-5.50131797791"^^xsd:float ] .

<http://musicbrainz.org/artist/c80cc23a-690e-498f-9e61-bea2509ca096> a mo:MusicArtist ;
    foaf:name "Utah Phillips" .

<http://musicbrainz.org/recording/a8e250ad-469d-4476-971b-9605869dbdd9> a mo:Track ;
    dc:title "Rice & Beans" ;
    mo:available_as <30+-+Rice+&+Beans.mp3> ;
    mo:genre [ a mo:Genre ] ;
    mo:track_number "30/32" .

[] a essentia:VersionInfo .

_:01a0bc70-4d33-4c8b-aba6-d8f3209bdbae a essentia:HPCP ;
    event:time _:cd8d5574-15e2-4e99-80bc-baac62d11960 ;
    afo:computed_by _:LowLevelExtractor ;
    afo:feature [ a essentia:Entropy ;
            afo:feature [ a essentia:DerivativeVariance ;
                    afo:value 3.53194e-01 ],
                [ a essentia:Maximum ;
                    afo:value 4.475026e+00 ],
                [ a essentia:Variance ;
                    afo:value 8.122385e-01 ],
                [ a essentia:Mean ;
                    afo:value 2.031638e+00 ],
                [ a essentia:SecondDerivativeVariance ;
                    afo:value 9.22384e-01 ],
                [ a essentia:SecondDerivativeMean ;
                    afo:value 1.135104e+00 ],
                [ a essentia:Minimum ;
                    afo:value 0 ],
                [ a essentia:DerivativeMean ;
                    afo:value 6.894221e-01 ],
                [ a essentia:Median ;
                    afo:value 2.062129e+00 ] ] .

_:01f5b439-834c-4e4f-89aa-c050cdeb9777 a essentia:FlatnessDB ;
    afo:feature [ a essentia:Mean ;
            afo:value 1.915589e-01 ],
        [ a essentia:Variance ;
            afo:value 3.849297e-03 ],
        [ a essentia:DerivativeVariance ;
            afo:value 6.115721e-04 ],
        [ a essentia:Maximum ;
            afo:value 4.717315e-01 ],
        [ a essentia:DerivativeMean ;
            afo:value 2.524379e-02 ],
        [ a essentia:SecondDerivativeMean ;
            afo:value 3.635239e-02 ],
        [ a essentia:SecondDerivativeVariance ;
            afo:value 1.263075e-03 ],
        [ a essentia:Median ;
            afo:value 1.863253e-01 ],
        [ a essentia:Minimum ;
            afo:value 4.584235e-02 ] .

_:027ccddd-4593-4ea1-968a-864d14e3f0e9 a essentia:Variance ;
    afo:value 3.099676e-03 .

_:029fefe2-bb82-469d-8cc5-d15230eff7fb a essentia:DerivativeMean ;
    afo:value 7.182114e+00 .

_:02c34f4a-979e-44b4-9f54-9a7b17409474 rdf:first 2.483148e-02 ;
    rdf:rest ( 2.194254e-02 2.416173e-02 2.140456e-02 1.878481e-02 1.602787e-02 1.453992e-02 1.710687e-02 2.421774e-02 3.285209e-02 5.354162e-02 5.655063e-02 5.297282e-02 1.087389e-01 1.171401e-01 5.170604e-02 2.83044e-02 2.872159e-02 5.401021e-02 7.971542e-02 6.265501e-02 6.04438e-02 5.738759e-02 6.446999e-02 9.238888e-02 1.130194e-01 1.010769e-01 6.693991e-02 5.972188e-02 4.507615e-02 2.769216e-02 2.673645e-02 3.257193e-02 4.127295e-02 6.002998e-02 4.828618e-02 ) .

_:03a73a27-c984-4cf6-b2cf-31d1c5089e49 a essentia:Maximum ;
    afo:value 1.176913e+02 .

_:03dea7f8-61b1-4694-a6b8-93436c14222e a essentia:Spread ;
    afo:feature _:029fefe2-bb82-469d-8cc5-d15230eff7fb,
        _:03a73a27-c984-4cf6-b2cf-31d1c5089e49,
        [ a essentia:SecondDerivativeMean ;
            afo:value 1.103046e+01 ],
        [ a essentia:Variance ;
            afo:value 4.097108e+02 ],
        [ a essentia:Mean ;
            afo:value 1.831816e+01 ],
        [ a essentia:SecondDerivativeVariance ;
            afo:value 3.338154e+02 ],
        [ a essentia:Minimum ;
            afo:value 3.015297e-01 ],
        [ a essentia:Median ;
            afo:value 1.13559e+01 ],
        [ a essentia:DerivativeVariance ;
            afo:value 1.592211e+02 ] .

_:04c94d57-4844-42f1-b58d-8de0e8f1925a a essentia:Maximum ;
    afo:value 1.612031e-02 .

_:051bc7bb-5680-4d4b-8cc9-82fedf15b8b0 a essentia:Minimum ;
    afo:value 0 .

_:053bf4a2-34d6-4bf0-a6c0-8a1dddbc424c a essentia:ERBBands ;
    event:time _:cd8d5574-15e2-4e99-80bc-baac62d11960 ;
    afo:computed_by _:LowLevelExtractor ;
    afo:feature [ a essentia:SecondDerivativeMean ;
            afo:values ( 1.128381e-03 5.951492e-02 4.498698e-01 2.088239e+00 4.017112e+00 1.832309e+00 5.699465e+00 1.744007e+01 1.42929e+01 1.109869e+01 2.061679e+01 1.056098e+01 9.662414e+00 1.129688e+01 1.242119e+01 2.215419e+01 2.20773e+01 1.515829e+01 1.245823e+01 5.501358e+00 5.036447e+00 5.620097e+00 8.120301e+00 1.04687e+01 6.715909e+00 4.09704e+00 2.109217e+00 2.513557e+00 4.400455e+00 2.739485e+00 1.93155e+00 1.314508e+00 9.845033e-01 5.020691e-01 2.387127e-01 9.247401e-02 2.543772e-02 3.646938e-03 8.295714e-05 8.390426e-06 ) ],
        [ a essentia:Median ;
            afo:values ( 3.91749e-04 1.915651e-02 2.340587e-01 1.254431e+00 1.984124e+00 1.074767e+00 2.08693e+00 3.009777e+00 2.589905e+00 1.148927e+00 8.936653e-01 4.935942e-01 4.586969e-01 6.708264e-01 4.841738e-01 6.956649e-01 5.444829e-01 4.016632e-01 3.176616e-01 2.251275e-01 4.393259e-01 6.56859e-01 1.0919e+00 1.405646e+00 1.168247e+00 7.795755e-01 2.657591e-01 1.213129e-01 1.47625e-01 1.766554e-01 1.992887e-01 9.144369e-02 5.013047e-02 2.230307e-02 1.266985e-02 4.571268e-03 1.218725e-03 1.739354e-04 1.022073e-05 9.104184e-06 ) ],
        [ a essentia:Mean ;
            afo:values ( 1.409265e-03 7.095489e-02 4.811094e-01 2.099821e+00 4.218947e+00 2.53675e+00 8.192269e+00 2.65553e+01 2.085051e+01 1.404366e+01 2.83148e+01 1.757866e+01 1.754239e+01 1.319897e+01 1.241333e+01 2.473109e+01 2.932853e+01 1.946268e+01 1.785312e+01 9.544576e+00 8.591125e+00 8.703673e+00 1.260889e+01 1.61642e+01 9.281743e+00 4.002118e+00 1.53585e+00 1.524909e+00 2.514059e+00 1.84639e+00 1.666716e+00 9.396421e-01 6.130272e-01 3.688812e-01 1.848173e-01 6.74379e-02 1.941617e-02 2.912106e-03 7.32121e-05 1.719461e-05 ) ],
        [ a essentia:Minimum ;
            afo:values ( 1.239573e-22 4.695234e-22 1.279529e-21 4.106152e-21 5.7834e-21 1.813286e-20 6.709606e-20 6.012169e-20 1.123881e-19 1.376676e-19 2.205518e-19 4.562776e-19 4.287653e-19 7.609804e-19 1.202585e-18 1.086274e-18 1.819963e-18 2.177069e-18 2.742715e-18 2.546325e-18 2.716305e-18 4.416199e-18 4.443617e-18 7.188056e-18 6.669115e-18 7.446737e-18 9.076772e-18 9.75086e-18 1.16656e-17 9.373186e-18 1.048057e-17 1.094579e-17 9.935365e-18 8.821135e-18 6.803569e-18 4.239441e-18 2.402797e-18 9.30186e-19 2.44969e-19 2.513551e-20 ) ],
        [ a essentia:DerivativeMean ;
            afo:values ( 8.055253e-04 4.172747e-02 2.83742e-01 1.272262e+00 2.562464e+00 1.272362e+00 3.935606e+00 1.264238e+01 1.043711e+01 7.96036e+00 1.521681e+01 8.312806e+00 7.715667e+00 8.150669e+00 8.657851e+00 1.591209e+01 1.666693e+01 1.109194e+01 9.546653e+00 4.372085e+00 3.885856e+00 4.112379e+00 6.048872e+00 8.001685e+00 4.848899e+00 2.69767e+00 1.306337e+00 1.575003e+00 2.719872e+00 1.72075e+00 1.264084e+00 8.257484e-01 6.024706e-01 3.271253e-01 1.520288e-01 5.904159e-02 1.663342e-02 2.418781e-03 5.543412e-05 6.061685e-06 ) ],
        [ a essentia:Variance ;
            afo:values ( 7.2833e-06 1.850609e-02 4.896468e-01 7.478806e+00 3.729497e+01 2.413843e+01 2.853446e+02 3.368183e+03 2.910969e+03 1.301456e+03 7.615136e+03 3.6582e+03 4.254507e+03 2.542776e+03 2.275209e+03 1.000591e+04 1.443712e+04 4.925688e+03 5.374101e+03 1.210754e+03 5.980883e+02 3.867157e+02 8.632534e+02 1.950241e+03 6.023553e+02 1.090024e+02 3.090092e+01 5.596652e+01 2.329933e+02 6.347113e+01 2.522098e+01 1.599896e+01 7.379833e+00 2.816044e+00 4.867421e-01 7.089275e-02 5.508074e-03 1.198789e-04 6.068531e-08 4.653551e-10 ) ],
        [ a essentia:Maximum ;
            afo:values ( 4.0983e-02 1.751801e+00 8.234503e+00 4.699335e+01 8.810973e+01 6.95126e+01 2.187627e+02 6.305656e+02 7.665521e+02 6.04162e+02 1.397998e+03 9.990386e+02 9.975115e+02 1.06756e+03 1.292405e+03 1.853788e+03 2.327397e+03 1.032125e+03 1.381037e+03 6.715946e+02 2.893773e+02 2.815656e+02 3.235515e+02 5.634325e+02 3.712531e+02 2.826578e+02 1.818437e+02 2.367854e+02 7.45453e+02 2.817489e+02 2.154824e+02 2.442626e+02 9.696021e+01 5.601849e+01 2.487718e+01 6.891526e+00 1.613249e+00 2.409292e-01 5.285344e-03 3.401747e-04 ) ],
        [ a essentia:SecondDerivativeVariance ;
            afo:values ( 6.676114e-06 1.589377e-02 7.195227e-01 1.272337e+01 5.496174e+01 1.508686e+01 1.770506e+02 1.94698e+03 1.494533e+03 1.022322e+03 4.120881e+03 1.58715e+03 1.135853e+03 2.209128e+03 3.505753e+03 8.308604e+03 7.456556e+03 3.791981e+03 2.662294e+03 4.868513e+02 2.091278e+02 1.932755e+02 4.336564e+02 7.843447e+02 3.234454e+02 2.348624e+02 1.065548e+02 1.747058e+02 8.277701e+02 1.896489e+02 5.836379e+01 5.351233e+01 2.263565e+01 5.610555e+00 9.123054e-01 1.347015e-01 8.84328e-03 1.780019e-04 8.551497e-08 2.896021e-10 ) ],
        [ a essentia:DerivativeVariance ;
            afo:values ( 3.140482e-06 7.593465e-03 2.771511e-01 4.872065e+00 2.2639e+01 7.982183e+00 8.767583e+01 1.014306e+03 8.210441e+02 5.471036e+02 2.307971e+03 9.351591e+02 7.56808e+02 1.107078e+03 1.536207e+03 4.229582e+03 4.214719e+03 1.867396e+03 1.554385e+03 2.832449e+02 1.243784e+02 9.890664e+01 2.347663e+02 4.846161e+02 1.71741e+02 9.051612e+01 3.901096e+01 6.721756e+01 3.099902e+02 7.306161e+01 2.353154e+01 2.001113e+01 8.631526e+00 2.355594e+00 3.903199e-01 5.813763e-02 4.000818e-03 8.152499e-05 3.989283e-08 1.331459e-10 ) ] .

_:0564a20e-7e0d-4c9d-a022-baca3360fe67 rdf:first 3.696446e-01 ;
    rdf:rest ( 3.800882e-01 3.142122e-01 3.212108e-01 3.161031e-01 4.762642e-01 ) .

_:06b1b27d-04ca-4c17-bfb9-fa46d8919d17 a essentia:Minimum ;
    afo:value 2.897906e+00 .

_:070bb9b5-6d3d-4454-8682-8c37d58b2e7d rdf:first 4.895342e-02 ;
    rdf:rest ( 2.873324e-02 2.849715e-02 2.071072e-02 8.673234e-03 1.74096e-02 ) .

_:073863b1-e45d-4e9b-bcfa-794b35fbf611 a essentia:Maximum ;
    afo:value 9.96074e-01 .

_:074cdd30-d273-4c02-ae26-d4034d19bc11 a essentia:EnergyBand ;
    event:time _:cd8d5574-15e2-4e99-80bc-baac62d11960 ;
    afo:computed_by _:LowLevelExtractor ;
    afo:feature _:04c94d57-4844-42f1-b58d-8de0e8f1925a,
        [ a essentia:Minimum ;
            afo:value 1.263959e-23 ],
        [ a essentia:DerivativeVariance ;
            afo:value 9.536041e-07 ],
        [ a essentia:Median ;
            afo:value 7.135359e-04 ],
        [ a essentia:Mean ;
            afo:value 1.131003e-03 ],
        [ a essentia:Variance ;
            afo:value 1.825935e-06 ],
        [ a essentia:SecondDerivativeMean ;
            afo:value 9.782045e-04 ],
        [ a essentia:DerivativeMean ;
            afo:value 6.108073e-04 ],
        [ a essentia:SecondDerivativeVariance ;
            afo:value 2.41907e-06 ] .

_:07cf0d64-b52f-4c2e-9f33-8f564b64cfc7 a essentia:HFC ;
    event:time _:cd8d5574-15e2-4e99-80bc-baac62d11960 ;
    afo:computed_by _:LowLevelExtractor ;
    afo:feature [ a essentia:Minimum ;
            afo:value 1.079213e-16 ],
        [ a essentia:Variance ;
            afo:value 2.927898e+02 ],
        [ a essentia:Mean ;
            afo:value 1.070687e+01 ],
        [ a essentia:Maximum ;
            afo:value 2.778875e+02 ],
        [ a essentia:DerivativeMean ;
            afo:value 4.058859e+00 ],
        [ a essentia:SecondDerivativeVariance ;
            afo:value 1.807584e+02 ],
        [ a essentia:Median ;
            afo:value 3.633381e+00 ],
        [ a essentia:SecondDerivativeMean ;
            afo:value 5.474432e+00 ],
        [ a essentia:DerivativeVariance ;
            afo:value 8.256601e+01 ] .

_:08c227db-7af1-4b31-a940-d69a266fedcd a essentia:DerivativeMean ;
    afo:values ( 4.460822e-01 4.124212e-01 4.062981e-01 4.144606e-01 4.018139e-01 4.664794e-01 ) .

_:08d56358-80df-47cd-b629-fd70fba0c5d5 a essentia:Minimum ;
    afo:values [ rdf:first 0 ;
            rdf:rest [ rdf:first 0 ;
                    rdf:rest [ rdf:first 0 ;
                            rdf:rest [ rdf:first 0 ;
                                    rdf:rest [ rdf:first 0 ;
                                            rdf:rest [ rdf:first 0 ;
                                                    rdf:rest () ] ] ] ] ] ] .

_:09073fc3-ff91-4988-bc7e-b9ff28f0ee91 a essentia:Maximum ;
    afo:value 1.916055e+01 .

_:091f12f4-bdcd-473a-a07b-b86a0f119e6b a essentia:Minimum ;
    afo:value -1 .

_:093142a2-6a65-48ec-9488-e8c9bd1d79ed a essentia:SecondDerivativeVariance ;
    afo:value 0 .

_:0a0a33b4-e349-4a2f-b118-0bb70f56d776 a essentia:ChordsHistogram ;
    event:time _:cd8d5574-15e2-4e99-80bc-baac62d11960 ;
    afo:value ( 4.330426e+01 7.234479e+00 1.839405e+01 8.978963e-01 1.539251e-01 0 1.026167e-01 2.82196e-01 6.464854e+00 1.539251e-01 0 0 0 0 0 2.231914e+00 1.564905e+00 2.411493e+00 0 6.157004e-01 0 5.64392e-01 6.824012e+00 8.799384e+00 ) .

_:0d166aca-9a3a-4c61-94a4-ba0f4100096e a essentia:SecondDerivativeMean ;
    afo:value 0 .

_:0d7a8c10-f53f-41e5-b97b-4fa8f40ced7b a essentia:Maximum ;
    afo:value 1.464247e+01 .

_:0da667a7-52d9-4710-9cd7-bf9cd18280ea a essentia:Median ;
    afo:value 2.023794e+00 .

_:0da99216-9307-4468-a90c-fd318a9e072f a essentia:Median ;
    afo:value 2.511992e-01 .

_:0e2a175a-6f7a-49fa-bdab-5751321cba3c a essentia:Variance ;
    afo:value 8.56553e-07 .

_:0e39a737-016f-4de0-8646-9de9db41262f a essentia:SecondDerivativeVariance ;
    afo:value 1.238912e+01 .

_:0f3fb563-317f-468a-bd4c-e580e4561353 a essentia:Minimum ;
    afo:value -1.005175e+00 .

_:0f78b8e6-5e41-4a83-a1a5-451117c94c94 a essentia:Minimum ;
    afo:value 3.100593e-12 .

_:10740ef6-3991-485e-9a0e-71c5ba9bd1fe a essentia:Maximum ;
    afo:value 8.987269e+00 .

_:11704192-30a8-4556-9d11-a5eb23a6876e a essentia:DerivativeVariance ;
    afo:value 1.61298e+12 .

_:1198a70c-543f-4087-a402-1d0f71a7f2c4 a essentia:SecondDerivativeVariance ;
    afo:value 1.561053e-01 .

_:11bb3915-b2c6-4c9d-82d2-009a52bb246f a essentia:Mean ;
    afo:value 2.552243e-01 .

_:11f498d6-cf8c-4dd7-8da9-d8d9ef27aca2 a essentia:SpectralContrast ;
    event:time _:cd8d5574-15e2-4e99-80bc-baac62d11960 ;
    afo:computed_by _:LowLevelExtractor ;
    afo:feature [ a essentia:Maximum ;
            afo:values ( -2.950505e-01 -2.892157e-01 -3.659213e-01 -4.64313e-01 -5.39269e-01 -6.488737e-01 ) ],
        [ a essentia:Minimum ;
            afo:values ( -9.778947e-01 -9.907017e-01 -9.960632e-01 -9.877046e-01 -9.882048e-01 -9.640312e-01 ) ],
        [ a essentia:Median ;
            afo:values ( -5.752699e-01 -6.847036e-01 -7.882938e-01 -7.960806e-01 -7.801504e-01 -7.983993e-01 ) ],
        [ a essentia:Variance ;
            afo:values ( 9.34965e-03 1.830439e-02 9.524265e-03 7.422821e-03 4.821573e-03 2.277185e-03 ) ],
        [ a essentia:Mean ;
            afo:values ( -5.808515e-01 -6.6168e-01 -7.658848e-01 -7.762407e-01 -7.715885e-01 -7.979119e-01 ) ],
        [ a essentia:SecondDerivativeMean ;
            afo:values ( 7.574622e-02 6.898042e-02 5.646749e-02 5.023172e-02 4.334953e-02 3.010274e-02 ) ],
        [ a essentia:DerivativeVariance ;
            afo:values ( 1.600993e-03 2.270952e-03 1.305253e-03 1.016931e-03 7.177514e-04 3.727845e-04 ) ],
        [ a essentia:DerivativeMean ;
            afo:values ( 4.753165e-02 4.718637e-02 3.733929e-02 3.386003e-02 2.886108e-02 2.081855e-02 ) ],
        [ a essentia:SecondDerivativeVariance ;
            afo:values ( 3.944485e-03 4.302671e-03 2.593171e-03 1.973575e-03 1.423527e-03 7.45895e-04 ) ] .

_:135950f2-e43e-4599-a7cb-41fc9e8379fb a essentia:SecondDerivativeMean ;
    afo:values ( 1.475337e-01 1.312515e-01 1.220682e-01 1.158616e-01 1.10349e-01 9.993275e-02 9.683618e-02 1.091297e-01 1.394675e-01 1.775692e-01 2.217839e-01 2.439485e-01 2.639102e-01 2.878548e-01 2.870393e-01 2.406901e-01 1.670098e-01 1.615867e-01 2.227509e-01 2.621947e-01 2.823939e-01 2.997226e-01 2.927212e-01 3.178816e-01 3.892263e-01 3.895265e-01 3.581363e-01 3.132411e-01 2.232686e-01 1.853392e-01 1.645108e-01 1.521915e-01 1.656546e-01 1.871286e-01 1.951387e-01 1.844137e-01 ) .

_:13a583f3-4099-4db6-9bfd-d496ca7e50b0 a essentia:SecondDerivativeMean ;
    afo:value 4.195979e+00 .

_:13e6a8e2-513b-4df6-b3ac-640121e3670a a essentia:DerivativeMean ;
    afo:value 8.318105e+05 .

_:14d949b2-84c6-40f6-bbeb-7f0a5c5d3507 a essentia:Minimum ;
    afo:value -1.26022e+00 .

_:153fa914-62a0-416e-9b27-b2e6431b5279 a essentia:SecondDerivativeVariance ;
    afo:value 0 .

_:1555dafc-3c03-4b2a-adb7-bfde65424d03 a essentia:Decrease ;
    event:time _:cd8d5574-15e2-4e99-80bc-baac62d11960 ;
    afo:computed_by _:LowLevelExtractor ;
    afo:feature [ a essentia:Mean ;
            afo:value -2.971321e-09 ],
        [ a essentia:Minimum ;
            afo:value -2.794571e-08 ],
        [ a essentia:DerivativeMean ;
            afo:value 9.190904e-10 ],
        [ a essentia:Median ;
            afo:value -1.407826e-09 ],
        [ a essentia:SecondDerivativeVariance ;
            afo:value 3.354396e-18 ],
        [ a essentia:SecondDerivativeMean ;
            afo:value 1.203326e-09 ],
        [ a essentia:DerivativeVariance ;
            afo:value 2.072037e-18 ],
        [ a essentia:Variance ;
            afo:value 1.413692e-17 ],
        [ a essentia:Maximum ;
            afo:value 2.111994e-28 ] .

_:156a2b4f-2261-40d7-a253-8e17cbc4dc46 a essentia:BarkBands ;
    event:time _:cd8d5574-15e2-4e99-80bc-baac62d11960 ;
    afo:computed_by _:LowLevelExtractor ;
    afo:feature _:03dea7f8-61b1-4694-a6b8-93436c14222e .

_:15ae4097-82e5-4e8d-b090-b3431f01748f rdf:first 9.909633e-01 ;
    rdf:rest ( 7.278669e-01 7.306008e-01 7.6177e-01 4.894582e-01 7.767725e-01 ) .

_:16277afd-00fe-4730-a6cb-163318bd9073 a essentia:Maximum ;
    afo:value 1.169005e-01 .

_:165c698a-f98e-41ca-bdce-c313f08d5182 a essentia:MFCC ;
    event:time _:cd8d5574-15e2-4e99-80bc-baac62d11960 ;
    afo:computed_by _:LowLevelExtractor ;
    afo:feature [ a essentia:InverseCovariance ;
            afo:dimensions ( 13 13 ) ;
            afo:values ( 1.094951e-04 3.931505e-05 1.501486e-04 -8.901188e-05 1.795981e-04 -5.487257e-05 1.250223e-04 -1.120903e-04 3.18461e-04 -1.552442e-04 -6.066355e-05 -1.000312e-04 3.395731e-05 3.931505e-05 5.741224e-04 1.504321e-04 4.692726e-06 2.884353e-05 2.858755e-04 -1.995961e-04 -2.281738e-04 4.461183e-04 -2.454619e-05 -1.478705e-04 -2.108827e-05 7.754645e-05 1.501486e-04 1.504321e-04 1.818891e-03 -6.293724e-04 3.864718e-04 -3.515455e-04 -7.026596e-04 1.856844e-04 -4.599878e-04 8.480613e-04 3.186958e-04 -1.903279e-04 6.823396e-04 -8.901188e-05 4.692726e-06 -6.293724e-04 2.424425e-03 -1.204557e-03 3.197844e-04 -3.558502e-05 -2.277775e-04 -8.229822e-04 6.202499e-04 4.585389e-04 1.28999e-03 -1.043758e-03 1.795981e-04 2.884353e-05 3.864718e-04 -1.204557e-03 3.964458e-03 -1.291545e-03 6.785917e-04 6.129672e-04 1.424476e-03 -1.327035e-03 1.159674e-04 7.059181e-04 -1.272567e-03 -5.487257e-05 2.858755e-04 -3.515455e-04 3.197844e-04 -1.291545e-03 3.774843e-03 -1.770075e-03 1.257879e-03 -1.655507e-03 6.285262e-04 -1.190581e-03 6.775869e-04 1.122213e-04 1.250223e-04 -1.995961e-04 -7.026596e-04 -3.558502e-05 6.785917e-04 -1.770075e-03 6.026573e-03 -1.490227e-03 -1.972289e-04 -1.203237e-04 2.700573e-04 -2.171162e-03 8.320508e-04 -1.120903e-04 -2.281738e-04 1.856844e-04 -2.277775e-04 6.129672e-04 1.257879e-03 -1.490227e-03 5.515219e-03 -1.790786e-03 8.08184e-04 6.216293e-05 -2.431131e-04 -8.263356e-04 3.18461e-04 4.461183e-04 -4.599878e-04 -8.229822e-04 1.424476e-03 -1.655507e-03 -1.972289e-04 -1.790786e-03 7.72129e-03 -2.6834e-03 1.455982e-04 -2.646638e-04 5.087005e-04 -1.552442e-04 -2.454619e-05 8.480613e-04 6.202499e-04 -1.327035e-03 6.285262e-04 -1.203237e-04 8.08184e-04 -2.6834e-03 7.609365e-03 -2.283023e-03 3.529713e-04 5.321995e-07 -6.066355e-05 -1.478705e-04 3.186958e-04 4.585389e-04 1.159674e-04 -1.190581e-03 2.700573e-04 6.216293e-05 1.455982e-04 -2.283023e-03 1.08899e-02 -3.164216e-03 1.605806e-03 -1.000312e-04 -2.108827e-05 -1.903279e-04 1.28999e-03 7.059181e-04 6.775869e-04 -2.171162e-03 -2.431131e-04 -2.646638e-04 3.529713e-04 -3.164216e-03 1.228559e-02 -2.412914e-03 3.395731e-05 7.754645e-05 6.823396e-04 -1.043758e-03 -1.272567e-03 1.122213e-04 8.320508e-04 -8.263356e-04 5.087005e-04 5.321995e-07 1.605806e-03 -2.412914e-03 1.080112e-02 ) ],
        [ a essentia:Covariance ;
            afo:dimensions ( 13 13 ) ;
            afo:values ( 1.686688e+04 6.389489e+02 -2.61782e+03 -6.431841e+02 -4.367458e+02 -1.028048e+03 -8.524049e+02 1.374116e+02 -9.554863e+02 3.994985e+02 2.418512e+02 1.539482e+02 1.244247e+02 6.389489e+02 2.257624e+03 -4.744706e+02 -2.104694e+02 -1.199334e+02 -4.074045e+02 -6.27074e+01 1.270707e+02 -2.407712e+02 1.115971e+01 3.264979e+01 5.022766e+01 1.377808e+01 -2.61782e+03 -4.744706e+02 1.31221e+03 3.268153e+02 -2.364868e+01 3.673577e+02 3.179154e+02 8.418663e+00 2.848445e+02 -1.798799e+02 -7.738143e+01 -2.242447e+01 -7.703902e+01 -6.431841e+02 -2.104694e+02 3.268153e+02 7.26388e+02 2.411523e+02 9.76171e+01 8.042996e+00 -6.840327e+00 8.02953e+01 -6.969241e+01 -9.383217e+01 -1.020951e+02 6.670045e+01 -4.367458e+02 -1.199334e+02 -2.364868e+01 2.411523e+02 4.848909e+02 1.313515e+02 -7.699274e+01 -1.176026e+02 -3.28472e+01 4.333146e+01 -2.413361e+01 -7.529343e+01 6.80424e+01 -1.028048e+03 -4.074045e+02 3.673577e+02 9.76171e+01 1.313515e+02 5.558572e+02 1.810553e+02 -8.619518e+01 1.746527e+02 -1.250806e+01 2.414058e+01 -1.793498e+01 -3.427889e+01 -8.524049e+02 -6.27074e+01 3.179154e+02 8.042996e+00 -7.699274e+01 1.810553e+02 3.228284e+02 6.634932e+01 1.257674e+02 -3.972095e+01 7.026054e+00 4.697289e+01 -4.33937e+01 1.374116e+02 1.270707e+02 8.418663e+00 -6.840327e+00 -1.176026e+02 -8.619518e+01 6.634932e+01 2.596626e+02 4.4127e+01 -2.48316e+01 -6.123779e+00 3.166165e+01 5.163384e+00 -9.554863e+02 -2.407712e+02 2.848445e+02 8.02953e+01 -3.28472e+01 1.746527e+02 1.257674e+02 4.4127e+01 2.724588e+02 1.466092e+01 4.122069e-01 2.8531e+00 -2.975634e+01 3.994985e+02 1.115971e+01 -1.798799e+02 -6.969241e+01 4.333146e+01 -1.250806e+01 -3.972095e+01 -2.48316e+01 1.466092e+01 1.965389e+02 5.257638e+01 7.250676e+00 2.791153e+00 2.418512e+02 3.264979e+01 -7.738143e+01 -9.383217e+01 -2.413361e+01 2.414058e+01 7.026054e+00 -6.123779e+00 4.122069e-01 5.257638e+01 1.279551e+02 3.947789e+01 -1.950364e+01 1.539482e+02 5.022766e+01 -2.242447e+01 -1.020951e+02 -7.529343e+01 -1.793498e+01 4.697289e+01 3.166165e+01 2.8531e+00 7.250676e+00 3.947789e+01 1.175866e+02 1.089644e+00 1.244247e+02 1.377808e+01 -7.703902e+01 6.670045e+01 6.80424e+01 -3.427889e+01 -4.33937e+01 5.163384e+00 -2.975634e+01 2.791153e+00 -1.950364e+01 1.089644e+00 1.200602e+02 ) ],
        [ a essentia:Mean ;
            afo:values ( -7.739478e+02 1.213232e+02 1.591596e+01 2.974991e+01 1.897993e+00 -7.412103e+00 -2.576846e+00 2.130555e+00 -2.271167e+01 -4.820625e+00 -4.32248e+00 -6.008822e+00 -3.625812e+00 ) ] .

_:16aacfe0-4aae-477c-af8c-a8a4f7f8551c a essentia:Minimum ;
    afo:value -1.853272e+00 .

_:16d37545-6253-4e4e-be31-46aa4ff41371 a essentia:Variance ;
    afo:value 0 .

_:1712bd3f-d58e-4f09-98e4-d100683bd797 a essentia:Mean ;
    afo:value 2.369406e+00 .

_:174d8883-c8d3-45d1-a4ce-86afe66e0661 a essentia:Mean ;
    afo:values ( 3.702984e-01 2.505257e-01 2.017738e-01 9.067059e-02 6.893431e-02 7.026456e-02 ) .

_:17afe998-f26b-4258-b262-dac9017ed84e rdf:first 2.627322e-07 ;
    rdf:rest ( 1.340025e-04 2.875513e-04 7.068809e-04 5.657309e-04 1.213691e-03 5.84396e-04 6.54585e-04 4.089501e-04 2.15383e-04 2.301624e-04 3.962082e-04 3.909229e-04 2.307842e-04 1.458774e-04 7.103502e-05 7.746356e-05 1.288396e-04 1.334628e-04 5.88765e-05 3.317738e-05 6.477973e-05 4.630797e-05 3.693682e-05 2.476065e-05 1.045673e-05 4.621577e-07 ) .

_:17b3816e-778c-47e7-9cf2-da2be328c6fe a essentia:Minimum ;
    afo:value 2.704682e+00 .

_:18d38fa9-eec4-46d6-ac06-9ac0036fcb78 a essentia:DerivativeVariance ;
    afo:value 1.417786e+02 .

_:18e73ec3-e8ae-41b9-aad4-70adc7dbb941 a essentia:SecondDerivativeMean ;
    afo:value 5.396035e-01 .

_:192b514e-55db-4505-9a6f-c7fe00d7a8b8 rdf:first 2.697178e-01 ;
    rdf:rest ( 2.138478e-01 2.009753e-01 1.132518e-01 7.776386e-02 8.490647e-02 ) .

_:195dbf6b-0f52-48c0-b119-be68f2379cf1 a essentia:Mean ;
    afo:value 3.204028e-01 .

_:1a309bf1-4af1-47ba-91ac-570cc583b50b a essentia:SecondDerivativeMean ;
    afo:value 1.144674e+03 .

_:1ab2f6cc-fc93-4429-8adc-0340eb4b89d6 a essentia:SecondDerivativeVariance ;
    afo:value 6.502904e+02 .

_:1ad38c8e-74d6-48da-913f-2cd6d6eaf360 a essentia:Minimum ;
    afo:value 3.290598e-01 .

_:1b20c9b8-0768-4ff8-9cf3-3d3a14b643dc a essentia:Variance ;
    afo:value 9.750544e+02 .

_:1b2359d6-5207-4220-ba20-dade0d1f14b2 a essentia:DerivativeVariance ;
    afo:value 3.274553e+02 .

_:1cbcc5d7-7a62-4bf0-8c31-67fcd06a9a87 a essentia:ChordsKey ;
    event:time _:cd8d5574-15e2-4e99-80bc-baac62d11960 ;
    afo:value "C#" .

_:1d0bbaf3-697a-4aff-95ad-f8e843c138de a essentia:Mean ;
    afo:values ( -9.061865e+00 -8.51652e+00 -9.214787e+00 -9.709641e+00 -9.231997e+00 -1.163576e+01 ) .

_:1d297f07-3187-4d88-b891-5312a5737d9a a essentia:ERBBands ;
    event:time _:cd8d5574-15e2-4e99-80bc-baac62d11960 ;
    afo:computed_by _:LowLevelExtractor ;
    afo:feature [ a essentia:Spread ;
            afo:feature [ a essentia:SecondDerivativeMean ;
                    afo:value 1.826343e+01 ],
                [ a essentia:Minimum ;
                    afo:value 1.733475e+00 ],
                [ a essentia:DerivativeMean ;
                    afo:value 1.214421e+01 ],
                [ a essentia:Variance ;
                    afo:value 7.426531e+02 ],
                [ a essentia:Mean ;
                    afo:value 4.237897e+01 ],
                [ a essentia:DerivativeVariance ;
                    afo:value 2.620854e+02 ],
                [ a essentia:SecondDerivativeVariance ;
                    afo:value 5.710718e+02 ],
                [ a essentia:Median ;
                    afo:value 3.645769e+01 ],
                [ a essentia:Maximum ;
                    afo:value 1.753876e+02 ] ] .

_:1d2eb09a-8d9c-4652-ae2d-93039e88b66c a essentia:Maximum ;
    afo:value 1.025641e-01 .

_:1d8c491c-d043-454d-884c-2d1764286ae3 a essentia:DerivativeVariance ;
    afo:value 6.223287e-04 .

_:1de5420c-e994-4e3c-a698-ff407b955f89 a essentia:ZeroCrossingRate ;
    event:time _:cd8d5574-15e2-4e99-80bc-baac62d11960 ;
    afo:computed_by _:LowLevelExtractor ;
    afo:feature _:1d8c491c-d043-454d-884c-2d1764286ae3,
        [ a essentia:SecondDerivativeMean ;
            afo:value 1.659398e-02 ],
        [ a essentia:SecondDerivativeVariance ;
            afo:value 6.70786e-04 ],
        [ a essentia:Mean ;
            afo:value 6.055784e-02 ],
        [ a essentia:Variance ;
            afo:value 6.077434e-03 ],
        [ a essentia:Maximum ;
            afo:value 5.3125e-01 ],
        [ a essentia:Median ;
            afo:value 3.759766e-02 ],
        [ a essentia:DerivativeMean ;
            afo:value 1.457945e-02 ],
        [ a essentia:Minimum ;
            afo:value 5.371094e-03 ] .

_:1e05e4a4-a7d2-4f7e-89c5-d4078c289fef a essentia:Median ;
    afo:value 5.677349e-03 .

_:1e7a7396-e8f3-479e-b2df-4b128e523a5b a essentia:SecondDerivativeVariance ;
    afo:value 1.577427e+01 .

_:1ed858bd-9b32-4d6f-b11b-61eb0728319f a essentia:DerivativeMean ;
    afo:value 2.937025e+02 .

_:1ee87975-5cf0-4d36-bf01-1a2119e34e89 a essentia:Median ;
    afo:value 76 .

_:1f5d0686-5bc7-4fe1-91be-1487775759c4 a essentia:SecondPeakSpread ;
    event:time _:cd8d5574-15e2-4e99-80bc-baac62d11960 ;
    afo:computed_by _:LowLevelExtractor ;
    afo:feature _:0d166aca-9a3a-4c61-94a4-ba0f4100096e,
        [ a essentia:Minimum ;
            afo:value 2.941177e-01 ],
        [ a essentia:DerivativeVariance ;
            afo:value 0 ],
        [ a essentia:SecondDerivativeVariance ;
            afo:value 0 ],
        [ a essentia:Variance ;
            afo:value 0 ],
        [ a essentia:Maximum ;
            afo:value 2.941177e-01 ],
        [ a essentia:Mean ;
            afo:value 2.941177e-01 ],
        [ a essentia:DerivativeMean ;
            afo:value 0 ],
        [ a essentia:Median ;
            afo:value 2.941177e-01 ] .

_:1f983919-c991-47aa-92e9-14725244fb04 a essentia:MelBands ;
    event:time _:cd8d5574-15e2-4e99-80bc-baac62d11960 ;
    afo:computed_by _:LowLevelExtractor ;
    afo:feature [ a essentia:Mean ;
            afo:values ( 3.488624e-05 1.96504e-04 4.577694e-04 2.251188e-04 2.469244e-04 5.817296e-04 2.999381e-04 1.748332e-04 2.124503e-04 1.135515e-04 8.535989e-05 5.100207e-05 3.955062e-05 5.616268e-05 7.559323e-05 5.457209e-05 3.351543e-05 3.011198e-05 1.726843e-05 9.640865e-06 1.021881e-05 8.815185e-06 9.762639e-06 1.255992e-05 1.3513e-05 8.603331e-06 4.158516e-06 2.30218e-06 1.04646e-06 6.373419e-07 9.359081e-07 1.474265e-06 1.1392e-06 1.006633e-06 1.066852e-06 6.92189e-07 5.177091e-07 4.449027e-07 3.538164e-07 2.980433e-07 ) ],
        [ a essentia:DerivativeVariance ;
            afo:values ( 1.962859e-09 4.674063e-08 2.189348e-07 4.474787e-08 7.701826e-08 4.110698e-07 1.569964e-07 7.021274e-08 1.36257e-07 4.006479e-08 1.872958e-08 1.685089e-08 1.981709e-08 2.809229e-08 3.90614e-08 2.027822e-08 7.027479e-09 5.517921e-09 1.584059e-09 2.716346e-10 1.893188e-10 1.271268e-10 1.767178e-10 2.854768e-10 3.991046e-10 1.683532e-10 8.147347e-11 3.951405e-11 2.057788e-11 8.29579e-12 3.05502e-11 1.218949e-10 4.068763e-11 1.859955e-11 8.276177e-12 1.028171e-11 6.239612e-12 5.344775e-12 2.485089e-12 1.641131e-12 ) ],
        [ a essentia:DerivativeMean ;
            afo:values ( 2.076255e-05 1.146218e-04 2.697068e-04 1.240004e-04 1.1948e-04 2.643397e-04 1.503922e-04 9.632272e-05 1.165331e-04 5.443883e-05 3.871048e-05 3.235268e-05 2.930588e-05 3.983982e-05 4.605818e-05 3.422752e-05 2.08905e-05 1.738298e-05 9.106881e-06 4.477883e-06 4.834816e-06 4.41479e-06 5.018212e-06 6.471911e-06 6.93138e-06 4.513494e-06 2.598272e-06 1.729349e-06 9.155884e-07 6.045555e-07 1.006019e-06 1.629105e-06 1.171758e-06 9.221611e-07 7.984982e-07 5.959509e-07 4.78226e-07 4.618172e-07 3.33809e-07 2.683319e-07 ) ],
        [ a essentia:SecondDerivativeVariance ;
            afo:values ( 3.984435e-09 1.16297e-07 5.431328e-07 1.05495e-07 1.56195e-07 7.724983e-07 2.8321e-07 1.327516e-07 2.45441e-07 6.576504e-08 2.849248e-08 3.287973e-08 4.535596e-08 5.854396e-08 7.634967e-08 3.637165e-08 1.42837e-08 1.005352e-08 2.999824e-09 4.623103e-10 3.369358e-10 2.569087e-10 3.308653e-10 5.211043e-10 6.649917e-10 3.000885e-10 2.051194e-10 1.025154e-10 5.679317e-11 2.18041e-11 7.952643e-11 3.262446e-10 1.073523e-10 4.820819e-11 1.999102e-11 2.728795e-11 1.678761e-11 1.435051e-11 5.994709e-12 3.952616e-12 ) ],
        [ a essentia:Minimum ;
            afo:values ( 1.565645e-24 6.750104e-25 1.129692e-24 7.917999e-25 2.417302e-24 1.551482e-24 1.267788e-24 1.552307e-24 1.695437e-24 2.752497e-24 1.765593e-24 2.999091e-24 2.777588e-24 3.394349e-24 3.306032e-24 4.060092e-24 2.86309e-24 3.473476e-24 3.793593e-24 2.844047e-24 2.715916e-24 3.816332e-24 4.263775e-24 4.087314e-24 5.159148e-24 5.058569e-24 3.895048e-24 4.500872e-24 3.905015e-24 4.437357e-24 5.241407e-24 5.87358e-24 4.413455e-24 4.839999e-24 5.408245e-24 5.956796e-24 6.187031e-24 5.6395e-24 6.746589e-24 7.027222e-24 ) ],
        [ a essentia:Variance ;
            afo:values ( 4.944829e-09 9.048627e-08 3.436786e-07 9.072049e-08 2.647943e-07 1.531002e-06 5.549431e-07 1.915509e-07 4.333592e-07 1.669447e-07 1.03398e-07 4.042445e-08 2.810791e-08 5.385548e-08 1.109509e-07 5.367107e-08 1.660402e-08 1.619528e-08 5.028315e-09 1.212365e-09 8.261585e-10 4.618671e-10 5.752436e-10 9.899938e-10 1.527038e-09 6.213638e-10 1.217794e-10 4.39053e-11 1.587692e-11 6.989292e-12 2.478675e-11 9.02718e-11 3.328207e-11 1.640562e-11 9.647598e-12 8.562262e-12 4.97326e-12 4.163717e-12 2.852548e-12 1.885039e-12 ) ],
        [ a essentia:Median ;
            afo:values ( 7.723095e-06 8.904046e-05 2.789789e-04 1.189126e-04 5.292138e-05 7.445538e-05 3.433979e-05 9.713028e-06 6.350669e-06 2.839024e-06 2.19297e-06 2.589107e-06 1.470557e-06 1.698567e-06 1.466066e-06 9.51493e-07 6.710425e-07 5.122214e-07 2.778812e-07 2.879727e-07 4.826323e-07 5.263267e-07 8.252368e-07 9.787381e-07 1.065719e-06 8.134958e-07 6.656299e-07 4.085395e-07 1.611365e-07 7.282364e-08 5.124416e-08 7.216754e-08 7.700502e-08 9.284365e-08 1.196174e-07 6.679225e-08 4.281918e-08 3.61847e-08 2.052925e-08 1.513485e-08 ) ],
        [ a essentia:SecondDerivativeMean ;
            afo:values ( 2.892023e-05 1.778003e-04 4.33833e-04 1.887961e-04 1.712773e-04 3.601514e-04 2.066233e-04 1.333616e-04 1.576916e-04 6.860093e-05 4.88699e-05 4.472791e-05 4.293093e-05 5.736748e-05 6.400888e-05 4.725947e-05 2.905638e-05 2.317115e-05 1.20442e-05 5.8829e-06 6.487243e-06 6.190024e-06 6.979428e-06 8.75554e-06 9.158515e-06 6.256327e-06 3.846726e-06 2.694751e-06 1.501242e-06 9.794217e-07 1.620033e-06 2.654491e-06 1.885597e-06 1.475965e-06 1.213488e-06 9.337089e-07 7.722409e-07 7.666198e-07 5.230129e-07 4.19643e-07 ) ],
        [ a essentia:Maximum ;
            afo:values ( 8.981137e-04 3.63333e-03 8.542959e-03 3.398671e-03 6.908749e-03 1.249795e-02 1.050634e-02 5.76805e-03 9.819215e-03 5.994973e-03 4.787432e-03 4.068841e-03 4.27311e-03 4.89657e-03 5.580734e-03 5.728992e-03 2.219439e-03 2.646905e-03 1.361248e-03 7.630522e-04 3.234559e-04 3.462763e-04 4.432808e-04 4.416968e-04 5.478289e-04 3.917899e-04 2.872273e-04 2.105699e-04 1.441275e-04 9.723886e-05 1.689861e-04 4.743161e-04 2.275967e-04 1.124605e-04 1.249417e-04 1.671748e-04 1.319007e-04 7.759799e-05 4.744696e-05 4.853258e-05 ) ] .

_:203b91a0-2d26-4b80-802e-8f37bdff61c3 a essentia:Mean ;
    afo:value 1.759931e+00 .

_:216760f8-0a0e-4083-add7-55116f61b8fd a essentia:SecondDerivativeVariance ;
    afo:value 1.752351e-03 .

_:21acf3c5-d681-45e8-a95e-a8948c858202 a essentia:SecondDerivativeMean ;
    afo:value 4.309215e-02 .

_:2256d5a1-ecd2-4ac5-b51d-be876e52d82f a essentia:BarkBands ;
    event:time _:cd8d5574-15e2-4e99-80bc-baac62d11960 ;
    afo:computed_by _:LowLevelExtractor ;
    afo:feature [ a essentia:Skewness ;
            afo:feature _:0da667a7-52d9-4710-9cd7-bf9cd18280ea,
                _:1712bd3f-d58e-4f09-98e4-d100683bd797,
                [ a essentia:SecondDerivativeMean ;
                    afo:value 1.147242e+00 ],
                [ a essentia:DerivativeVariance ;
                    afo:value 7.51478e-01 ],
                [ a essentia:DerivativeMean ;
                    afo:value 7.761847e-01 ],
                [ a essentia:Minimum ;
                    afo:value -3.029686e+00 ],
                [ a essentia:Maximum ;
                    afo:value 1.249643e+01 ],
                [ a essentia:Variance ;
                    afo:value 4.247001e+00 ],
                [ a essentia:SecondDerivativeVariance ;
                    afo:value 1.609384e+00 ] ] .

_:22b152aa-fe7c-4014-96be-73416d301747 a essentia:Minimum ;
    afo:value 0 .

_:23d0a7ff-9115-4d8f-971f-5ceaaccb3115 a essentia:DerivativeMean ;
    afo:value 3.297144e+00 .

_:245ebe82-885a-4a1f-9f7b-54cc952e5bee a essentia:Skewness ;
    event:time _:cd8d5574-15e2-4e99-80bc-baac62d11960 ;
    afo:computed_by _:LowLevelExtractor ;
    afo:feature _:203b91a0-2d26-4b80-802e-8f37bdff61c3,
        [ a essentia:Median ;
            afo:value 1.673683e+00 ],
        [ a essentia:Maximum ;
            afo:value 6.091277e+00 ],
        [ a essentia:DerivativeVariance ;
            afo:value 1.305844e-01 ],
        [ a essentia:SecondDerivativeVariance ;
            afo:value 2.585057e-01 ],
        [ a essentia:Minimum ;
            afo:value -7.895792e-02 ],
        [ a essentia:DerivativeMean ;
            afo:value 3.518769e-01 ],
        [ a essentia:SecondDerivativeMean ;
            afo:value 5.210737e-01 ],
        [ a essentia:Variance ;
            afo:value 7.02762e-01 ] .

_:24956a46-7210-4608-96d8-160c5a875aa2 a essentia:SecondDerivativeVariance ;
    afo:value 1.93156e-03 .

_:24e77688-c318-4a52-acc3-5ea6e672a074 a essentia:BPM ;
    event:time _:cd8d5574-15e2-4e99-80bc-baac62d11960 ;
    afo:value 7.724955e+01 .

_:2501c89f-a807-43b2-a8a3-f5c7df00637a a essentia:HPCP ;
    event:time _:cd8d5574-15e2-4e99-80bc-baac62d11960 ;
    afo:computed_by _:LowLevelExtractor ;
    afo:feature _:135950f2-e43e-4599-a7cb-41fc9e8379fb,
        [ a essentia:Maximum ;
            afo:values ( 1 1 1 1 1 1 1 1 1 1 1 1 1 1 1 1 1 1 1 1 1 1 1 1 1 1 1 1 1 1 1 1 1 1 1 1 ) ],
        [ a essentia:SecondDerivativeVariance ;
            afo:values ( 7.202727e-02 7.470042e-02 7.359064e-02 6.835391e-02 6.784283e-02 5.487755e-02 5.451535e-02 6.247709e-02 8.485694e-02 1.019851e-01 1.234349e-01 1.331654e-01 1.41218e-01 1.473922e-01 1.569585e-01 1.307611e-01 9.678775e-02 9.252773e-02 1.373633e-01 1.696314e-01 1.665964e-01 1.921137e-01 1.783835e-01 1.897914e-01 2.249835e-01 1.951305e-01 1.826199e-01 1.6971e-01 1.304424e-01 1.157194e-01 9.655058e-02 9.386566e-02 1.029347e-01 1.07662e-01 9.657047e-02 8.710635e-02 ) ],
        [ a essentia:DerivativeVariance ;
            afo:values ( 2.716839e-02 2.701014e-02 2.677512e-02 2.472421e-02 2.419266e-02 1.999728e-02 1.943705e-02 2.274732e-02 3.083455e-02 3.77469e-02 4.698689e-02 5.076531e-02 5.277269e-02 5.975869e-02 6.204131e-02 4.907861e-02 3.528254e-02 3.435202e-02 5.09578e-02 6.521901e-02 6.076575e-02 7.120756e-02 6.661729e-02 7.045697e-02 8.375353e-02 7.659481e-02 7.32604e-02 6.343967e-02 4.947244e-02 4.25562e-02 3.445451e-02 3.352819e-02 3.766537e-02 3.994334e-02 3.828196e-02 3.45851e-02 ) ],
        [ a essentia:Mean ;
            afo:values ( 7.458953e-02 5.864533e-02 5.859942e-02 5.400842e-02 4.982852e-02 4.557575e-02 4.16563e-02 4.594759e-02 5.817875e-02 8.335666e-02 1.244923e-01 1.342286e-01 1.410457e-01 2.320723e-01 2.386959e-01 1.279594e-01 6.96365e-02 6.93295e-02 1.135693e-01 1.5205e-01 1.40434e-01 1.243867e-01 1.218271e-01 1.399145e-01 2.009007e-01 2.642884e-01 2.373995e-01 1.588117e-01 1.20959e-01 9.540384e-02 7.159406e-02 6.795668e-02 7.623281e-02 1.003024e-01 1.436007e-01 1.290026e-01 ) ],
        [ a essentia:Variance ;
            afo:values _:02c34f4a-979e-44b4-9f54-9a7b17409474 ],
        [ a essentia:Median ;
