@prefix afo: <https://w3id.org/afo/onto/1.1#> .
@prefix dc: <http://purl.org/dc/elements/1.1/> .
@prefix essentia: <http://sovarr.c4dm.eecs.qmul.ac.uk/af/essentia/> .
@prefix event: <http://purl.org/NET/c4dm/event.owl#> .
@prefix foaf: <http://xmlns.com/foaf/0.1/> .
@prefix mo: <http://purl.org/ontology/mo/> .
@prefix rdf: <http://www.w3.org/1999/02/22-rdf-syntax-ns#> .
@prefix rdfs: <http://www.w3.org/2000/01/rdf-schema#> .
@prefix tl: <http://purl.org/NET/c4dm/timeline.owl#> .
@prefix xml: <http://www.w3.org/XML/1998/namespace> .
@prefix xsd: <http://www.w3.org/2001/XMLSchema#> .

<http://musicbrainz.org/artist/961f31f2-31bf-4469-bc66-f6a2fda12db5> a mo:MusicArtist .

<http://musicbrainz.org/release/4f23eb4c-4931-4586-8054-fb799ee4518f> a mo:Release ;
    dc:date "1986-06" ;
    dc:title "Labyrinth" ;
    mo:catalogue_number "CDP 7 463122" ;
    mo:publisher [ a mo:Label ;
            foaf:name "EMI America" ] ;
    mo:track <http://musicbrainz.org/recording/acdcdafd-feb5-4a53-88fc-c2031c51713e> ;
    essentia:asin "B000002U9L" ;
    essentia:barcode "077774631228" ;
    foaf:maker <http://musicbrainz.org/artist/5441c29d-3602-4898-b1a1-b77fa23b8e50> .

<06+Hallucination.flac> a mo:AudioFile ;
    mo:encodes [ a essentia:Signal ;
            mo:sample_rate "44100"^^xsd:interger ;
            mo:time _:9ef11137-ff0e-484f-b0b0-0b2ca0d49488 ;
            essentia:bit_rate "0"^^xsd:float ;
            essentia:codec "flac"^^xsd:string ;
            essentia:downmix "mix"^^xsd:string ;
            essentia:equal_loudness "0"^^xsd:float ;
            essentia:lossless true ;
            essentia:md5_encoded "d8f9358eff9e5ec0a0114b33322a6420"^^xsd:string ;
            essentia:replay_gain "-5.48529624939"^^xsd:float ] .

<http://musicbrainz.org/artist/5441c29d-3602-4898-b1a1-b77fa23b8e50> a mo:MusicArtist ;
    foaf:name "David Bowie / Trevor Jones" .

<http://musicbrainz.org/recording/acdcdafd-feb5-4a53-88fc-c2031c51713e> a mo:Track ;
    dc:title "Hallucination" ;
    mo:available_as <06+Hallucination.flac> ;
    mo:genre [ a mo:Genre ] ;
    mo:track_number "6" .

[] a essentia:VersionInfo .

_:00484b9a-422c-4c93-ab93-601f57700b7d rdf:first 9.369164e-02 ;
    rdf:rest ( 8.92996e-02 1.010151e-01 1.06281e-01 1.155445e-01 1.756382e-01 ) .

_:008e425d-20b7-4727-9fff-50b8072cadba a essentia:SecondDerivativeVariance ;
    afo:value 6.560761e-04 .

_:01459cae-ca94-4ef8-82a5-ba505b32a8de a essentia:BarkBands ;
    event:time _:9ef11137-ff0e-484f-b0b0-0b2ca0d49488 ;
    afo:computed_by _:LowLevelExtractor ;
    afo:feature [ a essentia:Crest ;
            afo:feature [ a essentia:DerivativeMean ;
                    afo:value 1.615787e+00 ],
                [ a essentia:Minimum ;
                    afo:value 3.286599e+00 ],
                [ a essentia:Mean ;
                    afo:value 9.221246e+00 ],
                [ a essentia:SecondDerivativeVariance ;
                    afo:value 7.069371e+00 ],
                [ a essentia:SecondDerivativeMean ;
                    afo:value 2.496503e+00 ],
                [ a essentia:Variance ;
                    afo:value 1.308677e+01 ],
                [ a essentia:Median ;
                    afo:value 8.357707e+00 ],
                [ a essentia:Maximum ;
                    afo:value 2.596891e+01 ],
                [ a essentia:DerivativeVariance ;
                    afo:value 2.701419e+00 ] ] .

_:01c30387-0e7a-4ab6-9e76-dc0bc6427587 rdf:first 1.091221e-24 ;
    rdf:rest ( 1.074894e-24 2.758428e-24 1.893449e-24 3.322105e-24 2.059058e-24 2.065216e-24 3.085528e-24 1.787943e-24 3.206095e-24 5.041021e-24 1.569839e-24 2.911048e-24 2.722065e-24 4.466065e-24 3.117256e-24 4.455238e-24 5.09051e-24 4.534161e-24 4.490612e-24 4.02589e-24 5.400111e-24 4.08315e-24 4.79871e-24 6.305777e-24 6.432289e-24 5.337436e-24 4.962036e-24 6.929383e-24 5.594955e-24 4.906299e-24 5.276472e-24 5.293686e-24 5.28028e-24 6.663735e-24 7.023953e-24 6.016671e-24 7.251374e-24 6.939594e-24 6.848499e-24 ) .

_:01c8501b-d79e-4c1c-975d-f8f8c2e6cc98 a essentia:Minimum ;
    afo:value 1.149425e-01 .

_:023e8bf0-a4f9-4ff3-a892-c0a72dcbb986 a essentia:DerivativeVariance ;
    afo:value 1.331932e-01 .

_:024ce4fe-eeaa-4a2b-a307-953db36b78ed a essentia:DerivativeVariance ;
    afo:value 2.888574e-02 .

_:02861dcd-3a89-4980-ac25-00ed7ce6c0df a essentia:Variance ;
    afo:value 6.516199e-01 .

_:02d8c0ce-6a73-498a-8384-ef6d255d2087 a essentia:Mean ;
    afo:value 86 .

_:02fd2ba9-f917-476a-9b15-17c0efd16079 a essentia:Covariance ;
    afo:dimensions ( 13 13 ) ;
    afo:values ( 1.060984e+04 -2.479485e+01 -1.015058e+03 2.621816e+02 -6.165759e+02 -3.148374e+02 -1.32413e+02 -1.58936e+02 5.710375e+01 2.776657e+02 -5.42389e+01 -3.822637e+02 -4.197882e+00 -2.479485e+01 1.42591e+03 -1.888674e+01 -3.511177e+01 -1.288592e+02 1.285192e+01 4.805362e+01 1.256583e+01 -3.441232e+01 1.115472e+01 1.165392e+01 3.380189e+01 3.442411e+01 -1.015058e+03 -1.888674e+01 6.906492e+02 -6.643185e+01 8.139669e+01 -3.718646e+01 -4.316343e+01 3.973974e+01 -6.54491e+01 -1.103936e+02 3.668994e+01 9.143174e+01 -4.203135e+01 2.621816e+02 -3.511177e+01 -6.643185e+01 4.273033e+02 8.011774e+01 -6.381604e+01 1.850197e+01 -1.222656e+01 5.466047e+00 -2.73615e+00 -1.903165e+01 -3.337285e+01 -1.592473e+01 -6.165759e+02 -1.288592e+02 8.139669e+01 8.011774e+01 2.716867e+02 9.080286e+01 -3.147511e+00 1.520833e+01 -4.233059e+00 -1.077015e+01 -1.0116e+00 3.445843e+01 -1.546841e+01 -3.148374e+02 1.285192e+01 -3.718646e+01 -6.381604e+01 9.080286e+01 2.670531e+02 1.129338e+01 -1.776641e+01 -8.389177e+00 3.348557e+01 1.64372e+00 2.832709e+01 1.248779e+01 -1.32413e+02 4.805362e+01 -4.316343e+01 1.850197e+01 -3.147511e+00 1.129338e+01 1.785691e+02 4.263077e+01 6.397667e+00 -5.542562e+00 6.770579e+00 -2.82411e+01 1.389528e+01 -1.58936e+02 1.256583e+01 3.973974e+01 -1.222656e+01 1.520833e+01 -1.776641e+01 4.263077e+01 1.692575e+02 2.994448e+01 -5.52194e+01 -4.038964e+01 2.357084e+01 1.854983e+01 5.710375e+01 -3.441232e+01 -6.54491e+01 5.466047e+00 -4.233059e+00 -8.389177e+00 6.397667e+00 2.994448e+01 1.585203e+02 3.269817e+01 -4.617878e+01 -1.355757e+01 8.291086e+00 2.776657e+02 1.115472e+01 -1.103936e+02 -2.73615e+00 -1.077015e+01 3.348557e+01 -5.542562e+00 -5.52194e+01 3.269817e+01 1.75936e+02 3.312211e+01 -7.323377e+01 2.051577e+01 -5.42389e+01 1.165392e+01 3.668994e+01 -1.903165e+01 -1.0116e+00 1.64372e+00 6.770579e+00 -4.038964e+01 -4.617878e+01 3.312211e+01 1.767408e+02 1.76367e+01 -7.869162e+01 -3.822637e+02 3.380189e+01 9.143174e+01 -3.337285e+01 3.445843e+01 2.832709e+01 -2.82411e+01 2.357084e+01 -1.355757e+01 -7.323377e+01 1.76367e+01 2.097928e+02 1.164631e+01 -4.197882e+00 3.442411e+01 -4.203135e+01 -1.592473e+01 -1.546841e+01 1.248779e+01 1.389528e+01 1.854983e+01 8.291086e+00 2.051577e+01 -7.869162e+01 1.164631e+01 2.02595e+02 ) .

_:03c4abc6-a69c-4052-b2f9-0dee4857c18f a essentia:FlatnessDB ;
    afo:feature [ a essentia:Mean ;
            afo:value 2.558776e-01 ],
        [ a essentia:DerivativeVariance ;
            afo:value 3.028291e-04 ],
        [ a essentia:Variance ;
            afo:value 4.644595e-03 ],
        [ a essentia:SecondDerivativeMean ;
            afo:value 2.365161e-02 ],
        [ a essentia:Maximum ;
            afo:value 4.765022e-01 ],
        [ a essentia:Minimum ;
            afo:value 3.10687e-03 ],
        [ a essentia:Median ;
            afo:value 2.492082e-01 ],
        [ a essentia:DerivativeMean ;
            afo:value 1.56308e-02 ],
        [ a essentia:SecondDerivativeVariance ;
            afo:value 7.080805e-04 ] .

_:041e64fe-eda9-4740-a7bb-8e33a5f6df7d a essentia:MelBands ;
    event:time _:9ef11137-ff0e-484f-b0b0-0b2ca0d49488 ;
    afo:computed_by _:LowLevelExtractor ;
    afo:feature [ a essentia:Median ;
            afo:values ( 4.230662e-04 6.13714e-04 5.064199e-04 3.447308e-04 1.811065e-04 1.21318e-04 7.681271e-05 7.98918e-05 5.686175e-05 5.524087e-05 2.950363e-05 3.194327e-05 2.805499e-05 1.131549e-05 1.605751e-05 1.505033e-05 5.670687e-06 1.028387e-05 9.1455e-06 6.325337e-06 3.988852e-06 3.555623e-06 4.746228e-06 2.763257e-06 1.796777e-06 2.043914e-06 1.208036e-06 7.104841e-07 8.733e-07 3.756103e-07 3.843903e-07 1.775495e-07 4.701673e-08 6.456496e-08 5.435108e-08 2.4153e-08 1.524456e-08 1.336899e-08 7.614544e-09 5.885661e-09 ) ],
        [ a essentia:DerivativeVariance ;
            afo:values ( 1.263547e-06 3.931589e-06 1.821362e-06 4.163857e-07 7.047419e-08 6.666107e-08 5.978709e-08 6.119921e-08 4.246209e-08 4.615629e-08 1.882677e-08 2.971379e-08 4.037218e-08 1.337639e-08 5.061275e-09 5.95409e-09 7.499453e-09 1.517383e-08 7.170726e-09 3.924395e-09 1.854987e-09 1.422934e-09 6.291097e-09 2.852716e-09 3.68234e-10 4.483357e-10 1.392794e-10 1.926925e-10 1.003604e-10 9.171626e-12 9.381563e-12 1.845691e-11 8.491997e-12 5.827838e-12 2.835731e-12 2.188999e-12 1.724933e-12 9.347137e-13 4.589022e-13 6.093551e-13 ) ],
        [ a essentia:DerivativeMean ;
            afo:values ( 3.512191e-04 6.063938e-04 4.787375e-04 2.463984e-04 1.231502e-04 1.22389e-04 9.664187e-05 1.017822e-04 6.804319e-05 8.109387e-05 4.844814e-05 6.318567e-05 5.758547e-05 2.960269e-05 2.680301e-05 2.800819e-05 2.310781e-05 4.157981e-05 2.661861e-05 1.803778e-05 1.58003e-05 1.179773e-05 1.871846e-05 1.224892e-05 6.693929e-06 5.757704e-06 2.932626e-06 2.666077e-06 2.009439e-06 1.025342e-06 9.938462e-07 7.680424e-07 5.616847e-07 4.791155e-07 3.580722e-07 3.043346e-07 2.651876e-07 1.935484e-07 1.378698e-07 1.359755e-07 ) ],
        [ a essentia:Minimum ;
            afo:values _:01c30387-0e7a-4ab6-9e76-dc0bc6427587 ],
        [ a essentia:SecondDerivativeMean ;
            afo:values ( 5.524151e-04 1.00996e-03 7.785428e-04 3.929891e-04 1.872596e-04 1.743417e-04 1.248787e-04 1.386508e-04 9.242949e-05 1.079023e-04 6.608779e-05 8.683881e-05 7.707e-05 4.084373e-05 3.991561e-05 4.276774e-05 3.636296e-05 6.422542e-05 4.244492e-05 2.837819e-05 2.562599e-05 1.99857e-05 3.241553e-05 1.99151e-05 1.103192e-05 9.507353e-06 4.874164e-06 4.438191e-06 3.339508e-06 1.680304e-06 1.631494e-06 1.283017e-06 9.381537e-07 8.050965e-07 6.01278e-07 5.138946e-07 4.404568e-07 3.064276e-07 2.22767e-07 2.18042e-07 ) ],
        [ a essentia:SecondDerivativeVariance ;
            afo:values ( 3.436508e-06 1.11288e-05 4.893333e-06 1.136887e-06 1.852083e-07 1.502581e-07 1.011861e-07 1.3549e-07 1.029984e-07 9.471752e-08 3.867678e-08 6.095081e-08 7.516808e-08 3.085069e-08 1.124952e-08 1.594372e-08 1.796229e-08 3.360469e-08 1.850933e-08 9.705667e-09 4.689728e-09 4.013943e-09 1.927894e-08 7.887318e-09 9.735617e-10 1.253533e-09 3.895341e-10 5.353849e-10 2.825805e-10 2.325747e-11 2.221378e-11 4.826374e-11 2.130124e-11 1.52769e-11 7.435811e-12 5.922104e-12 4.59779e-12 2.230736e-12 1.127712e-12 1.510138e-12 ) ],
        [ a essentia:Variance ;
            afo:values ( 3.14605e-06 4.43625e-06 2.50774e-06 6.976695e-07 2.034109e-07 3.276042e-07 3.769937e-07 3.301118e-07 1.391249e-07 1.845575e-07 5.874172e-08 9.935293e-08 1.139004e-07 2.790727e-08 1.088572e-08 1.118783e-08 1.104428e-08 2.851946e-08 1.111519e-08 6.212221e-09 4.05529e-09 3.033182e-09 1.003836e-08 5.433958e-09 1.162024e-09 1.240658e-09 2.061611e-10 2.874295e-10 1.225102e-10 1.675838e-11 1.340669e-11 1.799106e-11 8.416855e-12 5.107005e-12 2.692176e-12 1.926489e-12 1.616716e-12 1.083457e-12 4.786009e-13 5.753522e-13 ) ],
        [ a essentia:Maximum ;
            afo:values ( 1.966619e-02 3.794011e-02 1.985549e-02 1.305766e-02 5.985989e-03 8.633992e-03 9.629608e-03 6.840326e-03 7.885708e-03 5.96758e-03 4.286314e-03 4.908885e-03 9.73818e-03 4.255153e-03 1.810494e-03 1.808217e-03 2.844049e-03 3.383412e-03 3.689794e-03 1.939327e-03 7.345427e-04 1.236053e-03 3.230056e-03 2.660403e-03 4.751215e-04 1.153106e-03 4.695104e-04 7.508307e-04 5.399605e-04 7.912584e-05 7.809613e-05 2.042011e-04 1.050329e-04 7.865417e-05 4.34817e-05 3.01543e-05 2.598461e-05 2.034851e-05 1.266914e-05 2.02635e-05 ) ],
        [ a essentia:Mean ;
            afo:values ( 1.058667e-03 1.22438e-03 9.992749e-04 5.987627e-04 3.28603e-04 3.309184e-04 2.871359e-04 2.891435e-04 1.901017e-04 2.100755e-04 1.135259e-04 1.386513e-04 1.19873e-04 6.341472e-05 4.887581e-05 4.817274e-05 3.611739e-05 6.528474e-05 4.440552e-05 3.004663e-05 2.626768e-05 1.997956e-05 3.101818e-05 2.395087e-05 1.386677e-05 1.155227e-05 5.751464e-06 5.032294e-06 3.563975e-06 1.795452e-06 1.586472e-06 1.025321e-06 6.509567e-07 5.225469e-07 4.246849e-07 3.413881e-07 2.976167e-07 2.240593e-07 1.548295e-07 1.481012e-07 ) ] .

_:0446f19e-4582-4f23-b03d-57b48f4182ca a essentia:Minimum ;
    afo:value -3.315421e+00 .

_:04c2052f-1624-4a7e-bc0f-622cc4fd1e9c rdf:first 7.224654e-25 ;
    rdf:rest ( 4.931431e-24 2.391471e-24 3.854832e-24 1.156573e-23 9.013671e-24 1.270154e-23 1.265867e-23 2.739931e-23 2.238839e-23 2.24906e-23 3.05179e-23 1.404504e-23 5.936258e-23 5.527838e-23 8.123534e-23 9.686512e-23 9.507831e-23 1.65343e-22 1.780833e-22 2.579164e-22 3.418234e-22 4.064552e-22 7.034093e-22 1.049931e-21 1.373532e-21 2.075135e-21 ) .

_:04d3a21c-9e69-46a4-afa2-b2b0c987e55f rdf:first 1.40778e-01 ;
    rdf:rest ( 7.424347e-02 5.205609e-03 1.905505e-03 6.788395e-03 1.097108e-01 1.909788e-01 1.0088e-01 1.130709e-02 4.950666e-03 8.139152e-03 1.015705e-02 1.135378e-02 1.45737e-02 1.772531e-02 1.644806e-02 9.475725e-03 6.225104e-03 3.783811e-03 2.137261e-02 2.164579e-01 3.821204e-01 2.287089e-01 5.51181e-02 2.168216e-02 5.671323e-03 1.566086e-02 2.181643e-02 1.68957e-02 5.830934e-03 4.164838e-03 8.114066e-03 1.918182e-02 2.036022e-02 3.954477e-02 8.555775e-02 ) .

_:051b72eb-4d00-4113-9525-0a0e8aa42179 a essentia:Variance ;
    afo:value 1.537857e-03 .

_:05fb6ca5-4752-4ba7-9f56-6875402e5f5d a essentia:DerivativeVariance ;
    afo:value 5.167771e-04 .

_:06a26a68-5ad5-430b-a470-9d9d5321896d a essentia:Dissonance ;
    event:time _:9ef11137-ff0e-484f-b0b0-0b2ca0d49488 ;
    afo:computed_by _:LowLevelExtractor ;
    afo:feature [ a essentia:SecondDerivativeVariance ;
            afo:value 1.29053e-03 ],
        [ a essentia:DerivativeVariance ;
            afo:value 4.764205e-04 ],
        [ a essentia:Mean ;
            afo:value 4.46034e-01 ],
        [ a essentia:Minimum ;
            afo:value 1.988435e-01 ],
        [ a essentia:Median ;
            afo:value 4.524232e-01 ],
        [ a essentia:SecondDerivativeMean ;
            afo:value 3.665334e-02 ],
        [ a essentia:Variance ;
            afo:value 1.219888e-03 ],
        [ a essentia:Maximum ;
            afo:value 5e-01 ],
        [ a essentia:DerivativeMean ;
            afo:value 2.175663e-02 ] .

_:06a6b1f8-17f2-46ed-903e-eb339c22eca2 a essentia:Variance ;
    afo:value 1.015643e+00 .

_:06a98f9c-98e2-4a44-8c90-83107556c646 a essentia:DerivativeMean ;
    afo:value 1.129798e-02 .

_:06e192c2-06c6-4812-9519-36f446a5aa46 a essentia:Maximum ;
    afo:values ( 1 1 1 1 1 1 1 1 1 1 1 1 1 1 1 1 1 1 1 1 1 1 1 1 1 1 1 1 1 1 1 1 1 1 1 1 ) .

_:07224fee-df80-42f5-b598-4997ee6ac0e5 a essentia:DerivativeMean ;
    afo:value 6.368107e-03 .

_:073ac970-af13-42a1-a5f3-a6d438e7d320 a essentia:DerivativeVariance ;
    afo:value 3.413334e+01 .

_:07434061-85c5-432a-b86b-8c5cd61cd5b4 a essentia:Mean ;
    afo:value 6.796204e+00 .

_:07533997-9e47-4edb-941c-76dcca1c13d9 a essentia:KeyStrength ;
    event:time _:9ef11137-ff0e-484f-b0b0-0b2ca0d49488 ;
    afo:value 8.280435e-01 .

_:075d9bb1-ce2f-4419-a5e0-9964850b3762 a essentia:DerivativeVariance ;
    afo:value 9.896675e-02 .

_:076444f3-80b9-4e81-b8b0-4b9e939a0bd4 a essentia:Median ;
    afo:value 1 .

_:082cb167-c9c8-46ae-a4d8-103daca3fdb4 a essentia:SecondDerivativeVariance ;
    afo:values ( 2.806267e-03 2.317952e-03 2.460195e-03 2.161575e-03 1.549646e-03 6.410435e-04 ) .

_:08589e2c-dc5f-4155-a4fc-1c8871202d5f a essentia:SecondDerivativeVariance ;
    afo:value 0 .

_:0888cead-6fb9-4b13-89a2-9cd3073993df a essentia:Minimum ;
    afo:value -5.746004e-02 .

_:08d099cc-32b0-478a-aee8-ad142d1fee7d a essentia:Minimum ;
    afo:value 2.449282e-09 .

_:0a67c107-0ba2-4f12-92b8-7efecdd0a619 a essentia:EnergyBand ;
    event:time _:9ef11137-ff0e-484f-b0b0-0b2ca0d49488 ;
    afo:computed_by _:LowLevelExtractor ;
    afo:feature [ a essentia:Minimum ;
            afo:value 7.053759e-21 ],
        [ a essentia:Variance ;
            afo:value 6.043496e-07 ],
        [ a essentia:Mean ;
            afo:value 2.880193e-04 ],
        [ a essentia:DerivativeMean ;
            afo:value 1.752554e-04 ],
        [ a essentia:DerivativeVariance ;
            afo:value 4.966776e-07 ],
        [ a essentia:SecondDerivativeVariance ;
            afo:value 1.207995e-06 ],
        [ a essentia:Median ;
            afo:value 8.799988e-05 ],
        [ a essentia:Maximum ;
            afo:value 1.638721e-02 ],
        [ a essentia:SecondDerivativeMean ;
            afo:value 2.775883e-04 ] .

_:0a760310-dce2-4e79-b8b6-f3d82543a187 a essentia:Spread ;
    afo:feature [ a essentia:DerivativeVariance ;
            afo:value 1.478729e+01 ],
        [ a essentia:Variance ;
            afo:value 1.134322e+02 ],
        [ a essentia:SecondDerivativeMean ;
            afo:value 5.409196e+00 ],
        [ a essentia:Median ;
            afo:value 1.788275e+01 ],
        [ a essentia:Minimum ;
            afo:value 1.933445e+00 ],
        [ a essentia:Mean ;
            afo:value 1.984624e+01 ],
        [ a essentia:SecondDerivativeVariance ;
            afo:value 3.442475e+01 ],
        [ a essentia:Maximum ;
            afo:value 1.050874e+02 ],
        [ a essentia:DerivativeMean ;
            afo:value 3.445488e+00 ] .

_:0aedc8d4-41a1-4db5-9264-2a185f6af009 a essentia:SecondDerivativeMean ;
    afo:value 0 .

_:0b8e4c0a-378a-4539-b032-570684844036 a essentia:SecondDerivativeVariance ;
    afo:value 1.078278e+01 .

_:0b9d9d0b-eeb6-43fb-bb79-4e301aea7a16 a essentia:DerivativeMean ;
    afo:value 0 .

_:0c41e785-4f0f-4834-b2eb-ce38bce4e9a0 a essentia:DerivativeMean ;
    afo:value 4.845397e-02 .

_:0d15c81d-07b8-46a3-ae21-56aeeddeff6e a essentia:Mean ;
    afo:value 4.209378e-03 .

_:0d99c9b7-2b18-492a-8011-3cf82134bdeb rdf:first 6.201311e-02 ;
    rdf:rest ( 3.674578e-02 2.826565e-02 2.804278e-02 1.463823e-02 6.240224e-03 ) .

_:0f15bb94-46b0-40d3-9cfc-c7fc73b13fe4 a essentia:Maximum ;
    afo:value 2.507937e-01 .

_:0f25864d-e265-41c6-b22f-2e913fbe9915 a essentia:SecondPeakBPM ;
    event:time _:9ef11137-ff0e-484f-b0b0-0b2ca0d49488 ;
    afo:computed_by _:LowLevelExtractor ;
    afo:feature _:0aedc8d4-41a1-4db5-9264-2a185f6af009,
        [ a essentia:Minimum ;
            afo:value 99 ],
        [ a essentia:DerivativeMean ;
            afo:value 0 ],
        [ a essentia:Maximum ;
            afo:value 99 ],
        [ a essentia:Mean ;
            afo:value 99 ],
        [ a essentia:Variance ;
            afo:value 0 ],
        [ a essentia:SecondDerivativeVariance ;
            afo:value 0 ],
        [ a essentia:Median ;
            afo:value 99 ],
        [ a essentia:DerivativeVariance ;
            afo:value 0 ] .

_:0f5f11ee-5a89-49de-9bce-18618c389efe a essentia:Maximum ;
    afo:value 3.006388e+00 .

_:0f66bea8-6921-4fd7-845b-2ce7a51a1098 rdf:first 4.518122e-08 ;
    rdf:rest ( 6.683876e-05 4.710703e-05 2.51133e-05 1.712267e-05 3.925746e-06 2.735046e-06 1.962979e-06 5.393632e-06 2.899604e-06 3.18365e-06 1.541478e-06 1.688152e-06 2.388542e-06 4.852984e-06 1.137475e-06 3.330309e-06 1.616491e-06 5.240812e-07 3.466442e-07 1.011354e-07 6.91936e-08 2.757744e-08 1.736348e-08 1.785952e-08 9.059455e-08 7.214385e-09 ) .

_:0ff2a4b7-c003-4094-a49d-0aa88a1c7814 rdf:first -7.065743e+02 ;
    rdf:rest ( 1.638404e+02 -1.289729e+01 3.343625e+01 3.751521e+00 5.07971e+00 2.648217e+00 4.319657e+00 1.426965e+00 1.177888e+00 -1.765427e+00 1.876448e+00 -3.75972e+00 ) .

_:11879644-2bf4-4c7c-9372-a2da5db91635 a essentia:SecondDerivativeVariance ;
    afo:value 1.32191e-06 .

_:1281211f-53c8-4eae-86da-20d77c5f3925 a essentia:SecondDerivativeMean ;
    afo:value 2.138178e-01 .

_:1386a62a-9a8c-45a5-869d-c45b42836297 rdf:first -2.805522e+01 ;
    rdf:rest ( -2.783643e+01 -2.76438e+01 -2.768012e+01 -2.747508e+01 -2.736139e+01 ) .

_:13ba974a-6696-4ddc-934f-c6aacf9f2bdb a essentia:Minimum ;
    afo:value 1.559413e+00 .

_:13e54bed-66e4-4a1b-91e2-c90ba44bdb36 a essentia:TuningFrequency ;
    event:time _:9ef11137-ff0e-484f-b0b0-0b2ca0d49488 ;
    afo:value 4.422934e+02 .

_:13ea4f88-1bbc-48ff-a96e-bd54aef114b0 a essentia:DerivativeMean ;
    afo:value 0 .

_:14206ecb-2340-4b6f-9695-2fb4ee6b371f a essentia:Maximum ;
    afo:value 1 .

_:147a4e43-ea4b-4c92-b3bf-c027830b4835 a essentia:Maximum ;
    afo:value 1.336954e-02 .

_:14d3e14d-6392-41ae-a8fb-b81c386641d3 rdf:first 2.423381e-02 ;
    rdf:rest ( 1.59916e-02 1.11067e-02 1.139668e-02 1.223994e-02 1.681038e-02 2.618479e-02 1.71663e-02 1.443001e-02 1.415173e-02 8.749295e-03 9.051438e-03 1.575424e-02 1.049129e-02 1.174581e-02 1.782929e-02 1.415651e-02 1.057347e-02 1.058375e-02 1.265623e-02 2.059365e-02 2.980631e-02 1.983972e-02 2.133815e-02 1.94407e-02 1.36929e-02 1.375996e-02 1.736408e-02 7.939105e-03 8.694503e-03 1.186819e-02 8.631768e-03 9.548858e-03 1.457462e-02 1.205099e-02 1.820416e-02 ) .

_:14e3894d-2384-43a9-a224-399137141950 a essentia:ERBBands ;
    event:time _:9ef11137-ff0e-484f-b0b0-0b2ca0d49488 ;
    afo:computed_by _:LowLevelExtractor ;
    afo:feature [ a essentia:Skewness ;
            afo:feature _:02861dcd-3a89-4980-ac25-00ed7ce6c0df,
                _:0f5f11ee-5a89-49de-9bce-18618c389efe,
                [ a essentia:Mean ;
                    afo:value 5.479943e-03 ],
                [ a essentia:SecondDerivativeMean ;
                    afo:value 5.12219e-01 ],
                [ a essentia:SecondDerivativeVariance ;
                    afo:value 2.109536e-01 ],
                [ a essentia:DerivativeVariance ;
                    afo:value 8.456454e-02 ],
                [ a essentia:DerivativeMean ;
                    afo:value 3.29408e-01 ],
                [ a essentia:Median ;
                    afo:value 1.669914e-03 ],
                [ a essentia:Minimum ;
                    afo:value -3.068543e+00 ] ] .

_:15187c36-b6d7-4d17-8db2-abe2b8bbba56 a essentia:Minimum ;
    afo:values _:1386a62a-9a8c-45a5-869d-c45b42836297 .

_:15251388-a85e-495d-86ec-07c959481f2a a essentia:SecondPeakWeight ;
    event:time _:9ef11137-ff0e-484f-b0b0-0b2ca0d49488 ;
    afo:computed_by _:LowLevelExtractor ;
    afo:feature [ a essentia:Median ;
            afo:value 2.444445e-01 ],
        [ a essentia:Minimum ;
            afo:value 2.444445e-01 ],
        [ a essentia:SecondDerivativeMean ;
            afo:value 0 ],
        [ a essentia:Mean ;
            afo:value 2.444445e-01 ],
        [ a essentia:Variance ;
            afo:value 0 ],
        [ a essentia:Maximum ;
            afo:value 2.444445e-01 ],
        [ a essentia:DerivativeVariance ;
            afo:value 0 ],
        [ a essentia:SecondDerivativeVariance ;
            afo:value 0 ],
        [ a essentia:DerivativeMean ;
            afo:value 0 ] .

_:15448aaa-e10f-4d8f-9d1a-913d9e55e636 a essentia:BPM ;
    event:time _:9ef11137-ff0e-484f-b0b0-0b2ca0d49488 ;
    afo:value 8.571329e+01 .

_:15f89900-7601-465f-a25e-a22bf2f41dc7 a essentia:Minimum ;
    afo:value -4.751484e-08 .

_:161c3774-0c00-4834-b851-1ec4110e1e02 a essentia:Minimum ;
    afo:value 3.515706e-02 .

_:16fbee57-b0b6-4445-bb6d-a2037d271bb6 a essentia:Variance ;
    afo:value 1.25758e-02 .

_:17c596a8-2b54-4f9e-824a-ef0f5dceff84 rdf:first 1.08208e-04 ;
    rdf:rest ( 2.39983e-03 2.064525e-03 1.767377e-03 1.553576e-03 8.979237e-04 6.735093e-04 5.448184e-04 7.28478e-04 6.283431e-04 4.884891e-04 3.155991e-04 4.478089e-04 4.436344e-04 7.404778e-04 4.050992e-04 5.061003e-04 3.672396e-04 2.328045e-04 1.238914e-04 8.757926e-05 5.5823e-05 3.744124e-05 2.809256e-05 2.281224e-05 3.741924e-05 1.523991e-05 ) .

_:17f3c743-ddd4-4786-b2be-5ccefaadc051 a essentia:Minimum ;
    afo:value -1.852692e+00 .

_:1907867a-0faf-433c-8738-2742c84a17ab a essentia:DerivativeMean ;
    afo:values ( 2.743331e-01 2.79495e-01 2.905571e-01 2.833605e-01 2.591919e-01 2.4506e-01 ) .

_:196b7f01-dc3e-49b9-af3b-c98a25131442 a essentia:SecondDerivativeVariance ;
    afo:value 7.689316e+01 .

_:19a52543-451a-4217-9083-ebfbfccd0ecd a essentia:Variance ;
    afo:value 2.524257e-03 .

_:19c2c996-cf16-4676-98fe-0e3f32312154 a essentia:Mean ;
    afo:value 1.197954e+00 .

_:1aabbb94-8956-4914-90d5-d4542f364f7e a essentia:SecondDerivativeMean ;
    afo:value 6.864728e-04 .

_:1afd4046-b352-42a5-bf8a-e0af09974461 a essentia:Minimum ;
    afo:value 3.175267e-12 .

_:1b4de9fa-8d7c-47e9-9f32-a0863180fde7 a essentia:DerivativeMean ;
    afo:value 4.459642e+00 .

_:1bf6ea71-7335-48d5-9210-296ed4ed1e30 a essentia:DerivativeMean ;
    afo:value 3.394583e-01 .

_:1c3992d1-f2f9-405e-926a-4fca9df7654d a essentia:DerivativeMean ;
    afo:value 5.614268e+00 .

_:1c697c5b-12dd-45ca-af16-a96f1c7162b0 a essentia:Maximum ;
    afo:value 1.451776e-01 .

_:1c8debb6-6433-4dcc-b5fc-0d66bfa8cce5 a essentia:Mean ;
    afo:values ( 1.185386e-01 8.395374e-01 2.406018e+00 5.12164e+00 7.666093e+00 8.564042e+00 8.851519e+00 1.495853e+01 1.848199e+01 2.794973e+01 2.192549e+01 3.623107e+01 2.300627e+01 3.282333e+01 3.280732e+01 1.846996e+01 2.653334e+01 2.061515e+01 4.242659e+01 2.840128e+01 2.309734e+01 2.339334e+01 2.534462e+01 1.877543e+01 1.236268e+01 8.416663e+00 4.977716e+00 2.82364e+00 1.642852e+00 1.017609e+00 7.131813e-01 5.092731e-01 2.9561e-01 1.787562e-01 1.147276e-01 6.850966e-02 3.818528e-02 1.068341e-02 1.284087e-03 7.722092e-05 ) .

_:1d3f2b47-09b9-4239-91e4-c43ba37337c6 a essentia:Variance ;
    afo:value 0 .

_:1d484505-5099-41da-926c-d1abe0d5f547 a essentia:Minimum ;
    afo:value 2.135396e+02 .

_:1d714c4d-6355-40cc-9c01-76d9794dd2a2 a essentia:Maximum ;
    afo:value 1.149425e-01 .

_:1dc71032-071c-4a56-8cd1-d3c81d6a9a0e a essentia:Median ;
    afo:value 1.208062e+01 .

_:1e6096fb-beaa-480c-ae96-eff58438a00f a essentia:DerivativeVariance ;
    afo:value 2.897514e+05 .

_:1f409e16-4243-4abb-9415-296d17ca4d8e a essentia:DerivativeVariance ;
    afo:value 1.270749e-04 .

_:1f863074-bcb5-4a00-aebd-17342f36ec89 a essentia:Decrease ;
    event:time _:9ef11137-ff0e-484f-b0b0-0b2ca0d49488 ;
    afo:computed_by _:LowLevelExtractor ;
    afo:feature _:15f89900-7601-465f-a25e-a22bf2f41dc7,
        [ a essentia:Variance ;
            afo:value 2.377275e-17 ],
        [ a essentia:Maximum ;
            afo:value 1.295107e-28 ],
        [ a essentia:DerivativeVariance ;
            afo:value 8.049835e-18 ],
        [ a essentia:SecondDerivativeMean ;
            afo:value 2.049135e-09 ],
        [ a essentia:Mean ;
            afo:value -5.560975e-09 ],
        [ a essentia:Median ;
            afo:value -4.72843e-09 ],
        [ a essentia:SecondDerivativeVariance ;
            afo:value 2.105839e-17 ],
        [ a essentia:DerivativeMean ;
            afo:value 1.303016e-09 ] .

_:1ff930f9-ed20-40ba-9271-4dcfa0f32dd3 a essentia:Maximum ;
    afo:value 4.067174e+01 .

_:1fff230a-6152-45c2-92a6-b3552aa6f34e a essentia:KeyScale ;
    event:time _:9ef11137-ff0e-484f-b0b0-0b2ca0d49488 ;
    afo:value "minor" .

_:20d9b546-7312-47f2-b519-ea6d343e0d52 a essentia:DerivativeMean ;
    afo:value 2.755019e-03 .

_:20fd083e-4267-4cf2-80ad-05eb390b7953 a essentia:Kurtosis ;
    afo:feature _:17f3c743-ddd4-4786-b2be-5ccefaadc051,
        _:196b7f01-dc3e-49b9-af3b-c98a25131442,
        [ a essentia:Maximum ;
            afo:value 1.25469e+02 ],
        [ a essentia:DerivativeMean ;
            afo:value 3.370167e+00 ],
        [ a essentia:SecondDerivativeMean ;
            afo:value 5.364545e+00 ],
        [ a essentia:Median ;
            afo:value 4.056257e+00 ],
        [ a essentia:Variance ;
            afo:value 1.367021e+02 ],
        [ a essentia:Mean ;
            afo:value 7.916058e+00 ],
        [ a essentia:DerivativeVariance ;
            afo:value 3.132706e+01 ] .

_:21ad886d-dd75-4e57-9735-1fffcb1538c2 a essentia:Minimum ;
    afo:value -1.879589e+00 .

_:21b0eca2-32e5-4917-ac5b-7c3ecbc90427 a essentia:Maximum ;
    afo:value 8.824472e+00 .

_:23432280-900e-44ae-8983-985a454523ac a essentia:ERBBands ;
    event:time _:9ef11137-ff0e-484f-b0b0-0b2ca0d49488 ;
    afo:computed_by _:LowLevelExtractor ;
    afo:feature [ a essentia:Spread ;
            afo:feature _:1c3992d1-f2f9-405e-926a-4fca9df7654d,
                [ a essentia:SecondDerivativeVariance ;
                    afo:value 1.036083e+02 ],
                [ a essentia:SecondDerivativeMean ;
                    afo:value 8.873969e+00 ],
                [ a essentia:Variance ;
                    afo:value 1.788163e+02 ],
                [ a essentia:Maximum ;
                    afo:value 1.202603e+02 ],
                [ a essentia:DerivativeVariance ;
                    afo:value 4.357439e+01 ],
                [ a essentia:Mean ;
                    afo:value 2.925355e+01 ],
                [ a essentia:Minimum ;
                    afo:value 2.378005e+00 ],
                [ a essentia:Median ;
                    afo:value 2.722011e+01 ] ] .

_:2349fb7e-bbc9-4ede-aa33-04045c274563 a essentia:Variance ;
    afo:value 2.008751e+06 .

_:23cf3301-12e0-40c8-a83e-c2d82a17b2a7 a essentia:Median ;
    afo:value 4.436562e-02 .

_:246a19d3-80e5-4f05-841d-78e77f916530 a essentia:DerivativeMean ;
    afo:value 5.238373e-03 .

_:25072805-6447-4fd6-a286-079843104c24 a essentia:EnergyBand ;
    event:time _:9ef11137-ff0e-484f-b0b0-0b2ca0d49488 ;
    afo:computed_by _:LowLevelExtractor ;
    afo:feature _:1c697c5b-12dd-45ca-af16-a96f1c7162b0,
        [ a essentia:Variance ;
            afo:value 9.745511e-05 ],
        [ a essentia:DerivativeVariance ;
            afo:value 6.743918e-05 ],
        [ a essentia:Mean ;
            afo:value 7.232374e-03 ],
        [ a essentia:SecondDerivativeVariance ;
            afo:value 1.860951e-04 ],
        [ a essentia:DerivativeMean ;
            afo:value 2.740453e-03 ],
        [ a essentia:Median ;
            afo:value 4.166014e-03 ],
        [ a essentia:SecondDerivativeMean ;
            afo:value 4.474178e-03 ],
        [ a essentia:Minimum ;
            afo:value 2.244969e-23 ] .

_:25241e38-b7e9-4084-985f-e7d99f1cf44a rdf:first 1.355569e-04 ;
    rdf:rest ( 1.657934e-03 9.010395e-04 9.376085e-04 1.328671e-03 6.266207e-04 4.011005e-04 2.599121e-04 3.648183e-04 1.893451e-04 1.269107e-04 8.198516e-05 1.435926e-04 6.586415e-05 1.383099e-04 9.138022e-05 8.956834e-05 7.738841e-05 5.152293e-05 2.416278e-05 3.210105e-05 8.381851e-06 3.749996e-06 1.539844e-06 6.339318e-07 2.452161e-07 1.20902e-07 ) .

_:25d3b9e4-9d6a-4f8f-aa20-a4b25d97bb10 a essentia:Minimum ;
    afo:value 6.507645e-11 .

_:25e94aee-6eb2-4c92-b21e-372e45d6356a a essentia:Median ;
    afo:value 1.149425e-01 .

_:26c4e844-713d-40c8-aa2b-7a00d5879269 a essentia:SecondDerivativeVariance ;
    afo:value 3.293489e-04 .

_:27c0ed22-842e-4fd2-bda6-6f4d57e27ec1 rdf:first 2.504189e-02 ;
    rdf:rest ( 1.333812e-02 9.696758e-03 9.651019e-03 6.149142e-03 1.879265e-03 ) .

_:280995a2-aaa3-45c6-b2a9-37315160dd74 a essentia:SecondDerivativeVariance ;
    afo:value 5.375347e-03 .

_:298b6197-a09c-4c85-b2ad-ffb0a6c5d981 a essentia:Mean ;
    afo:value 5.468787e-01 .

_:299d700c-0730-4592-a647-beb38275e340 a essentia:SecondDerivativeMean ;
    afo:value 0 .

_:29f2fd28-8cb2-49d6-9cc2-a3fa58ed327b a essentia:Median ;
    afo:values ( -7.036658e+00 -6.993594e+00 -7.974659e+00 -8.778582e+00 -9.016642e+00 -1.235467e+01 ) .

_:2abf3917-d8cd-44c8-9926-c7d83ca78418 a essentia:Median ;
    afo:value 1.862507e+00 .

_:2ac095de-0716-4139-8056-72724e41ae3a a essentia:Maximum ;
    afo:value 1 .

_:2aef6e9e-0eab-477f-b91d-447616374dcf a essentia:MFCC ;
    event:time _:9ef11137-ff0e-484f-b0b0-0b2ca0d49488 ;
    afo:computed_by _:LowLevelExtractor ;
    afo:feature _:02fd2ba9-f917-476a-9b15-17c0efd16079,
        [ a essentia:Mean ;
            afo:values _:0ff2a4b7-c003-4094-a49d-0aa88a1c7814 ],
        [ a essentia:InverseCovariance ;
            afo:dimensions ( 13 13 ) ;
            afo:values ( 1.365804e-04 2.00703e-05 1.51576e-04 -9.970926e-05 2.752102e-04 5.816746e-05 1.555033e-04 -3.148614e-05 7.020069e-05 -1.085206e-04 3.759463e-05 9.58469e-05 4.988272e-05 2.00703e-05 7.684357e-04 -1.955301e-05 -8.954178e-05 5.219248e-04 -1.531852e-04 -1.927273e-04 -1.223415e-04 2.341888e-04 -2.274107e-04 5.232426e-05 -2.377361e-04 -2.010153e-05 1.51576e-04 -1.955301e-05 2.067429e-03 3.577842e-04 -5.112416e-04 6.19237e-04 5.8424e-04 -2.943615e-04 5.616157e-04 7.271136e-04 -3.504533e-04 -1.413687e-04 1.485721e-04 -9.970926e-05 -8.954178e-05 3.577842e-04 3.042283e-03 -1.728787e-03 1.258748e-03 -5.31365e-04 5.749454e-04 7.888814e-05 1.980636e-04 4.307224e-04 1.635981e-04 2.3534e-04 2.752102e-04 5.219248e-04 -5.112416e-04 -1.728787e-03 6.072462e-03 -2.226308e-03 4.291928e-04 -8.296815e-04 1.697492e-04 -5.704713e-04 2.284297e-04 -4.149772e-04 4.858674e-04 5.816746e-05 -1.531852e-04 6.19237e-04 1.258748e-03 -2.226308e-03 5.313574e-03 -6.965995e-04 6.877015e-04 6.811271e-04 -1.318702e-03 7.658944e-04 -9.53595e-04 1.999196e-04 1.555033e-04 -1.927273e-04 5.8424e-04 -5.31365e-04 4.291928e-04 -6.965995e-04 6.951308e-03 -2.020138e-03 -2.845896e-04 1.068905e-03 -1.710165e-03 1.713323e-03 -9.600276e-04 -3.148614e-05 -1.223415e-04 -2.943615e-04 5.749454e-04 -8.296815e-04 6.877015e-04 -2.020138e-03 8.012252e-03 -1.74573e-03 2.194425e-03 9.892537e-04 -3.520056e-04 -4.428308e-04 7.020069e-05 2.341888e-04 5.616157e-04 7.888814e-05 1.697492e-04 6.811271e-04 -2.845896e-04 -1.74573e-03 8.306496e-03 -3.138559e-03 3.0016e-03 -9.948924e-04 1.435671e-03 -1.085206e-04 -2.274107e-04 7.271136e-04 1.980636e-04 -5.704713e-04 -1.318702e-03 1.068905e-03 2.194425e-03 -3.138559e-03 1.045748e-02 -4.046613e-03 3.662916e-03 -2.746575e-03 3.759463e-05 5.232426e-05 -3.504533e-04 4.307224e-04 2.284297e-04 7.658944e-04 -1.710165e-03 9.892537e-04 3.0016e-03 -4.046613e-03 9.706992e-03 -2.465942e-03 4.149058e-03 9.58469e-05 -2.377361e-04 -1.413687e-04 1.635981e-04 -4.149772e-04 -9.53595e-04 1.713323e-03 -3.520056e-04 -9.948924e-04 3.662916e-03 -2.465942e-03 7.051744e-03 -1.725675e-03 4.988272e-05 -2.010153e-05 1.485721e-04 2.3534e-04 4.858674e-04 1.999196e-04 -9.600276e-04 -4.428308e-04 1.435671e-03 -2.746575e-03 4.149058e-03 -1.725675e-03 7.051042e-03 ) ] .

_:2b3a3649-7af2-4395-9a5d-0c6b96b96e9a a essentia:PitchSalience ;
    event:time _:9ef11137-ff0e-484f-b0b0-0b2ca0d49488 ;
    afo:computed_by _:LowLevelExtractor ;
    afo:feature _:0c41e785-4f0f-4834-b2eb-ce38bce4e9a0,
        _:16fbee57-b0b6-4445-bb6d-a2037d271bb6,
        [ a essentia:Minimum ;
            afo:value 9.744237e-02 ],
        [ a essentia:SecondDerivativeVariance ;
            afo:value 5.790599e-03 ],
        [ a essentia:Median ;
            afo:value 5.198385e-01 ],
        [ a essentia:Mean ;
            afo:value 5.231067e-01 ],
        [ a essentia:DerivativeVariance ;
            afo:value 2.182196e-03 ],
        [ a essentia:Maximum ;
            afo:value 8.831565e-01 ],
        [ a essentia:SecondDerivativeMean ;
            afo:value 7.5853e-02 ] .

_:2c3cba8a-e99c-4a2b-b696-bc83fd47d8fc a essentia:DerivativeMean ;
    afo:value 1.487871e+00 .

_:2c8b3924-c888-4ae7-be04-55f22f7efc2e a essentia:Variance ;
    afo:value 6.142043e-01 .

_:2c9f8330-059c-476b-9853-8b8604793610 a essentia:DerivativeMean ;
    afo:value 2.772299e+02 .

_:2cb67707-771a-43a1-b368-f9bfbfcef3ce a essentia:SecondDerivativeMean ;
    afo:value 7.276347e-01 .

_:2cd7294d-94e3-4b64-a2d9-3bc837f4bcaa a essentia:SecondDerivativeMean ;
    afo:value 8.205615e-03 .

_:2d086524-9fe2-49e5-8ee1-9e7d16dfeb68 a essentia:HPCP ;
    event:time _:9ef11137-ff0e-484f-b0b0-0b2ca0d49488 ;
    afo:computed_by _:LowLevelExtractor ;
    afo:feature _:06e192c2-06c6-4812-9519-36f446a5aa46,
        [ a essentia:Variance ;
            afo:values ( 1.626845e-01 4.063398e-02 1.369844e-02 1.782844e-02 1.333735e-02 5.630927e-02 1.279742e-01 4.273659e-02 2.524898e-02 3.206995e-02 1.140272e-02 2.474641e-02 4.348619e-02 1.418149e-02 2.538953e-02 7.729616e-02 3.618757e-02 1.003452e-02 1.131203e-02 1.276279e-02 7.169621e-02 1.492923e-01 7.181828e-02 6.75852e-02 6.288714e-02 1.722596e-02 3.045432e-02 5.124825e-02 1.46124e-02 2.130039e-02 4.517856e-02 1.896725e-02 2.231431e-02 4.780495e-02 2.243021e-02 1.210531e-01 ) ],
        [ a essentia:DerivativeMean ;
            afo:values ( 9.018875e-02 7.427432e-02 3.813623e-02 3.256048e-02 4.117635e-02 8.443638e-02 1.111571e-01 8.249816e-02 5.17594e-02 4.739239e-02 3.348955e-02 4.163627e-02 5.466798e-02 4.205195e-02 4.913305e-02 5.906418e-02 5.100929e-02 3.361342e-02 3.385605e-02 5.053374e-02 1.074865e-01 1.218687e-01 1.073893e-01 8.023016e-02 6.043925e-02 4.322668e-02 5.327521e-02 6.246107e-02 4.170014e-02 3.544341e-02 3.81592e-02 3.702218e-02 4.708848e-02 5.540279e-02 5.941001e-02 8.242846e-02 ) ],
        [ a essentia:Mean ;
            afo:values ( 3.622747e-01 1.593264e-01 4.261793e-02 3.807229e-02 4.656372e-02 2.091138e-01 3.392605e-01 1.860273e-01 7.281961e-02 7.403032e-02 4.517e-02 7.489166e-02 1.009886e-01 5.994686e-02 8.85934e-02 1.473361e-01 9.494555e-02 3.765985e-02 3.729333e-02 5.954493e-02 2.939868e-01 4.809172e-01 3.055744e-01 1.717127e-01 1.319193e-01 5.880289e-02 8.918796e-02 1.202944e-01 6.739867e-02 5.675807e-02 7.977161e-02 5.817323e-02 8.170611e-02 1.07761e-01 1.039685e-01 2.836714e-01 ) ],
        [ a essentia:Minimum ;
            afo:values [ rdf:first 0 ;
                    rdf:rest [ rdf:first 0 ;
                            rdf:rest [ rdf:first 0 ;
                                    rdf:rest [ rdf:first 0 ;
                                            rdf:rest [ rdf:first 0 ;
                                                    rdf:rest [ rdf:first 0 ;
                                                            rdf:rest [ rdf:first 0 ;
                                                                    rdf:rest [ rdf:first 0 ;
                                                                            rdf:rest [ rdf:first 0 ;
                                                                                    rdf:rest [ rdf:first 0 ;
                                                                                            rdf:rest [ rdf:first 0 ;
                                                                                                    rdf:rest [ rdf:first 0 ;
                                                                                                            rdf:rest [ rdf:first 0 ;
                                                                                                                    rdf:rest [ rdf:first 0 ;
                                                                                                                            rdf:rest [ rdf:first 0 ;
                                                                                                                                    rdf:rest [ rdf:first 0 ;
                                                                                                                                            rdf:rest [ rdf:first 0 ;
                                                                                                                                                    rdf:rest [ rdf:first 0 ;
                                                                                                                                                            rdf:rest [ rdf:first 0 ;
                                                                                                                                                                    rdf:rest [ rdf:first 0 ;
                                                                                                                                                                            rdf:rest [ rdf:first 0 ;
