@prefix afo: <https://w3id.org/afo/onto/1.1#> .
@prefix dc: <http://purl.org/dc/elements/1.1/> .
@prefix essentia: <http://sovarr.c4dm.eecs.qmul.ac.uk/af/essentia/> .
@prefix event: <http://purl.org/NET/c4dm/event.owl#> .
@prefix foaf: <http://xmlns.com/foaf/0.1/> .
@prefix mo: <http://purl.org/ontology/mo/> .
@prefix rdf: <http://www.w3.org/1999/02/22-rdf-syntax-ns#> .
@prefix rdfs: <http://www.w3.org/2000/01/rdf-schema#> .
@prefix tl: <http://purl.org/NET/c4dm/timeline.owl#> .
@prefix xml: <http://www.w3.org/XML/1998/namespace> .
@prefix xsd: <http://www.w3.org/2001/XMLSchema#> .

<http://musicbrainz.org/artist/07592a7a-c865-4680-88ce-3f38b7534170> a mo:MusicArtist .

<http://musicbrainz.org/release/0830388e-ae75-4da2-a8c3-6c9f1073c719> a mo:Release ;
    dc:date "1994" ;
    dc:title "Gothic Compilation, Part I" ;
    mo:publisher [ a mo:Label ;
            foaf:name "A.M. Music" ] ;
    mo:track <http://musicbrainz.org/recording/ae44cd34-ff0d-48ff-87a8-feae39f7da0b> ;
    essentia:replay_gain "-4.97 dB" ;
    foaf:maker <http://musicbrainz.org/artist/89ad4ac3-39f7-470e-963a-56509c546377> .

<14+-+That+Backdoor+Man+-+Any+Day+After.flac> a mo:AudioFile ;
    mo:encodes [ a essentia:Signal ;
            mo:sample_rate "44100"^^xsd:interger ;
            mo:time _:31784668-c8e2-4c6a-9664-53231aced73b ;
            essentia:bit_rate "0"^^xsd:float ;
            essentia:codec "flac"^^xsd:string ;
            essentia:downmix "mix"^^xsd:string ;
            essentia:equal_loudness "0"^^xsd:float ;
            essentia:lossless true ;
            essentia:md5_encoded "288a7c7d70358d3ad0ea8478e20c2a5b"^^xsd:string ;
            essentia:replay_gain "-6.12587738037"^^xsd:float ] .

<http://musicbrainz.org/artist/89ad4ac3-39f7-470e-963a-56509c546377> a mo:MusicArtist ;
    foaf:name "That Backdoor Man",
        "Various Artists" .

<http://musicbrainz.org/recording/ae44cd34-ff0d-48ff-87a8-feae39f7da0b> a mo:Track ;
    dc:title "Any Day After" ;
    mo:available_as <14+-+That+Backdoor+Man+-+Any+Day+After.flac> ;
    mo:genre [ a mo:Genre ;
            rdfs:label "Gothrock" ] ;
    mo:track_number "14" ;
    essentia:replay_gain "-0.29 dB" ;
    essentia:replay_peak "0.98303223" .

[] a essentia:VersionInfo .

_:00611a7c-ba5b-460c-8382-31ab8825f553 a essentia:Maximum ;
    afo:value 1.095444e+04 .

_:0081d4cb-8cd9-4e5b-9ef7-f33af0f9b67d a essentia:Variance ;
    afo:value 3.81572e-17 .

_:016cace4-3007-44a9-9dab-cbb037f8608d a essentia:Mean ;
    afo:values ( 1.112561e-05 2.80213e-04 6.192249e-04 4.503898e-04 1.638573e-03 1.995667e-03 1.245439e-03 2.037803e-03 2.320584e-03 1.911438e-03 9.665774e-04 9.506818e-04 3.003569e-04 4.068732e-04 1.380891e-04 1.568215e-04 1.842179e-04 4.890611e-05 6.477767e-05 3.700019e-05 3.172406e-05 1.878479e-05 1.651788e-05 5.586416e-06 1.61871e-06 2.787937e-07 2.039386e-08 ) .

_:02010017-d053-4178-935c-c6324bdb8d31 a essentia:Covariance ;
    afo:dimensions ( 13 13 ) ;
    afo:values ( 1.716218e+04 6.570652e+02 -2.078287e+03 8.001014e+02 -4.082098e+02 9.971362e+02 -1.720903e+02 6.752308e+02 4.543723e+01 -1.882394e+02 -3.277522e+02 -2.700338e+02 -1.314581e+02 6.570652e+02 2.17749e+03 4.630752e+02 -8.57457e+01 9.186283e+02 -4.492151e+02 1.19676e+02 -2.065085e+02 -2.158339e+02 -1.768053e+01 3.208122e+01 -7.353207e+01 2.888403e+02 -2.078287e+03 4.630752e+02 1.227958e+03 2.499568e+02 3.78996e+02 7.299313e+01 1.254742e+02 -2.928095e+01 -6.833733e+01 9.350266e+01 5.296333e+01 7.492446e+01 1.371866e+02 8.001014e+02 -8.57457e+01 2.499568e+02 4.675682e+02 3.464968e+01 2.879754e+02 7.717047e+01 1.276739e+02 7.689967e+01 6.689554e-01 -3.396265e+01 1.640261e+01 -4.324718e+01 -4.082098e+02 9.186283e+02 3.78996e+02 3.464968e+01 7.868945e+02 -1.405339e+02 1.635032e+01 -4.253771e+01 -1.026218e+02 9.064165e+01 7.361837e+01 2.262207e+01 1.772145e+02 9.971362e+02 -4.492151e+02 7.299313e+01 2.879754e+02 -1.405339e+02 5.41465e+02 9.298844e+01 2.003274e+02 1.167559e+02 -2.441952e+01 -2.914617e+01 -1.309822e+00 -1.265114e+02 -1.720903e+02 1.19676e+02 1.254742e+02 7.717047e+01 1.635032e+01 9.298844e+01 2.703437e+02 1.045798e+02 4.412391e+01 -3.031707e+01 -5.960965e+00 3.076475e+00 -9.615644e+00 6.752308e+02 -2.065085e+02 -2.928095e+01 1.276739e+02 -4.253771e+01 2.003274e+02 1.045798e+02 2.527132e+02 8.630552e+01 -1.826487e+01 -4.019463e+01 -2.131409e+01 -2.704689e+01 4.543723e+01 -2.158339e+02 -6.833733e+01 7.689967e+01 -1.026218e+02 1.167559e+02 4.412391e+01 8.630552e+01 1.822406e+02 -2.767175e+00 -1.205297e+00 -5.600705e+00 -8.792696e+01 -1.882394e+02 -1.768053e+01 9.350266e+01 6.689554e-01 9.064165e+01 -2.441952e+01 -3.031707e+01 -1.826487e+01 -2.767175e+00 1.57037e+02 7.744704e+01 5.727366e+01 3.654915e+01 -3.277522e+02 3.208122e+01 5.296333e+01 -3.396265e+01 7.361837e+01 -2.914617e+01 -5.960965e+00 -4.019463e+01 -1.205297e+00 7.744704e+01 1.713878e+02 7.364997e+01 3.04733e+01 -2.700338e+02 -7.353207e+01 7.492446e+01 1.640261e+01 2.262207e+01 -1.309822e+00 3.076475e+00 -2.131409e+01 -5.600705e+00 5.727366e+01 7.364997e+01 1.534951e+02 3.8311e+01 -1.314581e+02 2.888403e+02 1.371866e+02 -4.324718e+01 1.772145e+02 -1.265114e+02 -9.615644e+00 -2.704689e+01 -8.792696e+01 3.654915e+01 3.04733e+01 3.8311e+01 2.382525e+02 ) .

_:02026c79-2c5b-4fbc-96e3-bc058dc939eb a essentia:Variance ;
    afo:value 2.053205e-04 .

_:024b16b5-ca81-4ba2-aa32-3ec51bb9171e a essentia:TuningFrequency ;
    event:time _:31784668-c8e2-4c6a-9664-53231aced73b ;
    afo:value 4.422934e+02 .

_:028ca5fc-535a-4d35-a036-3eecca92b01f a essentia:Variance ;
    afo:value 2.243511e+00 .

_:029bd214-850d-4be2-9efc-bbe46e123463 rdf:first 4.184896e-01 ;
    rdf:rest ( 3.643649e+00 1.450288e+01 3.69865e+01 6.982233e+01 2.811569e+02 2.328163e+02 5.563498e+02 3.51962e+02 1.662599e+03 4.36223e+03 3.920431e+03 2.940374e+03 3.060247e+03 1.515282e+04 8.223364e+03 1.995512e+03 7.28544e+03 1.973251e+03 1.340403e+03 1.330199e+03 6.110949e+03 8.024577e+02 2.069506e+02 3.545609e+02 8.861977e+01 6.085102e+01 1.976998e+02 5.342821e+01 2.563079e+01 3.352599e+01 1.420187e+01 6.742893e+00 3.822729e+00 1.26401e+00 5.93846e-01 1.417952e-01 2.267232e-02 1.222607e-03 7.465866e-04 ) .

_:03aef007-45b0-4945-bb6d-dca17733f349 a essentia:DerivativeVariance ;
    afo:value 6.683952e+00 .

_:0421a334-8bd6-474d-b5d5-94446b7ee140 rdf:first 1.710333e-02 ;
    rdf:rest ( 2.343647e-02 4.780382e-02 5.548037e-02 5.705439e-02 3.13248e-02 3.191485e-02 2.98092e-02 4.31433e-02 6.852562e-02 3.063372e-02 2.384937e-02 4.155432e-02 2.132045e-02 4.715444e-02 5.987051e-02 5.588458e-02 6.039913e-02 7.506315e-02 4.584461e-02 4.038895e-02 4.273253e-02 2.631946e-02 5.51994e-02 5.538446e-02 5.681366e-02 2.572514e-02 2.138667e-02 2.653127e-02 6.338181e-02 7.679228e-02 6.589673e-02 4.539804e-02 4.588038e-02 3.808377e-02 1.876221e-02 ) .

_:044e1236-426b-4154-9a7c-6a3827e92b4f a essentia:Minimum ;
    afo:value 1.146791e-01 .

_:04535aaa-ac73-4f16-a20d-a34d4d726aab a essentia:Median ;
    afo:value 8.782743e-02 .

_:048cd412-a4ab-4178-a166-9a28ae2439bb rdf:first 1.001701e-01 ;
    rdf:rest ( 7.43834e-02 7.114662e-02 6.650627e-02 8.755653e-02 1.383293e-01 ) .

_:049d389f-71bb-4ecd-ada4-f625b1da5f1b a essentia:DerivativeMean ;
    afo:value 1.621319e+00 .

_:0535667f-6ae3-4d8f-9ab4-56fff505c4ae a essentia:Mean ;
    afo:value 1.383291e+01 .

_:054c94b1-aba0-4941-b9ee-de66474e9b3d a essentia:Maximum ;
    afo:value 50 .

_:0583af8b-9c50-4d70-81fe-6bbcbdbaa57e a essentia:ChordsStrength ;
    event:time _:31784668-c8e2-4c6a-9664-53231aced73b ;
    afo:computed_by _:LowLevelExtractor ;
    afo:feature [ a essentia:DerivativeVariance ;
            afo:value 3.647689e-05 ],
        [ a essentia:SecondDerivativeMean ;
            afo:value 4.921948e-03 ],
        [ a essentia:Median ;
            afo:value 5.629967e-01 ],
        [ a essentia:Variance ;
            afo:value 1.326157e-02 ],
        [ a essentia:Minimum ;
            afo:value 2.440912e-01 ],
        [ a essentia:Mean ;
            afo:value 5.566415e-01 ],
        [ a essentia:DerivativeMean ;
            afo:value 6.021353e-03 ],
        [ a essentia:Maximum ;
            afo:value 8.873434e-01 ],
        [ a essentia:SecondDerivativeVariance ;
            afo:value 3.764234e-05 ] .

_:06076bc2-a462-4b3d-a766-f67b18b93fbd a essentia:Mean ;
    afo:value 1.90416e+01 .

_:062b1cfb-b034-4507-a069-6441f00272f0 a essentia:Variance ;
    afo:value 5.007839e-03 .

_:0694be20-0f8e-4985-ae97-5b983760cab7 a essentia:Minimum ;
    afo:value -1.810959e+00 .

_:07167923-805f-4e82-a38f-b20ea0332291 a essentia:Variance ;
    afo:values ( 3.959174e-04 2.468766e-02 1.005875e+00 7.933738e+00 1.317595e+01 1.530677e+02 3.104059e+02 1.279743e+03 9.972813e+02 4.625182e+03 9.454228e+03 1.877788e+04 2.183173e+04 8.02e+03 1.446931e+05 1.622969e+04 3.159581e+03 8.506115e+03 1.596463e+03 6.48074e+02 1.111563e+03 8.782472e+03 1.646266e+02 7.99171e+01 4.145015e+01 1.859275e+01 1.261954e+01 1.831416e+01 3.478753e+00 1.062376e+00 1.112898e+00 2.643057e-01 6.252564e-02 1.339872e-02 1.259773e-03 2.036828e-04 1.261221e-05 2.880909e-07 1.018948e-09 9.01535e-10 ) .

_:077eaca7-1b7e-4d70-8ec1-15c2e462874b a essentia:SecondDerivativeVariance ;
    afo:value 1.137506e+01 .

_:07827f61-dee0-4415-b906-0229bb45941e a essentia:Maximum ;
    afo:value 6.875679e-01 .

_:07995a64-59a2-4581-a37a-64b9375162a3 a essentia:DerivativeMean ;
    afo:value 0 .

_:08020bb5-65ff-47fd-9523-ab85653e50d7 a essentia:Median ;
    afo:value 2.249076e-03 .

_:09b745fc-d27f-49d7-9f31-badc77fba48c a essentia:Variance ;
    afo:value 1.533121e-02 .

_:0b39833a-6f4a-4e47-871b-43f7faea36e1 a essentia:Minimum ;
    afo:value 0 .

_:0b490e7d-56c2-4c55-b6dd-cf1dbc460708 a essentia:Variance ;
    afo:value 0 .

_:0c318b69-7252-41f8-9c0b-f46bac991123 rdf:first 3.47423e-03 ;
    rdf:rest ( 3.940713e-02 1.822015e-01 6.197078e-01 1.118525e+00 2.688308e+00 5.954689e+00 1.029381e+01 1.175941e+01 2.262607e+01 2.973846e+01 4.132829e+01 5.41087e+01 2.291459e+01 4.686106e+01 3.178689e+01 1.645583e+01 2.187159e+01 1.238505e+01 8.751484e+00 1.096502e+01 1.141509e+01 3.114751e+00 4.25705e+00 2.080856e+00 1.761867e+00 1.258714e+00 1.093785e+00 7.31454e-01 3.907617e-01 3.552747e-01 1.68183e-01 6.975708e-02 3.271681e-02 9.293397e-03 3.494002e-03 8.182966e-04 1.089313e-04 8.242289e-06 6.391688e-06 ) .

_:0c62ee9d-cd42-4127-89a4-c502244ad927 a essentia:Mean ;
    afo:values ( -7.618156e+02 1.648221e+02 -1.75961e+01 8.331318e-01 -2.764612e+01 -5.730625e+00 -1.857343e+01 -3.144599e+00 -1.241639e+01 -2.327991e+00 -1.07608e+01 -6.773641e+00 -3.177615e+00 ) .

_:0e0691db-2931-4ef4-aa72-55c26971049a a essentia:DerivativeVariance ;
    afo:value 5.303513e-01 .

_:0e600d36-13f5-4d6e-8f78-17da82e5202c a essentia:Maximum ;
    afo:value 4.984771e-01 .

_:0e973125-1a82-4352-8d47-e0cfa642fc7d a essentia:EqualTemperedDeviation ;
    event:time _:31784668-c8e2-4c6a-9664-53231aced73b ;
    afo:value 7.637162e-02 .

_:0efe326a-b245-4001-936c-844b24cf20a6 a essentia:DerivativeVariance ;
    afo:value 2.19773e-03 .

_:0f488b7f-0a48-45e5-b22d-7d6655f63f3a rdf:first 1 ;
    rdf:rest ( 9.6344e-01 9.644094e-01 7.8818e-01 8.009986e-01 6.961186e-01 ) .

_:0ffba1b3-baa6-4903-a516-96a454303e4f a essentia:Maximum ;
    afo:value 3.882353e-01 .

_:103f8803-d360-4718-8c05-7dc43594cf14 a essentia:Minimum ;
    afo:value 6.685089e-08 .

_:1064c346-2b23-495f-9d0b-e5cd658297db a essentia:THPCP ;
    event:time _:31784668-c8e2-4c6a-9664-53231aced73b ;
    afo:value ( 1 4.615883e-01 2.733335e-01 3.379751e-01 1.980112e-01 9.699802e-02 9.344938e-02 1.129747e-01 3.353639e-01 4.652524e-01 2.586189e-01 1.332859e-01 1.431181e-01 1.772002e-01 6.222876e-01 8.340983e-01 3.736004e-01 1.502872e-01 1.868068e-01 1.391552e-01 2.87327e-01 4.108142e-01 2.806936e-01 3.876495e-01 4.951314e-01 2.948169e-01 2.255678e-01 2.365193e-01 1.642406e-01 3.422774e-01 5.029867e-01 2.900921e-01 1.381367e-01 1.439001e-01 1.892251e-01 7.530112e-01 ) .

_:109208ad-aa75-41b4-86ea-95a18c88d596 a essentia:Median ;
    afo:value 1 .

_:10ae2bbc-602a-415d-bf6e-a64fd46f40d3 a essentia:Mean ;
    afo:value 1.07841e-02 .

_:10ae672c-323a-4b56-94d7-69642a9afc90 a essentia:Median ;
    afo:value 1.650826e+01 .

_:10ea4404-73ee-4ee1-926a-0e7ae062945d a essentia:BeatsCount ;
    event:time _:31784668-c8e2-4c6a-9664-53231aced73b ;
    afo:value 650 .

_:11432d37-6808-4d24-9563-673cded66cc7 a essentia:Variance ;
    afo:value 5.246606e-06 .

_:11b514f1-3713-4d0a-aa8d-ef9d56759677 a essentia:SecondDerivativeMean ;
    afo:value 8.082307e-02 .

_:1271097d-e07a-4f72-8b88-59dd1d4b86c0 a essentia:Variance ;
    afo:value 6.173254e-03 .

_:128f697b-24b1-477e-9a68-56d7f4cd7e62 a essentia:KeyStrength ;
    event:time _:31784668-c8e2-4c6a-9664-53231aced73b ;
    afo:value 7.583964e-01 .

_:12a243a7-2c7f-4bb4-8d53-ce0a980691c9 a essentia:Mean ;
    afo:value 1.582205e+01 .

_:13334896-3922-47d7-8775-7cd74a1bdf77 a essentia:Variance ;
    afo:value 1.918225e+00 .

_:1350f682-7dc9-4d8f-9d29-7c4784b5716e rdf:first 6.53335e-03 ;
    rdf:rest ( 1.429597e-02 4.120109e-02 4.635169e-02 2.557264e-02 8.893421e-03 5.459295e-03 1.949503e-02 8.913536e-02 1.317629e-01 6.537677e-02 8.976446e-03 3.636467e-03 7.594741e-03 3.315271e-02 5.539184e-02 4.58237e-02 5.527212e-02 5.354568e-02 4.390299e-02 1.542323e-02 7.779717e-03 1.412054e-02 1.953746e-02 1.447506e-02 1.572125e-02 1.064478e-02 5.048473e-03 2.744099e-02 1.820701e-01 2.77643e-01 1.304279e-01 2.023778e-02 6.442813e-03 8.812242e-03 8.733248e-03 ) .

_:13550ca8-bc68-47cf-bcd0-abc8d34371af a essentia:Maximum ;
    afo:value 6.871144e+02 .

_:1357a6ca-80ff-45e0-9d12-54f71ff58b26 a essentia:Maximum ;
    afo:value 1 .

_:13b00475-59f5-43bf-aaca-953700dd8e26 a essentia:Median ;
    afo:value 2.162951e+00 .

_:14d74ef1-a67e-4b47-80d5-1d7705c8d9c9 a essentia:DerivativeMean ;
    afo:value 5.988024e-04 .

_:1529f984-43bb-42bd-a51f-bb9c04f1157e a essentia:DerivativeVariance ;
    afo:value 4.083195e-05 .

_:15d8a4cc-3cf7-4480-ad91-c78e763e6e92 a essentia:GFCC ;
    event:time _:31784668-c8e2-4c6a-9664-53231aced73b ;
    afo:computed_by _:LowLevelExtractor ;
    afo:feature _:02010017-d053-4178-935c-c6324bdb8d31,
        [ a essentia:InverseCovariance ;
            afo:dimensions ( 13 13 ) ;
            afo:values ( 3.41726e-04 -9.375968e-04 8.634905e-04 -6.871987e-04 8.371783e-04 -9.074581e-04 8.995459e-04 -1.03391e-03 6.761342e-04 -7.325779e-04 1.584958e-04 -2.413597e-04 -1.018929e-04 -9.375968e-04 4.124958e-03 -2.37581e-03 1.64424e-03 -3.8744e-03 3.169184e-03 -3.597421e-03 3.91651e-03 -1.697182e-03 2.90677e-03 -5.132536e-04 1.690745e-03 -2.660905e-04 8.634905e-04 -2.37581e-03 3.464273e-03 -2.392923e-03 1.736831e-03 -2.56075e-03 1.580258e-03 -1.884069e-03 2.007365e-03 -2.385775e-03 5.165341e-04 -7.311856e-04 -7.158112e-04 -6.871987e-04 1.64424e-03 -2.392923e-03 5.320206e-03 -1.830926e-03 2.045652e-05 -1.500665e-03 1.487714e-03 -2.203233e-03 1.350028e-03 7.075777e-04 -3.374598e-04 3.956453e-04 8.371783e-04 -3.8744e-03 1.736831e-03 -1.830926e-03 5.556701e-03 -2.405835e-03 3.242366e-03 -3.868531e-03 2.042936e-03 -3.283308e-03 -1.608629e-04 -9.864857e-04 -4.555539e-04 -9.074581e-04 3.169184e-03 -2.56075e-03 2.045652e-05 -2.405835e-03 6.768128e-03 -2.735917e-03 8.881823e-04 -1.660063e-03 2.654223e-03 -1.079047e-03 8.549851e-04 1.489875e-03 8.995459e-04 -3.597421e-03 1.580258e-03 -1.500665e-03 3.242366e-03 -2.735917e-03 8.244853e-03 -5.689365e-03 1.1257e-03 -9.592133e-04 -1.323453e-04 -1.838893e-03 3.729009e-04 -1.03391e-03 3.91651e-03 -1.884069e-03 1.487714e-03 -3.868531e-03 8.881823e-04 -5.689365e-03 1.163411e-02 -4.090936e-03 2.021296e-03 9.342835e-04 2.228009e-03 -1.821079e-03 6.761342e-04 -1.697182e-03 2.007365e-03 -2.203233e-03 2.042936e-03 -1.660063e-03 1.1257e-03 -4.090936e-03 9.868547e-03 -2.107212e-03 -7.593232e-04 -3.037706e-04 2.166014e-03 -7.325779e-04 2.90677e-03 -2.385775e-03 1.350028e-03 -3.283308e-03 2.654223e-03 -9.592133e-04 2.021296e-03 -2.107212e-03 1.162567e-02 -3.552847e-03 -7.150135e-04 -2.587937e-04 1.584958e-04 -5.132536e-04 5.165341e-04 7.075777e-04 -1.608629e-04 -1.079047e-03 -1.323453e-04 9.342835e-04 -7.593232e-04 -3.552847e-03 9.367175e-03 -3.290559e-03 -2.160738e-04 -2.413597e-04 1.690745e-03 -7.311856e-04 -3.374598e-04 -9.864857e-04 8.549851e-04 -1.838893e-03 2.228009e-03 -3.037706e-04 -7.150135e-04 -3.290559e-03 1.003914e-02 -1.652522e-03 -1.018929e-04 -2.660905e-04 -7.158112e-04 3.956453e-04 -4.555539e-04 1.489875e-03 3.729009e-04 -1.821079e-03 2.166014e-03 -2.587937e-04 -2.160738e-04 -1.652522e-03 7.01829e-03 ) ],
        [ a essentia:Mean ;
            afo:values ( -1.347896e+02 1.459914e+02 -1.544814e+02 -3.235621e-01 -8.11459e+01 -1.254001e+01 -2.847272e+01 -1.518892e+01 -1.089172e+01 -1.311332e+01 -7.218791e+00 -8.146319e+00 -5.729168e+00 ) ] .

_:160d2bff-c6f8-4d21-8e29-27cbe7182bf3 a essentia:DerivativeVariance ;
    afo:value 1.234972e-04 .

_:165e84d3-8c0d-4181-89c7-aeac46074a8a a essentia:SecondDerivativeVariance ;
    afo:value 1.148333e+12 .

_:16e3f48c-5668-4f7d-95d9-f191031333c0 rdf:first -8.894614e+00 ;
    rdf:rest ( -6.902324e+00 -7.764185e+00 -8.648386e+00 -9.27171e+00 -1.274363e+01 ) .

_:16f5c4cf-8e19-4e19-b64d-f3aa3147d7e6 rdf:first 5.654328e-01 ;
    rdf:rest ( 4.594886e-01 4.225202e-01 3.774183e-01 3.182249e-01 3.276713e-01 ) .

_:16ff8ada-42ee-4ef4-9898-5366412f335a a essentia:Median ;
    afo:value 2551495 .

_:17055c82-fa06-48ff-a64b-a691556d6a9c a essentia:ChordsChangesRate ;
    event:time _:31784668-c8e2-4c6a-9664-53231aced73b ;
    afo:value 3.337824e-02 .

_:17292657-7a21-47db-9bd6-8d7ba2e75226 a essentia:Mean ;
    afo:value 9.99027e-01 .

_:17d34de3-d7cc-4498-84f2-4468d8710676 a essentia:DerivativeVariance ;
    afo:value 3.996469e+00 .

_:182e9ee3-4394-4c28-a1cb-c2726d77fdfd a essentia:SecondDerivativeMean ;
    afo:value 0 .

_:185c7a11-5afc-4738-ac1f-3ec0735a6d26 a essentia:SecondDerivativeMean ;
    afo:value 1.805889e+01 .

_:192724a5-91dd-4244-b567-f91f58621378 a essentia:SecondDerivativeMean ;
    afo:value 3.410864e+00 .

_:1941e56d-a9cf-41f9-9089-bfcc1c291b3e a essentia:Minimum ;
    afo:value 3.860075e+05 .

_:199a5971-67fe-46cd-b595-7991fb0bda36 a essentia:Maximum ;
    afo:value 5.033907e-01 .

_:19e49270-11ad-4bc6-a048-d17061d0130b a essentia:Mean ;
    afo:value 8.012327e-02 .

_:19ed5f1d-5182-4622-a44f-284fa15321eb a essentia:MelBands ;
    event:time _:31784668-c8e2-4c6a-9664-53231aced73b ;
    afo:computed_by _:LowLevelExtractor ;
    afo:feature [ a essentia:FlatnessDB ;
            afo:feature [ a essentia:SecondDerivativeMean ;
                    afo:value 2.364737e-02 ],
                [ a essentia:Median ;
                    afo:value 2.585543e-01 ],
                [ a essentia:DerivativeMean ;
                    afo:value 1.640855e-02 ],
                [ a essentia:Variance ;
                    afo:value 1.353895e-02 ],
                [ a essentia:DerivativeVariance ;
                    afo:value 4.578689e-04 ],
                [ a essentia:Minimum ;
                    afo:value 5.872297e-02 ],
                [ a essentia:Mean ;
                    afo:value 2.869568e-01 ],
                [ a essentia:SecondDerivativeVariance ;
                    afo:value 8.741174e-04 ],
                [ a essentia:Maximum ;
                    afo:value 1 ] ] .

_:19fb0cc2-1a05-49fd-80c5-044df303ef25 a essentia:Mean ;
    afo:values ( 7.343131e-05 2.058159e-04 2.562134e-04 2.512151e-04 4.14959e-04 4.249007e-04 2.795219e-04 3.84072e-04 4.005482e-04 3.231951e-04 3.291397e-04 1.196019e-04 1.487594e-04 1.329525e-04 4.910046e-05 2.642427e-05 3.808875e-05 2.142279e-05 1.101085e-05 1.055419e-05 1.14753e-05 1.180245e-05 4.52009e-06 2.45986e-06 3.42675e-06 1.963546e-06 1.320742e-06 1.111576e-06 9.510636e-07 6.283209e-07 6.17936e-07 4.789069e-07 2.759626e-07 2.360345e-07 2.912266e-07 2.337423e-07 8.364952e-08 4.443277e-08 3.159702e-08 2.099129e-08 ) .

_:1a06fb5e-0b54-41b4-891d-8ca57f456ecc a essentia:Mean ;
    afo:value 4.686792e-03 .

_:1a413411-833c-411c-aed1-ab508afd4a14 rdf:first 9.66021e-02 ;
    rdf:rest ( 3.167449e-01 4.538132e-01 1.660278e-01 5.142947e-02 2.065117e-02 ) .

_:1aa3034d-6116-4e07-820a-08d57f625616 a essentia:Mean ;
    afo:value 1.6264e+00 .

_:1b20ae9f-9265-4a79-98fd-55273659ac56 rdf:first 2.225337e-04 ;
    rdf:rest ( 2.693194e-02 5.519795e-01 2.567803e+00 1.397909e+01 7.702354e+01 1.606381e+02 8.02954e+02 7.435895e+02 4.321473e+03 8.788743e+03 1.539156e+04 1.973393e+04 6.426198e+03 8.143116e+04 4.169411e+04 4.127618e+03 2.598709e+04 2.616162e+03 1.349921e+03 2.221771e+03 1.970509e+04 2.515368e+02 1.233094e+02 6.743877e+01 2.478363e+01 1.618841e+01 2.056957e+01 5.469205e+00 1.918392e+00 2.071499e+00 4.381554e-01 1.687699e-01 3.640652e-02 5.898134e-03 1.093096e-03 6.963671e-05 1.634649e-06 3.995563e-09 3.567435e-10 ) .

_:1b879954-9c61-4334-be8b-a9dc59957b00 a essentia:Mean ;
    afo:values ( -5.798729e-01 -6.735926e-01 -6.987351e-01 -7.338291e-01 -7.475821e-01 -7.272395e-01 ) .

_:1bbc614f-b9a2-4b0f-adb2-fb70c0e86d90 a essentia:Median ;
    afo:value 3.051006e-05 .

_:1c374b0b-8d47-4c1d-9494-eff6ccf17241 a essentia:SecondDerivativeMean ;
    afo:values ( 5.212155e-02 6.477454e-02 1.178917e-01 1.302361e-01 1.150827e-01 7.889841e-02 6.683513e-02 7.818236e-02 1.371326e-01 1.626435e-01 1.120825e-01 6.974059e-02 7.731916e-02 7.148248e-02 1.19361e-01 1.482057e-01 1.360687e-01 1.598001e-01 1.777618e-01 1.345092e-01 1.096999e-01 9.427947e-02 8.253361e-02 1.252894e-01 1.172626e-01 1.181017e-01 7.470192e-02 5.894298e-02 8.683513e-02 1.771087e-01 2.079598e-01 1.741388e-01 1.173361e-01 1.039571e-01 9.281418e-02 6.076838e-02 ) .

_:1ca61af7-bec9-4e65-ac6d-57ac3fc3f0f2 a essentia:DerivativeMean ;
    afo:value 9.333133e-10 .

_:1caa49da-d547-44cc-bf00-6168b04c2a50 a essentia:Median ;
    afo:value 6.442309e-03 .

_:1cd0f73b-47e0-498b-9e22-d213ffa87930 a essentia:SecondDerivativeMean ;
    afo:value 0 .

_:1d31a24a-7723-45a0-86cb-21289a827fcf a essentia:DerivativeVariance ;
    afo:value 1.864828e-01 .

_:1d7cfcca-64cf-4860-95b9-9423d2498c20 a essentia:Median ;
    afo:value 8.012327e-02 .

_:1dd646fa-1592-4de1-abbd-50b2cd0b53d7 a essentia:Minimum ;
    afo:value 3.031118e+00 .

_:1e40cb45-1e7c-4e45-abb5-dd9edecbc7bf a essentia:DerivativeMean ;
    afo:value 2.029785e+00 .

_:1e720ab0-0786-4b3d-b156-7d760675abea a essentia:DerivativeMean ;
    afo:value 0 .

_:1e81d951-b6a0-4e5a-adb2-7d92b8aea3d8 a essentia:Variance ;
    afo:values ( 1.057131e-02 1.530176e-02 7.678486e-03 5.266963e-03 2.865846e-03 2.785398e-03 ) .

_:1e830b25-f3f6-4553-8413-8931170510bd a essentia:SecondDerivativeMean ;
    afo:value 2.850629e-03 .

_:1ea3b197-77a3-44b7-8eea-ecf81c658b5b a essentia:DerivativeVariance ;
    afo:value 7.13879e-18 .

_:1f0570d3-cb59-4668-9a13-cd2849508ac5 rdf:first -5.724166e-01 ;
    rdf:rest ( -7.017472e-01 -7.110968e-01 -7.424508e-01 -7.496703e-01 -7.189802e-01 ) .

_:1f12d0a6-fda2-478d-9a1d-162e338ce601 a essentia:Variance ;
    afo:value 5.28389e-06 .

_:1f415a78-edf3-4d05-a846-37a835d770bb a essentia:SecondDerivativeVariance ;
    afo:value 7.212729e-04 .

_:208fdc7a-c2df-46cf-ae33-0fcd1706e0b4 a essentia:SecondPeakSpread ;
    event:time _:31784668-c8e2-4c6a-9664-53231aced73b ;
    afo:computed_by _:LowLevelExtractor ;
    afo:feature _:0ffba1b3-baa6-4903-a516-96a454303e4f,
        _:1cd0f73b-47e0-498b-9e22-d213ffa87930,
        [ a essentia:Median ;
            afo:value 3.882353e-01 ],
        [ a essentia:DerivativeVariance ;
            afo:value 0 ],
        [ a essentia:Mean ;
            afo:value 3.882353e-01 ],
        [ a essentia:SecondDerivativeVariance ;
            afo:value 0 ],
        [ a essentia:DerivativeMean ;
            afo:value 0 ],
        [ a essentia:Variance ;
            afo:value 0 ],
        [ a essentia:Minimum ;
            afo:value 3.882353e-01 ] .

_:210c3e44-66ea-45ca-948e-707266a6ece1 a essentia:Mean ;
    afo:value 9.937879e-01 .

_:213adfb9-dbcc-4505-b381-300abc6a55d0 a essentia:Maximum ;
    afo:value 8.782743e-02 .

_:217f12cf-2ece-4588-ba17-95c7f5fa0ee4 a essentia:Variance ;
    afo:value 25935153574400000 .

_:219f64b9-f7b0-4993-b45d-f08cd0cf853a a essentia:SecondDerivativeMean ;
    afo:value 0 .

_:22fbcbba-0e85-42b9-a839-6a990bf061bc a essentia:Variance ;
    afo:value 2.866894e+01 .

_:23039a01-0fb5-4776-992b-665cce65c404 a essentia:Median ;
    afo:values _:1f0570d3-cb59-4668-9a13-cd2849508ac5 .

_:232d80c1-6192-448e-aed5-9a4eafc5f541 a essentia:Mean ;
    afo:value 4.934474e+00 .

_:233e5b57-868f-41ee-aeb5-88dd446d8c3a a essentia:Minimum ;
    afo:value 0 .

_:23b32c3f-7690-4223-8912-c81c44d2fd2e a essentia:DerivativeVariance ;
    afo:values ( 7.284418e-09 3.533107e-08 4.323888e-08 4.183519e-08 9.160973e-08 1.330479e-07 5.471341e-08 2.753366e-07 4.023147e-07 2.445718e-07 2.343003e-07 5.403011e-08 4.165166e-07 4.80597e-07 1.258788e-08 1.098492e-08 4.560267e-08 4.520368e-09 1.641384e-09 5.010057e-10 1.684348e-09 1.590961e-08 6.618113e-10 2.286968e-11 3.71764e-11 2.851281e-11 7.136592e-12 4.358233e-12 3.804379e-12 1.923979e-12 4.36744e-12 8.830164e-13 4.153717e-13 2.175196e-13 3.329775e-13 1.389481e-13 4.911711e-14 3.434435e-14 2.060346e-14 7.565334e-15 ) .

_:23f3999c-52c4-41cb-9f35-4adbee6d9426 a essentia:Variance ;
    afo:value 1.906827e-04 .

_:23f5623f-7481-457c-bb92-3050531ac442 a essentia:Variance ;
    afo:value 6.375029e-04 .

_:23fc61df-7631-4dcb-99c8-32d7ae2f08ee a essentia:SecondDerivativeVariance ;
    afo:values ( 1.19002e-08 3.4536e-07 5.027383e-07 8.160928e-07 3.766855e-06 6.561159e-06 3.986139e-06 1.718305e-05 3.070055e-05 1.608964e-05 4.313567e-05 7.584049e-05 2.321295e-06 9.901025e-06 6.759636e-07 4.197595e-07 6.522059e-06 2.409453e-08 5.061461e-08 9.806869e-09 1.023332e-08 3.375607e-09 1.954077e-09 6.980027e-10 1.774731e-10 2.987828e-11 1.819498e-13 ) .

_:240290fd-e3e0-4786-a0da-36588e59adab a essentia:SecondDerivativeMean ;
    afo:value 0 .

_:243ddb2d-11c7-4694-a4a3-3c7af58fddc0 a essentia:SecondDerivativeMean ;
    afo:value 4.577617e+00 .

_:24ebd8e3-c6ce-487b-9178-cd8859c3f4d0 rdf:first 4.419893e+00 ;
    rdf:rest ( 5.253866e+00 4.644285e+00 4.718974e+00 4.189939e+00 3.085338e+00 ) .

_:24ff42c3-6786-46ce-8651-0f19e9882aa6 rdf:first 3.913553e-02 ;
    rdf:rest ( 4.731251e-02 1.404466e-01 1.948424e-01 1.083066e-01 5.581858e-02 5.993623e-02 7.420941e-02 2.606069e-01 3.493108e-01 1.564596e-01 6.293856e-02 7.823254e-02 5.827659e-02 1.203292e-01 1.720443e-01 1.175513e-01 1.623432e-01 2.073554e-01 1.234659e-01 9.446523e-02 9.905158e-02 6.878208e-02 1.433418e-01 2.106451e-01 1.214873e-01 5.785007e-02 6.026373e-02 7.924531e-02 3.153525e-01 4.187885e-01 1.933079e-01 1.144689e-01 1.415401e-01 8.29248e-02 4.062166e-02 ) .

_:25a1775c-9f96-457c-a30d-27ac91fd13f9 a essentia:Median ;
    afo:value 10 .

_:260e8f5e-d611-4cb3-9b36-933ea4bb2f6f a essentia:Maximum ;
    afo:value 7.680065e+01 .

_:26edac51-1a84-4cfa-a0ed-a1cd880e9b83 a essentia:Variance ;
    afo:value 4.644542e+01 .

_:27d1d566-8b1d-47b4-bab3-fda9b4cbafe6 a essentia:Maximum ;
    afo:value 3.577141e+01 .

_:281abb9b-9313-443e-b9b3-cd8e860afff3 a essentia:Mean ;
    afo:value 1.583925e-02 .

_:283777db-9293-4712-a6b0-3dab91f7def3 a essentia:Mean ;
    afo:value 2.111105e+02 .

_:2885bc73-ca8b-48c8-bd23-e51039c9f516 a essentia:SecondDerivativeVariance ;
    afo:value 2.217929e+02 .

_:2897102d-6893-42d2-845a-7721f7e000c0 a essentia:Mean ;
    afo:value 1.199555e+00 .

_:28d39d65-fe05-48aa-a63d-bb2f73326806 a essentia:Maximum ;
    afo:value 1 .

_:298cd785-7860-4a0a-84be-553022b672b7 a essentia:Minimum ;
    afo:value 152 .

_:29a7bfc3-c9fe-43dc-886e-837e0e9e195c a essentia:DerivativeMean ;
    afo:value 3.871214e-01 .

_:29bbb475-c8c2-42fc-b8ad-4282523d5528 rdf:first 2.311344e-03 ;
    rdf:rest ( 2.457366e-02 1.300734e-01 4.21011e-01 7.076096e-01 2.06802e+00 3.970916e+00 7.051566e+00 7.479678e+00 1.568668e+01 2.026133e+01 2.826228e+01 3.697263e+01 1.56826e+01 3.033911e+01 2.025755e+01 1.012149e+01 1.314927e+01 7.598516e+00 5.154359e+00 6.442241e+00 7.234179e+00 1.947654e+00 2.522166e+00 1.289119e+00 1.051405e+00 7.608876e-01 6.778198e-01 4.357193e-01 2.374767e-01 2.287668e-01 1.069854e-01 4.119334e-02 1.933214e-02 5.230361e-03 1.89841e-03 4.383663e-04 5.780939e-05 4.82119e-06 4.474614e-06 ) .

_:29e9c954-39af-4fb6-82ba-1db7cde73c2a a essentia:DerivativeMean ;
    afo:value 0 .

_:2a398363-40f9-43fa-9dce-365f4f4b2b2c a essentia:PitchSalience ;
    event:time _:31784668-c8e2-4c6a-9664-53231aced73b ;
    afo:computed_by _:LowLevelExtractor ;
    afo:feature _:09b745fc-d27f-49d7-9f31-badc77fba48c,
        _:0efe326a-b245-4001-936c-844b24cf20a6,
        _:11b514f1-3713-4d0a-aa8d-ef9d56759677,
        [ a essentia:Minimum ;
            afo:value 1.647049e-05 ],
        [ a essentia:Mean ;
            afo:value 5.568322e-01 ],
        [ a essentia:Median ;
            afo:value 5.745722e-01 ],
        [ a essentia:SecondDerivativeVariance ;
            afo:value 5.300046e-03 ],
        [ a essentia:Maximum ;
            afo:value 8.652357e-01 ],
        [ a essentia:DerivativeMean ;
            afo:value 5.222482e-02 ] .

_:2af49369-3b2d-4d7c-8d0b-b9e6930285cd a essentia:Maximum ;
    afo:values ( 1 1 1 1 1 1 1 1 1 1 1 1 1 1 1 1 1 1 1 1 1 1 1 1 1 1 1 1 1 1 1 1 1 1 1 1 ) .

_:2b939ade-6818-4146-ba90-b4b4fcdf6109 a essentia:DerivativeMean ;
    afo:value 8.431717e-03 .

_:2c8fa75f-58c6-4da9-b8b5-38c220e3d541 a essentia:Minimum ;
    afo:values ( 1.428417e-05 1.885432e-11 2.19652e-12 2.665508e-13 3.469984e-14 3.759176e-14 ) .

_:2cafd61e-4f50-41a3-9460-d2218ff07065 a essentia:SecondDerivativeMean ;
    afo:value 1.036006e-01 .

_:2cb79bda-09ff-4a57-a882-a313a224031a a essentia:Median ;
    afo:value 1.24595e+01 .

_:2cde26d8-2f7a-4bdd-8a18-d6dcda1c2b33 a essentia:Median ;
    afo:value 2.595766e+00 .

_:2d57aca7-814f-431b-8e80-59b95200e872 a essentia:SecondDerivativeMean ;
    afo:value 2.170186e-02 .

_:2d88b806-441d-481e-80de-f4ddf1eeda20 rdf:first 1.2769e-01 ;
    rdf:rest ( 2.671997e-01 2.802509e-01 1.840375e-01 8.758555e-02 3.569353e-02 ) .

_:2de74334-3b25-46ca-a5dd-5f7ab88fa769 a tl:Timeline ;
    tl:interval _:31784668-c8e2-4c6a-9664-53231aced73b .

_:2e1a5616-6809-4232-8264-a9c1e9c7050f a essentia:SecondDerivativeVariance ;
    afo:value 1.196351e-03 .

_:2e4f1f1e-53ea-4e3a-aaf0-f4e692d00af8 a essentia:Minimum ;
    afo:values ( -9.769013e-01 -9.719828e-01 -9.795079e-01 -9.945466e-01 -9.872561e-01 -9.609364e-01 ) .

_:2e4f306b-47d2-49c2-98a0-f5d27ce8eb2c a essentia:DerivativeMean ;
    afo:value 1.006085e-02 .

_:2e7c3f70-6ff9-4e15-adc8-b135b8b0af98 a essentia:DerivativeMean ;
    afo:value 3.594236e-01 .

_:2e8151ad-d5fe-41f2-9f71-9e6749333c68 a essentia:SecondDerivativeVariance ;
    afo:value 9.430244e+00 .

_:2e878aa8-d783-4cbe-91eb-d2c8ee20eaa5 a essentia:SecondDerivativeVariance ;
    afo:value 3.889946e+05 .

_:2e9e1580-c676-403e-8b65-865c8929277c a essentia:Median ;
    afo:values ( 7.672413e-06 3.476862e-05 4.230254e-05 1.01275e-04 9.065471e-05 1.497175e-04 1.141272e-04 7.491554e-05 7.73892e-05 5.872838e-05 5.523696e-05 2.460564e-05 1.398823e-05 1.097868e-05 1.052306e-05 3.690817e-06 5.028625e-06 3.034205e-06 2.331097e-06 1.117494e-06 1.185328e-06 1.579907e-06 5.577367e-07 4.043647e-07 2.946945e-07 2.106043e-07 3.325521e-07 1.213729e-07 1.059383e-07 7.519932e-08 7.104373e-08 8.405384e-08 3.305905e-08 3.026015e-08 7.695878e-08 3.453543e-08 5.003013e-09 1.307176e-09 1.014407e-09 5.19733e-10 ) .

_:2ebf278d-129a-4575-b9f0-f41d9750425d a essentia:Variance ;
    afo:value 9.103158e+01 .

_:2ec9eac3-a3b9-424b-8d26-3851e9d7a9aa a essentia:SecondDerivativeMean ;
    afo:value 8.269371e-01 .

_:2f6d1e72-aed4-418b-963b-6bb9b2ce58af a essentia:Variance ;
    afo:value 2.917931e+01 .

_:2fc186f4-0efd-457f-a27b-e6bae58a397f a essentia:MelBands ;
    event:time _:31784668-c8e2-4c6a-9664-53231aced73b ;
    afo:computed_by _:LowLevelExtractor ;
    afo:feature [ a essentia:Kurtosis ;
            afo:feature _:217f12cf-2ece-4588-ba17-95c7f5fa0ee4,
                [ a essentia:DerivativeMean ;
                    afo:value 609885 ],
                [ a essentia:SecondDerivativeMean ;
                    afo:value 1.067378e+06 ],
                [ a essentia:Median ;
                    afo:value 4.259338e+00 ],
                [ a essentia:Minimum ;
                    afo:value -1.808002e+00 ],
                [ a essentia:Maximum ;
                    afo:value 2037015808 ],
                [ a essentia:Mean ;
                    afo:value 12806630 ],
                [ a essentia:SecondDerivativeVariance ;
                    afo:value 2.173084e+15 ],
                [ a essentia:DerivativeVariance ;
                    afo:value 1.242148e+15 ] ] .

_:2fdbb95f-dce3-44c5-a73e-618337d9e239 a essentia:SecondDerivativeMean ;
    afo:values _:2d88b806-441d-481e-80de-f4ddf1eeda20 .

_:302ad602-aa44-46b6-afb6-66d221fd36e9 a essentia:SecondDerivativeVariance ;
    afo:value 6.0483e-04 .

_:306c908d-ce14-48f4-a4e3-228b5da224d6 a essentia:SecondDerivativeVariance ;
    afo:value 5.919838e-04 .

_:30a83b93-c46e-40a9-b11e-7691eef51d89 a essentia:HFC ;
    event:time _:31784668-c8e2-4c6a-9664-53231aced73b ;
    afo:computed_by _:LowLevelExtractor ;
    afo:feature _:13550ca8-bc68-47cf-bcd0-abc8d34371af,
        _:243ddb2d-11c7-4694-a4a3-3c7af58fddc0,
        [ a essentia:DerivativeVariance ;
            afo:value 1.493528e+02 ],
        [ a essentia:Minimum ;
            afo:value 1.177529e-09 ],
        [ a essentia:Variance ;
            afo:value 4.995599e+02 ],
        [ a essentia:DerivativeMean ;
            afo:value 3.150658e+00 ],
        [ a essentia:Mean ;
            afo:value 1.116885e+01 ],
        [ a essentia:SecondDerivativeVariance ;
            afo:value 2.886123e+02 ],
        [ a essentia:Median ;
            afo:value 3.274156e+00 ] .

_:30bbaad0-3262-4cce-a12d-9ee2bf47ce60 a essentia:ERBBands ;
    event:time _:31784668-c8e2-4c6a-9664-53231aced73b ;
    afo:computed_by _:LowLevelExtractor ;
    afo:feature [ a essentia:Spread ;
            afo:feature _:06076bc2-a462-4b3d-a766-f67b18b93fbd,
                _:10ae672c-323a-4b56-94d7-69642a9afc90,
                [ a essentia:Minimum ;
                    afo:value 1.031458e+00 ],
                [ a essentia:DerivativeMean ;
                    afo:value 3.920795e+00 ],
                [ a essentia:SecondDerivativeVariance ;
                    afo:value 4.779686e+01 ],
                [ a essentia:DerivativeVariance ;
                    afo:value 1.977323e+01 ],
                [ a essentia:Maximum ;
                    afo:value 9.825041e+01 ],
                [ a essentia:Variance ;
                    afo:value 1.293925e+02 ],
                [ a essentia:SecondDerivativeMean ;
                    afo:value 6.003964e+00 ] ] .

_:31169d7a-22e2-4df1-ad94-e9868a1a50ff a essentia:DerivativeVariance ;
    afo:value 6.107399e+00 .

_:32b4dcaa-6161-4aad-a878-22b4f8c83456 a essentia:DerivativeVariance ;
    afo:value 3.319293e+05 .

_:3331cd88-8036-4931-b997-4b48a8795c7d a essentia:SecondDerivativeVariance ;
    afo:values ( 2.348513e-03 2.655484e-03 2.157758e-03 1.435306e-03 8.732905e-04 5.314866e-04 ) .

_:342545e3-ba87-43ce-af7d-65c6971b9b35 a essentia:Spread ;
    afo:feature _:0535667f-6ae3-4d8f-9ab4-56fff505c4ae,
        _:2cb79bda-09ff-4a57-a882-a313a224031a,
        _:2ebf278d-129a-4575-b9f0-f41d9750425d,
        [ a essentia:SecondDerivativeMean ;
            afo:value 4.2801e+00 ],
        [ a essentia:Minimum ;
            afo:value 8.624053e-09 ],
        [ a essentia:SecondDerivativeVariance ;
            afo:value 3.447885e+01 ],
        [ a essentia:Maximum ;
            afo:value 1.476522e+02 ],
        [ a essentia:DerivativeVariance ;
            afo:value 1.653305e+01 ],
        [ a essentia:DerivativeMean ;
            afo:value 2.852101e+00 ] .

_:34956df5-13b2-480d-a323-7b420f041c9b a essentia:Maximum ;
    afo:value 3.592742e+00 .

_:3529a204-79a2-4f64-82e5-802a48683630 rdf:first 6.305447e-03 ;
    rdf:rest ( 8.474928e-03 1.803324e-02 2.182405e-02 2.083735e-02 1.152782e-02 1.196132e-02 1.095094e-02 1.740589e-02 2.783687e-02 1.200576e-02 9.660866e-03 1.589658e-02 7.795364e-03 1.92039e-02 2.444284e-02 2.093952e-02 2.522117e-02 3.122983e-02 1.809419e-02 1.604353e-02 1.674838e-02 9.936316e-03 2.204143e-02 2.28617e-02 2.099294e-02 9.76466e-03 8.852075e-03 9.647339e-03 2.526243e-02 3.211549e-02 2.421828e-02 1.75593e-02 1.904579e-02 1.446862e-02 6.861107e-03 ) .

_:352b6afa-f8a5-4049-90eb-819688b94d76 a essentia:DerivativeMean ;
    afo:values ( 3.468625e-02 3.682666e-02 3.4959e-02 2.785512e-02 2.185134e-02 1.572179e-02 ) .

_:357dfa02-ba42-4088-8c4b-45384e0bbf1a a essentia:Median ;
    afo:value 2.108053e-01 .

_:35b677da-516e-4ca4-83ba-4c141c9ffdfb rdf:first 9.818364e-03 ;
    rdf:rest ( 2.080455e-02 1.598909e-02 1.2397e-02 9.889104e-03 3.377809e-03 ) .

_:35f2ddad-5461-40be-af25-e9522868b591 a essentia:DerivativeVariance ;
    afo:value 3.828001e-04 .

_:362fdde0-9f99-45b6-a560-7770c135f55f a essentia:Variance ;
    afo:value 4.783168e-04 .

_:3744718d-550c-426f-be10-427f6fb54c08 a essentia:DerivativeVariance ;
    afo:value 1.338501e+04 .

_:388354d6-8358-4c04-a13c-bb156a10a895 a essentia:Maximum ;
    afo:value 1 .

_:39a2f837-8d4e-4dfa-bce4-473745ba83af a essentia:Variance ;
    afo:value 0 .

_:3a1e232d-9002-4621-99c4-9db72b583989 a essentia:SecondDerivativeVariance ;
    afo:value 1.370513e-17 .

_:3b003309-0d1b-4251-b051-9446818a6ed1 a essentia:KeyScale ;
    event:time _:31784668-c8e2-4c6a-9664-53231aced73b ;
    afo:value "minor" .

_:3c2976cd-6a89-4f42-943e-6c5e2ded4e28 a essentia:Mean ;
    afo:value 3.668887e-01 .

_:3d0c95a9-2a91-489c-b42e-e9253800203e rdf:first 1.430657e-02 ;
    rdf:rest ( 6.443811e-02 4.097927e-02 1.675433e-02 7.837093e-03 2.549295e-03 ) .

_:3d37cf7f-6899-4b5a-b879-91cc9a1d1edd a essentia:Median ;
    afo:value 1.217839e+00 .

_:3d817f7a-1e17-4ea9-bffa-929dddf54a50 a essentia:SecondDerivativeVariance ;
    afo:value 0 .

_:3dbd6405-26c9-4e54-a830-fe0a30f68ac2 a essentia:DerivativeMean ;
    afo:value 1.048046e+02 .

_:3e1b6a75-2ace-428f-b0f6-81bca137c978 a essentia:RollOff ;
    event:time _:31784668-c8e2-4c6a-9664-53231aced73b ;
    afo:computed_by _:LowLevelExtractor ;
    afo:feature _:2e878aa8-d783-4cbe-91eb-d2c8ee20eaa5,
        [ a essentia:DerivativeVariance ;
            afo:value 1.694968e+05 ],
        [ a essentia:Minimum ;
            afo:value 2.15332e+01 ],
        [ a essentia:Variance ;
            afo:value 4.974079e+05 ],
        [ a essentia:Median ;
            afo:value 8.397949e+02 ],
        [ a essentia:DerivativeMean ;
            afo:value 1.845869e+02 ],
        [ a essentia:Maximum ;
            afo:value 7.601221e+03 ],
        [ a essentia:Mean ;
            afo:value 1.016446e+03 ],
        [ a essentia:SecondDerivativeMean ;
            afo:value 3.09369e+02 ] .

_:3e47ec45-a8ea-4e55-a1bd-97ffc93b2821 a essentia:DerivativeMean ;
    afo:value 4.070278e-05 .

_:3f79a048-f534-492b-8771-d5dc386d828a a essentia:SecondDerivativeVariance ;
    afo:value 2.36548e-04 .

_:3fe1f237-9b6c-472a-83be-7c9a390692a1 a essentia:DerivativeVariance ;
    afo:values ( 4.919559e-09 1.330309e-07 2.180069e-07 2.908661e-07 1.759779e-06 2.602136e-06 1.550233e-06 7.328201e-06 1.449965e-05 7.584692e-06 2.195404e-05 2.78886e-05 1.058173e-06 3.829216e-06 2.52471e-07 1.492744e-07 2.802459e-06 9.338354e-09 1.964029e-08 3.781393e-09 4.533186e-09 1.29926e-09 7.420451e-10 2.545969e-10 6.313136e-11 1.00997e-11 6.126694e-14 ) .

_:40179e49-fc6d-4fe4-9361-30a4bf8e20ed a essentia:Median ;
    afo:value 1.148341e+01 .

_:4078aaa7-ea78-4b1f-ae65-bdeadc80ed0a rdf:first 3.068051e-02 ;
