@prefix afo: <https://w3id.org/afo/onto/1.1#> .
@prefix dc: <http://purl.org/dc/elements/1.1/> .
@prefix essentia: <http://sovarr.c4dm.eecs.qmul.ac.uk/af/essentia/> .
@prefix event: <http://purl.org/NET/c4dm/event.owl#> .
@prefix foaf: <http://xmlns.com/foaf/0.1/> .
@prefix mo: <http://purl.org/ontology/mo/> .
@prefix rdf: <http://www.w3.org/1999/02/22-rdf-syntax-ns#> .
@prefix rdfs: <http://www.w3.org/2000/01/rdf-schema#> .
@prefix tl: <http://purl.org/NET/c4dm/timeline.owl#> .
@prefix xml: <http://www.w3.org/XML/1998/namespace> .
@prefix xsd: <http://www.w3.org/2001/XMLSchema#> .

<http://musicbrainz.org/release/82329948-06aa-45a4-8a98-ba7c2ee5e053> a mo:Release ;
    dc:date "1997-06" ;
    dc:title "Infinity" ;
    mo:catalogue_number "cdr008" ;
    mo:publisher [ a mo:Label ;
            foaf:name "Raster-Noton" ] ;
    mo:publishing_location "DE" ;
    mo:release_status mo:official ;
    mo:release_type mo:album ;
    mo:track <http://musicbrainz.org/recording/bd33f144-7f45-4b90-aef3-0cea1ac4ee40> ;
    foaf:maker <http://musicbrainz.org/artist/00ba173d-5a5d-4578-9e17-6c93973694ee> .

<1-03+-+03.mp3> a mo:AudioFile ;
    mo:encodes [ a essentia:Signal ;
            mo:sample_rate "44100"^^xsd:interger ;
            mo:time _:5718a8bb-7688-4760-850b-27de3f4f4452 ;
            essentia:bit_rate "322062"^^xsd:float ;
            essentia:codec "mp3"^^xsd:string ;
            essentia:downmix "mix"^^xsd:string ;
            essentia:equal_loudness "0"^^xsd:float ;
            essentia:lossless false ;
            essentia:md5_encoded "b72b534450b00e60bcccbf04445a3be1"^^xsd:string ;
            essentia:replay_gain "-5.66039657593"^^xsd:float ] .

<http://musicbrainz.org/artist/00ba173d-5a5d-4578-9e17-6c93973694ee> a mo:MusicArtist ;
    foaf:name "Noto" .

<http://musicbrainz.org/recording/bd33f144-7f45-4b90-aef3-0cea1ac4ee40> a mo:Track ;
    dc:title "03" ;
    mo:available_as <1-03+-+03.mp3> ;
    mo:genre [ a mo:Genre ;
            rdfs:label "Electronic" ] ;
    mo:track_number "03/72" .

[] a essentia:VersionInfo .

_:000d0e0f-fbad-4085-8855-f4b4201736f2 a essentia:SecondDerivativeVariance ;
    afo:value 2.116078e+04 .

_:001665c0-cc59-4e2d-915e-500554bfb313 a essentia:Median ;
    afo:value 3.11301e+00 .

_:019973de-0fda-4654-bf2b-ab6a22f5862c a essentia:MelBands ;
    event:time _:5718a8bb-7688-4760-850b-27de3f4f4452 ;
    afo:computed_by _:LowLevelExtractor ;
    afo:feature [ a essentia:Kurtosis ;
            afo:feature [ a essentia:DerivativeVariance ;
                    afo:value 8.579714e+04 ],
                [ a essentia:Median ;
                    afo:value -1.131061e+00 ],
                [ a essentia:Mean ;
                    afo:value 5.425552e+01 ],
                [ a essentia:Maximum ;
                    afo:value 1.632277e+03 ],
                [ a essentia:DerivativeMean ;
                    afo:value 9.554579e+01 ],
                [ a essentia:Minimum ;
                    afo:value -1.989799e+00 ],
                [ a essentia:SecondDerivativeVariance ;
                    afo:value 2.718644e+05 ],
                [ a essentia:SecondDerivativeMean ;
                    afo:value 1.830441e+02 ],
                [ a essentia:Variance ;
                    afo:value 5.180018e+04 ] ] .

_:01bd0205-6225-4ab7-8a25-51e3ab0992ce a essentia:ChordsHistogram ;
    event:time _:5718a8bb-7688-4760-850b-27de3f4f4452 ;
    afo:value ( 2.696629e+01 2.247191e+00 0 0 0 0 0 0 0 0 1.123596e+01 0 0 0 0 0 0 5.505618e+01 4.494382e+00 0 0 0 0 0 ) .

_:01d43464-62f9-408f-a104-b0cfccc8a6cc a essentia:SecondDerivativeVariance ;
    afo:value 3.861811e-02 .

_:039e1b0e-d37a-493f-8a6c-d0d1f29491da a essentia:Maximum ;
    afo:values ( -5.284291e+00 -5.69468e+00 -6.719473e+00 -7.140688e+00 -6.874903e+00 -8.265604e+00 ) .

_:03abd333-0413-4335-a748-c9476e1cbb6b a essentia:SecondDerivativeMean ;
    afo:value 1.155974e+01 .

_:03c8b4c3-1426-4430-8d1c-06987bb049d3 a essentia:Mean ;
    afo:value 4.689686e-01 .

_:03d4414a-183c-47fa-b50c-1ec232a5a2cd a essentia:SecondDerivativeMean ;
    afo:value 1.392697e+02 .

_:0419b16f-fe8c-4e45-b1e4-f40e5197d2eb a essentia:Variance ;
    afo:value 1.247785e+03 .

_:045835e8-b97d-4eeb-a418-e44e686b682b a essentia:SecondDerivativeVariance ;
    afo:value 4.355559e+04 .

_:046bd54c-c056-4cc9-a487-3f7123e25117 rdf:first 5.08015e-02 ;
    rdf:rest ( 3.75431e-02 2.823241e-02 4.46315e-02 3.255001e-02 6.013291e-02 ) .

_:047afd60-284b-4309-aaa8-51918d2a08d6 a essentia:Maximum ;
    afo:value 1.301089e+02 .

_:04db2da9-b04c-4e30-acf9-88c943c44918 a essentia:Maximum ;
    afo:values ( 8.911788e+00 2.255651e+01 3.532532e+01 3.293576e+01 2.186456e+01 1.063472e+01 6.582828e+00 1.001621e+01 1.058638e+01 9.834236e+00 8.775004e+00 5.886452e+00 4.417232e+00 3.724622e+00 3.408328e+00 3.551895e+00 6.114871e+00 5.662978e+00 7.712357e+01 7.878483e+01 1.413045e+02 9.796352e+00 2.996418e+00 3.205779e+00 4.609947e+00 7.025681e+01 4.648568e+01 1.632666e+03 1.661733e+03 7.752998e+03 1.496494e+04 2.128951e+03 4.724956e+03 1.86925e+02 2.393298e+01 2.216378e+01 3.782645e+01 1.99179e+00 2.981217e-02 2.808424e-03 ) .

_:0501e3d7-a612-42ce-8fbc-02a760047003 a essentia:Median ;
    afo:value 1.956761e+01 .

_:05fa8778-579d-42c6-8c76-a59b9938039f a essentia:SecondDerivativeMean ;
    afo:values ( 1.231278e+00 3.226074e+00 3.076188e+00 2.025076e+00 1.416198e+00 1.638289e+00 1.450133e+00 1.547828e+00 1.58887e+00 1.607609e+00 1.460282e+00 1.164279e+00 8.329664e-01 5.82049e-01 5.129148e-01 6.871112e-01 1.008665e+00 1.016008e+00 3.486662e+00 3.238785e+00 1.30957e+01 1.420414e+00 5.518528e-01 4.421355e-01 7.217907e-01 2.295935e+00 6.559201e+00 1.922174e+02 1.245921e+02 8.235734e+02 2.160497e+03 2.724788e+02 9.899754e+02 3.962667e+01 3.258595e+00 2.102084e+00 4.932989e+00 2.599668e-01 5.654729e-03 6.219322e-04 ) .

_:0639ab47-7c6f-4ba2-96b7-797137f33f2c a essentia:DerivativeVariance ;
    afo:value 7.035273e+03 .

_:067d8576-9c61-451f-8ac9-88bcb6c68910 a essentia:SecondDerivativeMean ;
    afo:value 1.63485e-01 .

_:067fc3aa-4e64-4e2e-bb06-b4f86104bb3c a essentia:SecondDerivativeMean ;
    afo:value 6.764898e+01 .

_:068a285a-766c-4986-9465-a14b776ad203 a essentia:Median ;
    afo:values ( 9.066424e-04 9.326255e-04 8.496422e-04 7.847575e-04 1.135072e-03 1.048739e-03 8.267094e-04 3.297895e-04 4.959436e-04 7.665247e-04 1.119019e-03 8.742925e-04 1.565558e-03 1.650033e-03 1.857629e-03 1.240095e-03 8.74117e-04 9.107803e-04 9.747187e-04 8.2524e-04 5.894752e-04 4.053349e-04 6.361645e-04 4.624403e-01 8.192695e-01 4.410042e-01 7.430464e-04 1.094935e-03 1.127079e-03 8.496529e-04 5.041921e-04 6.877727e-04 5.961782e-04 5.320747e-04 6.238027e-04 7.44523e-04 ) .

_:06d73ad7-e9b0-4c03-84fd-801f60a4faf3 a essentia:DerivativeVariance ;
    afo:value 8.217371e-01 .

_:07d1e41f-92f1-46e3-a6c3-a69c9aad6a47 a essentia:Entropy ;
    afo:feature [ a essentia:Minimum ;
            afo:value 0 ],
        [ a essentia:Mean ;
            afo:value 1.574104e+00 ],
        [ a essentia:DerivativeVariance ;
            afo:value 4.011292e-01 ],
        [ a essentia:DerivativeMean ;
            afo:value 4.915522e-01 ],
        [ a essentia:SecondDerivativeMean ;
            afo:value 8.706296e-01 ],
        [ a essentia:SecondDerivativeVariance ;
            afo:value 1.041585e+00 ],
        [ a essentia:Median ;
            afo:value 1.687038e+00 ],
        [ a essentia:Maximum ;
            afo:value 4.428728e+00 ],
        [ a essentia:Variance ;
            afo:value 1.80064e+00 ] .

_:07e8b03c-c5d6-410f-bc2d-42b066284625 a essentia:InverseCovariance ;
    afo:dimensions ( 13 13 ) ;
    afo:values ( 9.330502e-05 -1.277549e-04 -1.168064e-04 1.02198e-04 -4.223462e-05 -2.168682e-04 3.583471e-04 2.386622e-04 -2.646504e-04 -2.088355e-05 -1.866902e-04 -2.31452e-04 -1.14304e-06 -1.277549e-04 1.247573e-03 -1.126765e-04 -1.360152e-03 9.25854e-05 9.984457e-04 -3.776848e-04 -4.102385e-04 2.589156e-04 -1.124538e-03 3.258138e-04 6.729974e-04 -5.138791e-05 -1.168064e-04 -1.126765e-04 2.425367e-03 -1.027262e-05 -2.464222e-03 -3.353964e-03 1.361178e-04 4.496938e-04 1.966531e-03 1.640966e-03 -1.71759e-03 -2.455423e-03 1.373693e-03 1.02198e-04 -1.360152e-03 -1.027262e-05 7.718463e-03 1.180409e-03 -4.722865e-03 -8.240741e-04 -1.03422e-03 -1.152554e-03 3.402171e-03 5.27778e-04 6.610808e-04 3.157912e-04 -4.223462e-05 9.25854e-05 -2.464222e-03 1.180409e-03 6.427208e-03 2.126371e-03 -2.20129e-03 -3.438713e-04 -4.672292e-03 -3.379992e-03 7.455728e-03 1.47753e-03 -3.708782e-03 -2.168682e-04 9.984457e-04 -3.353964e-03 -4.722865e-03 2.126371e-03 1.864603e-02 4.264015e-03 -1.178776e-02 -6.397673e-03 -5.862329e-03 -7.723525e-03 1.147101e-02 7.19634e-03 3.583471e-04 -3.776848e-04 1.361178e-04 -8.240741e-04 -2.20129e-03 4.264015e-03 1.105109e-02 -3.665386e-03 -4.203788e-03 -1.298234e-03 -1.059716e-02 2.313871e-04 9.304141e-03 2.386622e-04 -4.102385e-04 4.496938e-04 -1.03422e-03 -3.438713e-04 -1.178776e-02 -3.665386e-03 2.0346e-02 7.319329e-03 -2.254996e-04 1.004547e-02 -1.546368e-02 -1.460849e-02 -2.646504e-04 2.589156e-04 1.966531e-03 -1.152554e-03 -4.672292e-03 -6.397673e-03 -4.203788e-03 7.319329e-03 1.632224e-02 9.807964e-03 -1.091686e-03 -1.073594e-02 -7.083062e-03 -2.088355e-05 -1.124538e-03 1.640966e-03 3.402171e-03 -3.379992e-03 -5.862329e-03 -1.298234e-03 -2.254996e-04 9.807964e-03 1.578022e-02 -4.004623e-04 -9.352155e-03 -3.184542e-03 -1.866902e-04 3.258138e-04 -1.71759e-03 5.27778e-04 7.455728e-03 -7.723525e-03 -1.059716e-02 1.004547e-02 -1.091686e-03 -4.004623e-04 2.902668e-02 -4.299656e-03 -1.430079e-02 -2.31452e-04 6.729974e-04 -2.455423e-03 6.610808e-04 1.47753e-03 1.147101e-02 2.313871e-04 -1.546368e-02 -1.073594e-02 -9.352155e-03 -4.299656e-03 3.154902e-02 1.474934e-02 -1.14304e-06 -5.138791e-05 1.373693e-03 3.157912e-04 -3.708782e-03 7.19634e-03 9.304141e-03 -1.460849e-02 -7.083062e-03 -3.184542e-03 -1.430079e-02 1.474934e-02 2.210789e-02 ) .

_:08729bee-a716-4f16-8eb7-72f3c39385a0 a essentia:HPCP ;
    event:time _:5718a8bb-7688-4760-850b-27de3f4f4452 ;
    afo:computed_by _:LowLevelExtractor ;
    afo:feature _:068a285a-766c-4986-9465-a14b776ad203,
        [ a essentia:DerivativeMean ;
            afo:values ( 1.251028e-01 1.595226e-01 1.15807e-01 1.106026e-01 8.839565e-02 6.153182e-02 5.765418e-02 7.330107e-02 6.074863e-02 3.537602e-02 5.264553e-02 6.727663e-02 7.533444e-02 8.472519e-02 8.173492e-02 7.79513e-02 7.594459e-02 7.149491e-02 5.48484e-02 3.89686e-02 2.95923e-02 2.064125e-02 1.828708e-02 1.209957e-01 2.280511e-01 1.049786e-01 2.580541e-02 2.237943e-02 2.541658e-02 5.086033e-02 6.928083e-02 5.070293e-02 4.280764e-02 4.9589e-02 3.855853e-02 4.914367e-02 ) ],
        [ a essentia:SecondDerivativeVariance ;
            afo:values ( 1.867068e-01 2.55314e-01 1.819613e-01 2.08232e-01 1.256873e-01 3.718363e-02 7.032067e-02 1.344069e-01 9.195995e-02 2.160087e-02 6.969628e-02 8.836728e-02 8.871987e-02 1.110656e-01 8.894087e-02 7.912175e-02 9.26635e-02 9.714266e-02 6.899769e-02 4.879154e-02 2.783289e-02 1.512789e-02 5.061232e-03 1.042744e-01 3.969649e-01 8.807428e-02 7.646347e-03 6.924039e-03 1.24246e-02 6.197925e-02 1.065925e-01 7.309511e-02 4.028143e-02 7.923383e-02 2.329391e-02 2.63531e-02 ) ],
        [ a essentia:Maximum ;
            afo:values ( 1 1 1 1 9.376782e-01 4.952476e-01 9.523438e-01 9.952462e-01 9.941469e-01 3.823171e-01 7.530186e-01 1 1 9.573907e-01 7.439811e-01 6.267003e-01 1 8.80903e-01 9.032884e-01 8.506649e-01 6.200147e-01 4.680365e-01 1.861987e-01 7.92121e-01 1 5.500528e-01 2.909616e-01 2.685464e-01 4.011625e-01 8.34152e-01 1 1 5.790504e-01 1 4.347302e-01 3.77831e-01 ) ],
        [ a essentia:DerivativeVariance ;
            afo:values ( 6.46755e-02 9.165157e-02 6.231669e-02 7.096709e-02 4.209311e-02 1.221572e-02 2.403056e-02 4.5621e-02 3.131557e-02 7.540812e-03 2.387725e-02 3.041966e-02 3.115743e-02 3.743799e-02 2.984103e-02 2.72137e-02 3.16363e-02 3.297671e-02 2.36133e-02 1.647103e-02 9.324323e-03 4.963068e-03 1.612345e-03 3.867398e-02 1.434849e-01 3.139697e-02 3.03735e-03 2.391563e-03 3.997866e-03 1.812906e-02 3.28268e-02 2.442279e-02 1.375063e-02 2.672671e-02 7.711798e-03 7.923611e-03 ) ],
        [ a essentia:Minimum ;
            afo:values [ rdf:first 0 ;
                    rdf:rest [ rdf:first 0 ;
                            rdf:rest [ rdf:first 0 ;
                                    rdf:rest [ rdf:first 0 ;
                                            rdf:rest [ rdf:first 0 ;
                                                    rdf:rest [ rdf:first 0 ;
                                                            rdf:rest [ rdf:first 0 ;
                                                                    rdf:rest [ rdf:first 0 ;
                                                                            rdf:rest [ rdf:first 0 ;
                                                                                    rdf:rest [ rdf:first 0 ;
                                                                                            rdf:rest [ rdf:first 0 ;
                                                                                                    rdf:rest [ rdf:first 0 ;
                                                                                                            rdf:rest [ rdf:first 0 ;
                                                                                                                    rdf:rest [ rdf:first 0 ;
                                                                                                                            rdf:rest [ rdf:first 0 ;
                                                                                                                                    rdf:rest [ rdf:first 0 ;
                                                                                                                                            rdf:rest [ rdf:first 0 ;
                                                                                                                                                    rdf:rest [ rdf:first 0 ;
                                                                                                                                                            rdf:rest [ rdf:first 0 ;
                                                                                                                                                                    rdf:rest [ rdf:first 0 ;
                                                                                                                                                                            rdf:rest [ rdf:first 0 ;
                                                                                                                                                                                    rdf:rest [ rdf:first 0 ;
                                                                                                                                                                                            rdf:rest [ rdf:first 0 ;
                                                                                                                                                                                                    rdf:rest [ rdf:first 0 ;
                                                                                                                                                                                                            rdf:rest [ rdf:first 0 ;
                                                                                                                                                                                                                    rdf:rest [ rdf:first 0 ;
                                                                                                                                                                                                                            rdf:rest [ rdf:first 0 ;
                                                                                                                                                                                                                                    rdf:rest [ rdf:first 0 ;
                                                                                                                                                                                                                                            rdf:rest [ rdf:first 0 ;
                                                                                                                                                                                                                                                    rdf:rest [ rdf:first 0 ;
                                                                                                                                                                                                                                                            rdf:rest [ rdf:first 0 ;
                                                                                                                                                                                                                                                                    rdf:rest [ rdf:first 0 ;
                                                                                                                                                                                                                                                                            rdf:rest [ rdf:first 0 ;
                                                                                                                                                                                                                                                                                    rdf:rest [ rdf:first 0 ;
                                                                                                                                                                                                                                                                                            rdf:rest [ rdf:first 0 ;
                                                                                                                                                                                                                                                                                                    rdf:rest [ rdf:first 0 ;
                                                                                                                                                                                                                                                                                                            rdf:rest () ] ] ] ] ] ] ] ] ] ] ] ] ] ] ] ] ] ] ] ] ] ] ] ] ] ] ] ] ] ] ] ] ] ] ] ] ],
        [ a essentia:SecondDerivativeMean ;
            afo:values ( 2.388424e-01 3.048924e-01 2.15588e-01 2.152437e-01 1.713858e-01 1.163066e-01 1.04953e-01 1.420439e-01 1.195858e-01 6.967956e-02 1.036662e-01 1.309955e-01 1.451405e-01 1.619636e-01 1.624261e-01 1.536044e-01 1.503372e-01 1.388053e-01 1.070598e-01 7.550333e-02 5.690037e-02 4.021391e-02 3.502055e-02 2.318386e-01 4.478786e-01 2.014656e-01 4.802339e-02 4.269051e-02 4.915576e-02 1.003943e-01 1.378803e-01 1.01371e-01 8.51365e-02 9.588458e-02 7.33694e-02 9.399751e-02 ) ],
        [ a essentia:Mean ;
            afo:values ( 6.544439e-02 8.378134e-02 6.713658e-02 5.960688e-02 4.997468e-02 3.773112e-02 3.583251e-02 4.071083e-02 3.313896e-02 2.012213e-02 2.87056e-02 3.806997e-02 4.69256e-02 5.296963e-02 4.69726e-02 4.221157e-02 4.204094e-02 3.962386e-02 3.016719e-02 2.131486e-02 1.672455e-02 1.22578e-02 1.110083e-02 2.747948e-01 5.278649e-01 2.701414e-01 1.688151e-02 1.325967e-02 1.501278e-02 2.708881e-02 3.590216e-02 2.62124e-02 2.272514e-02 2.667895e-02 2.105318e-02 2.702801e-02 ) ],
        [ a essentia:Variance ;
            afo:values ( 3.703666e-02 5.361209e-02 3.948427e-02 4.059328e-02 2.357273e-02 8.296853e-03 1.428205e-02 2.505869e-02 1.670293e-02 4.168856e-03 1.268156e-02 1.637473e-02 1.852389e-02 2.225341e-02 1.768384e-02 1.556743e-02 1.739476e-02 1.834031e-02 1.272196e-02 8.665081e-03 4.899438e-03 2.586124e-03 9.442736e-04 6.507409e-02 2.329525e-01 5.601243e-02 2.315991e-03 1.404202e-03 2.224412e-03 9.87543e-03 1.770351e-02 1.278014e-02 7.266332e-03 1.386788e-02 4.293108e-03 4.835161e-03 ) ] .

_:0a0f7a12-a508-4aec-bd13-d2174ea17c5d rdf:first 1.877189e+00 ;
    rdf:rest ( 2.329962e+00 2.078244e+00 2.007061e+00 1.999943e+00 1.199148e+00 ) .

_:0a5d0dfd-ed35-4cd7-87b8-76d1ef210fa9 a essentia:Decrease ;
    event:time _:5718a8bb-7688-4760-850b-27de3f4f4452 ;
    afo:computed_by _:LowLevelExtractor ;
    afo:feature [ a essentia:Median ;
            afo:value -5.908941e-09 ],
        [ a essentia:SecondDerivativeMean ;
            afo:value 1.278304e-08 ],
        [ a essentia:Mean ;
            afo:value -9.67355e-09 ],
        [ a essentia:DerivativeVariance ;
            afo:value 1.172929e-16 ],
        [ a essentia:DerivativeMean ;
            afo:value 7.336964e-09 ],
        [ a essentia:Maximum ;
            afo:value 1.826709e-28 ],
        [ a essentia:Minimum ;
            afo:value -6.627349e-08 ],
        [ a essentia:SecondDerivativeVariance ;
            afo:value 3.302909e-16 ],
        [ a essentia:Variance ;
            afo:value 1.502946e-16 ] .

_:0b0dcc76-8d9d-4a9b-b7a6-89daacb05e6d a essentia:Variance ;
    afo:value 2.314048e-01 .

_:0b4aa16e-e88d-405f-8880-3774ff32f4b7 a essentia:EnergyBand ;
    event:time _:5718a8bb-7688-4760-850b-27de3f4f4452 ;
    afo:computed_by _:LowLevelExtractor ;
    afo:feature [ a essentia:Variance ;
            afo:value 9.79972e-04 ],
        [ a essentia:SecondDerivativeVariance ;
            afo:value 3.104531e-03 ],
        [ a essentia:Minimum ;
            afo:value 1.414443e-23 ],
        [ a essentia:Mean ;
            afo:value 1.756792e-02 ],
        [ a essentia:DerivativeMean ;
            afo:value 1.900076e-02 ],
        [ a essentia:Maximum ;
            afo:value 2.227025e-01 ],
        [ a essentia:SecondDerivativeMean ;
            afo:value 3.331512e-02 ],
        [ a essentia:DerivativeVariance ;
            afo:value 1.136328e-03 ],
        [ a essentia:Median ;
            afo:value 5.403399e-03 ] .

_:0bb95766-3563-42b6-aa4f-80691aea7d4b a essentia:Mean ;
    afo:value 3.116843e-01 .

_:0c207bec-af9e-4ece-930f-55c9e2e12229 a essentia:Mean ;
    afo:value 3.636364e-01 .

_:0c2223c7-7c57-44d3-9ff1-7b000bac72fb a essentia:DerivativeVariance ;
    afo:value 9.994051e-06 .

_:0ca10976-514f-476b-9289-1e3a5a008276 a essentia:DerivativeVariance ;
    afo:value 4.940371e+00 .

_:0cccdc55-6d4b-4f7b-876f-d4c68bcea400 a essentia:DerivativeMean ;
    afo:value 0 .

_:0cf71b10-a4d3-4a74-8218-19154caf183e a essentia:StrongPeak ;
    event:time _:5718a8bb-7688-4760-850b-27de3f4f4452 ;
    afo:computed_by _:LowLevelExtractor ;
    afo:feature [ a essentia:Mean ;
            afo:value 1.81257e+01 ],
        [ a essentia:Maximum ;
            afo:value 1.397366e+02 ],
        [ a essentia:Minimum ;
            afo:value 0 ],
        [ a essentia:SecondDerivativeVariance ;
            afo:value 2.110203e+03 ],
        [ a essentia:SecondDerivativeMean ;
            afo:value 3.08219e+01 ],
        [ a essentia:DerivativeMean ;
            afo:value 1.868116e+01 ],
        [ a essentia:Variance ;
            afo:value 1.045061e+03 ],
        [ a essentia:Median ;
            afo:value 6.315164e-09 ],
        [ a essentia:DerivativeVariance ;
            afo:value 8.967397e+02 ] .

_:0d3eff02-eb4c-4304-819d-fb134ac16fa8 a essentia:DerivativeMean ;
    afo:value 3.743918e+00 .

_:0d4074a0-9817-42cc-b119-d42b53ea4c79 a essentia:DerivativeMean ;
    afo:value 6.747273e+00 .

_:0db0d95f-f970-440d-a12f-61e0125bfbbb a essentia:Maximum ;
    afo:value 2.155406e+00 .

_:0dd85227-f020-4228-a1b4-107f99cd2047 a essentia:Minimum ;
    afo:value 6.409475e-11 .

_:0e2c47b4-bee0-41f7-bad3-2fd71f9376d1 a essentia:Minimum ;
    afo:value 3.333333e-01 .

_:0ecbb6a6-229b-428a-8323-b6eee16e1cdb a essentia:Median ;
    afo:value 2.894763e-01 .

_:0f0544aa-233e-4a67-bca5-d7fa51660bff a essentia:Spread ;
    event:time _:5718a8bb-7688-4760-850b-27de3f4f4452 ;
    afo:computed_by _:LowLevelExtractor ;
    afo:feature [ a essentia:Minimum ;
            afo:value 3.311598e+06 ],
        [ a essentia:SecondDerivativeVariance ;
            afo:value 2.931371e+13 ],
        [ a essentia:DerivativeVariance ;
            afo:value 1.557631e+13 ],
        [ a essentia:SecondDerivativeMean ;
            afo:value 4420502 ],
        [ a essentia:Maximum ;
            afo:value 43063588 ],
        [ a essentia:Median ;
            afo:value 10760057 ],
        [ a essentia:Variance ;
            afo:value 2.365753e+14 ],
        [ a essentia:Mean ;
            afo:value 20126144 ],
        [ a essentia:DerivativeMean ;
            afo:value 2643744 ] .

_:0f2b47bd-cfab-4add-8311-effd4826bf0c a essentia:InverseCovariance ;
    afo:dimensions ( 13 13 ) ;
    afo:values ( 2.48113e-04 -3.454679e-04 3.917504e-04 -8.524989e-04 1.41799e-03 -9.304655e-04 7.790727e-04 -9.952871e-04 7.021779e-04 -2.661541e-04 -2.025766e-04 -1.231573e-03 1.132374e-03 -3.454679e-04 1.45148e-03 -3.462545e-04 6.492036e-04 -2.316656e-03 2.234655e-03 -7.593333e-04 5.167319e-04 -7.394245e-04 3.563877e-04 8.983613e-04 3.060234e-03 -7.933842e-06 3.917504e-04 -3.462545e-04 1.962943e-03 -1.747141e-03 1.174347e-03 -2.666194e-03 9.213885e-04 -2.272413e-04 2.436099e-03 3.382374e-04 -1.424869e-03 -2.431455e-03 2.594902e-03 -8.524989e-04 6.492036e-04 -1.747141e-03 8.073119e-03 -3.004882e-03 -4.153596e-04 -4.190266e-03 3.936197e-03 -3.040604e-03 1.026065e-03 5.076376e-03 4.275464e-03 -6.954676e-03 1.41799e-03 -2.316656e-03 1.174347e-03 -3.004882e-03 1.351569e-02 -3.034081e-03 1.494032e-03 -9.606896e-03 2.388692e-04 2.014422e-03 1.90221e-03 -5.932903e-03 3.444889e-03 -9.304655e-04 2.234655e-03 -2.666194e-03 -4.153596e-04 -3.034081e-03 1.204293e-02 -1.058637e-03 -2.368846e-03 -5.310081e-03 1.030998e-03 -3.323406e-05 6.124702e-03 -1.183309e-03 7.790727e-04 -7.593333e-04 9.213885e-04 -4.190266e-03 1.494032e-03 -1.058637e-03 9.124288e-03 -1.008393e-03 5.780902e-03 -6.50093e-03 -5.358367e-03 -6.323347e-03 7.149272e-03 -9.952871e-04 5.167319e-04 -2.272413e-04 3.936197e-03 -9.606896e-03 -2.368846e-03 -1.008393e-03 1.893438e-02 1.510829e-03 6.711641e-04 -7.56546e-03 -7.994131e-04 -8.86537e-03 7.021779e-04 -7.394245e-04 2.436099e-03 -3.040604e-03 2.388692e-04 -5.310081e-03 5.780902e-03 1.510829e-03 1.422772e-02 1.269805e-03 -6.688415e-03 -1.148788e-02 5.725721e-03 -2.661541e-04 3.563877e-04 3.382374e-04 1.026065e-03 2.014422e-03 1.030998e-03 -6.50093e-03 6.711641e-04 1.269805e-03 1.771555e-02 2.966909e-03 -1.449512e-03 -7.326974e-03 -2.025766e-04 8.983613e-04 -1.424869e-03 5.076376e-03 1.90221e-03 -3.323406e-05 -5.358367e-03 -7.56546e-03 -6.688415e-03 2.966909e-03 2.11662e-02 1.401942e-02 8.961609e-05 -1.231573e-03 3.060234e-03 -2.431455e-03 4.275464e-03 -5.932903e-03 6.124702e-03 -6.323347e-03 -7.994131e-04 -1.148788e-02 -1.449512e-03 1.401942e-02 2.474429e-02 8.738009e-04 1.132374e-03 -7.933842e-06 2.594902e-03 -6.954676e-03 3.444889e-03 -1.183309e-03 7.149272e-03 -8.86537e-03 5.725721e-03 -7.326974e-03 8.961609e-05 8.738009e-04 1.886902e-02 ) .

_:0f5c4826-d6a5-454a-af3e-f62a3c522add a essentia:DerivativeVariance ;
    afo:value 0 .

_:0f8deb04-ee11-46a7-ae69-1b2f077a73fb a essentia:Maximum ;
    afo:value 5.341959e-01 .

_:0fff695a-a712-4f1b-82ac-2f81d7fa552a a essentia:Mean ;
    afo:value 5.874411e-03 .

_:10840204-a123-47ab-8bf2-f27e2f1c2fa5 a essentia:Median ;
    afo:value 0 .

_:108f7aa3-5b9e-47ca-af64-cd103930fc6e a essentia:Mean ;
    afo:value 117 .

_:11185613-9994-46c8-a804-2e8f1640aa24 a essentia:Mean ;
    afo:value 1 .

_:1192726f-667c-4470-ab99-8290a17873f9 a essentia:Variance ;
    afo:value 0 .

_:122ee209-ec1c-4ee8-b1a7-bc62ac1a1caf a essentia:SecondDerivativeMean ;
    afo:value 2.468302e+01 .

_:12d03812-0832-4344-b3b6-674545f1bab9 a essentia:Minimum ;
    afo:value 3.333333e-01 .

_:12f76f6c-f66b-43a1-bb1d-cd14416b11bf a essentia:Variance ;
    afo:value 0 .

_:1354f4b6-a5de-494b-8c97-21ffbde9a99c a essentia:SecondDerivativeMean ;
    afo:value 5.85535e+00 .

_:13597336-a935-47d1-9f79-cea84bca3b94 a essentia:FirstPeakWeight ;
    event:time _:5718a8bb-7688-4760-850b-27de3f4f4452 ;
    afo:computed_by _:LowLevelExtractor ;
    afo:feature _:1192726f-667c-4470-ab99-8290a17873f9,
        _:12d03812-0832-4344-b3b6-674545f1bab9,
        [ a essentia:DerivativeMean ;
            afo:value 0 ],
        [ a essentia:Median ;
            afo:value 3.333333e-01 ],
        [ a essentia:Maximum ;
            afo:value 3.333333e-01 ],
        [ a essentia:DerivativeVariance ;
            afo:value 0 ],
        [ a essentia:SecondDerivativeMean ;
            afo:value 0 ],
        [ a essentia:SecondDerivativeVariance ;
            afo:value 0 ],
        [ a essentia:Mean ;
            afo:value 3.333333e-01 ] .

_:138a9e98-e044-4d2d-97d8-421885192c73 a essentia:SecondDerivativeVariance ;
    afo:value 21163114 .

_:14022f12-e647-4db8-8ca8-f6ad2c3e9acf a essentia:Variance ;
    afo:value 1.734953e-03 .

_:146e18d7-a640-4886-883b-acd27a07863c a essentia:Variance ;
    afo:value 2.027392e+01 .

_:14c511b4-8749-410a-9af8-8d02d61f4769 a essentia:Minimum ;
    afo:value -2.35771e+00 .

_:14dc8029-93ce-4b64-8b43-5bf27bbbb291 a essentia:Mean ;
    afo:value 1.336582e-01 .

_:1501b7ef-2552-41b9-9f53-e011f5211524 a essentia:SecondDerivativeVariance ;
    afo:value 6.794818e-03 .

_:1567c77a-d2b4-4f57-ad1e-8374435ff0f2 a essentia:Median ;
    afo:value 0 .

_:15df66a0-4e52-4eef-9d44-110068777ea4 a essentia:DerivativeVariance ;
    afo:values ( 3.012709e-04 6.323325e-04 1.07089e-05 1.001312e-06 2.581507e-07 3.662591e-08 1.583372e-08 6.410771e-09 2.878951e-09 4.419033e-10 1.467223e-10 2.162289e-10 6.324236e-10 4.25541e-10 2.912817e-08 1.108561e-07 3.045648e-10 8.258318e-11 1.478845e-10 1.092914e-08 3.42634e-05 1.559283e-04 5.016275e-03 1.276442e-03 3.139945e-07 2.881837e-06 5.023437e-11 ) .

_:15f2c011-1abd-466b-86f5-fcdfad035d22 a tl:Timeline ;
    tl:interval _:5718a8bb-7688-4760-850b-27de3f4f4452 .

_:164238c0-cbdb-474b-ad1d-23d39344ef53 a essentia:Variance ;
    afo:value 8.544002e+03 .

_:1652c8ab-ebc6-40f1-8efd-e661be2b4bff a essentia:Minimum ;
    afo:value 0 .

_:16c22a4c-a5d8-4427-b8d2-1467737e435e a essentia:ERBBands ;
    event:time _:5718a8bb-7688-4760-850b-27de3f4f4452 ;
    afo:computed_by _:LowLevelExtractor ;
    afo:feature [ a essentia:Spread ;
            afo:feature _:122ee209-ec1c-4ee8-b1a7-bc62ac1a1caf,
                [ a essentia:Minimum ;
                    afo:value 1.819861e-01 ],
                [ a essentia:Maximum ;
                    afo:value 1.805465e+02 ],
                [ a essentia:DerivativeVariance ;
                    afo:value 5.937557e+02 ],
                [ a essentia:Median ;
                    afo:value 2.271727e+01 ],
                [ a essentia:SecondDerivativeVariance ;
                    afo:value 1.457528e+03 ],
                [ a essentia:Mean ;
                    afo:value 2.576846e+01 ],
                [ a essentia:Variance ;
                    afo:value 7.649915e+02 ],
                [ a essentia:DerivativeMean ;
                    afo:value 1.356823e+01 ] ] .

_:184ee62e-1ffb-427a-8679-e330586b4821 a essentia:SpectralValley ;
    event:time _:5718a8bb-7688-4760-850b-27de3f4f4452 ;
    afo:computed_by _:LowLevelExtractor ;
    afo:feature _:039e1b0e-d37a-493f-8a6c-d0d1f29491da,
        [ a essentia:SecondDerivativeMean ;
            afo:values _:0a0f7a12-a508-4aec-bd13-d2174ea17c5d ],
        [ a essentia:DerivativeVariance ;
            afo:values ( 2.624444e+00 3.09053e+00 2.753627e+00 2.779999e+00 2.982543e+00 1.967822e+00 ) ],
        [ a essentia:DerivativeMean ;
            afo:values ( 1.164092e+00 1.413557e+00 1.266486e+00 1.238214e+00 1.216463e+00 8.277844e-01 ) ],
        [ a essentia:Median ;
            afo:values ( -8.398766e+00 -9.256197e+00 -1.023148e+01 -1.049866e+01 -1.046689e+01 -1.168847e+01 ) ],
        [ a essentia:Variance ;
            afo:values ( 9.043103e+01 8.324592e+01 7.566605e+01 7.471547e+01 7.542422e+01 6.341482e+01 ) ],
        [ a essentia:Minimum ;
            afo:values ( -2.831029e+01 -2.791176e+01 -2.763352e+01 -2.778687e+01 -2.748747e+01 -2.741205e+01 ) ],
        [ a essentia:Mean ;
            afo:values ( -1.453363e+01 -1.502177e+01 -1.551711e+01 -1.568195e+01 -1.561407e+01 -1.657463e+01 ) ],
        [ a essentia:SecondDerivativeVariance ;
            afo:values ( 3.220674e+00 5.31522e+00 4.442068e+00 4.455797e+00 4.645457e+00 1.948554e+00 ) ] .

_:18b0cf1d-397d-45e0-b11e-756a819e7f18 a essentia:Median ;
    afo:value 2.539709e-01 .

_:19546233-8fd2-4f3c-ad50-f9684422227b a essentia:SecondDerivativeVariance ;
    afo:value 3.86982e+01 .

_:1955e296-15b5-4ad8-a105-9bfc3ad5f543 a essentia:Maximum ;
    afo:value 9.81924e+00 .

_:19c13275-1e2d-4d16-8d84-9d96ecd091cd a essentia:Minimum ;
    afo:value 112 .

_:1a17dc91-0c69-4168-9a6e-3f511ab2433e a essentia:Variance ;
    afo:value 1.724885e-01 .

_:1a4adbee-79fa-46c0-9d93-e9c57d6f283e a essentia:SecondDerivativeVariance ;
    afo:value 1.63212e-02 .

_:1ae6ca9c-0ee7-458c-abcc-5343f2734c21 a essentia:DerivativeMean ;
    afo:value 0 .

_:1b59f27d-df0e-46e3-88dd-09c8ca0a4ad6 a essentia:Maximum ;
    afo:value 117 .

_:1b678ff5-82b6-411d-8e3b-b278c5d2c038 a essentia:Minimum ;
    afo:value 9.903259e-03 .

_:1ca17fb6-6274-44aa-9a40-820f47ab91e8 a essentia:DerivativeVariance ;
    afo:value 1.973874e+01 .

_:1de54b63-c374-47f4-ac5d-8b6d0f2d15f2 a essentia:Mean ;
    afo:values ( -8.599048e-01 -9.072731e-01 -9.292707e-01 -9.044276e-01 -9.092171e-01 -7.255211e-01 ) .

_:1df4ad8b-99c8-4836-9035-cbdcab6a215b a essentia:Median ;
    afo:value 1 .

_:1eea37d2-547d-4f3e-88ce-d9c831a1daff a essentia:SecondDerivativeVariance ;
    afo:value 8.298034e-06 .

_:20656735-43e8-4f32-a10a-0135e7fb8a27 rdf:first 1.60245e-02 ;
    rdf:rest ( 5.058262e-06 4.414525e-07 3.48755e-06 6.696529e-06 1.000446e-01 ) .

_:20a67cf2-b9bd-468b-84af-361b80382eb0 a essentia:Minimum ;
    afo:value 1.009195e-20 .

_:20d7ee42-cdc5-4116-9e02-ff70fa9ff254 a essentia:SecondDerivativeMean ;
    afo:value 1.525022e-01 .

_:20f5698c-24f1-4413-8f62-f4a6e067c65a a essentia:SecondDerivativeMean ;
    afo:value 3.920014e-02 .

_:20fee7b4-58fc-4369-b876-ffdcf65d161a rdf:first 1.217464e-03 ;
    rdf:rest ( 1.788132e-05 3.296954e-06 1.757747e-06 7.455103e-07 4.992095e-07 2.185062e-07 1.743552e-07 8.760897e-08 4.452319e-08 4.406038e-08 3.401697e-08 2.171592e-08 2.007424e-08 2.462684e-08 2.098409e-08 2.066358e-08 1.813897e-08 1.617312e-08 1.70823e-08 1.653071e-08 8.031888e-09 8.762695e-09 7.281607e-09 5.189954e-09 4.453157e-09 4.093984e-09 4.839209e-09 4.727314e-09 5.762658e-09 1.080037e-08 1.126954e-08 1.475299e-08 6.977933e-08 4.610706e-07 5.799323e-08 2.735741e-08 8.837137e-08 8.114139e-08 3.615521e-09 ) .

_:210e09af-7e45-4aed-9dfb-60af0031c665 a essentia:Minimum ;
    afo:value 117 .

_:223195f8-11d2-4c1b-8a94-bfcd6b7034c3 a essentia:SecondDerivativeVariance ;
    afo:value 1.288675e+05 .

_:22993276-91a3-42e8-91a9-534b8d5594f9 a essentia:Minimum ;
    afo:value -4.257399e+00 .

_:22c0ba44-c5ec-470e-9b60-bf53ff281015 a essentia:Minimum ;
    afo:value -1.827797e+00 .

_:247530fb-c498-4d5e-85f8-9a8bd73ad7e1 a essentia:Minimum ;
    afo:value 3.137803e-12 .

_:24cdf9a1-c41e-4b10-ab5f-c47eb86dab70 a essentia:Variance ;
    afo:value 2.947241e+01 .

_:257ebdb9-f14b-4990-9c32-03b5702be44e a essentia:Mean ;
    afo:value 1.855057e-04 .

_:2676d858-ef14-44fe-bcd8-ef7cf0cb3363 a essentia:SecondDerivativeMean ;
    afo:value 0 .

_:26c03c13-d7e6-4d14-8449-b04b372dc7fa a essentia:MFCC ;
    event:time _:5718a8bb-7688-4760-850b-27de3f4f4452 ;
    afo:computed_by _:LowLevelExtractor ;
    afo:feature _:07e8b03c-c5d6-410f-bc2d-42b066284625,
        [ a essentia:Mean ;
            afo:values ( -9.152993e+02 2.956402e+01 6.198058e+01 1.002755e+01 2.420322e+01 2.341883e+01 -4.86528e+00 1.718643e+01 4.541573e+00 1.02888e+01 9.570331e-01 6.917172e+00 5.085929e+00 ) ],
        [ a essentia:Covariance ;
            afo:dimensions ( 13 13 ) ;
            afo:values ( 3.471596e+04 3.545917e+03 7.117176e+03 1.267276e+03 2.403148e+03 2.682862e+03 -9.146724e+02 1.431311e+03 8.18652e+02 7.003628e+02 2.383552e+02 5.982556e+02 5.285026e+02 3.545917e+03 1.650524e+03 9.73412e+02 2.836122e+02 3.880184e+02 4.186595e+02 -2.009729e+02 4.982138e+02 -1.619306e+02 3.844042e+02 -8.3882e+01 1.092428e+02 1.584401e+02 7.117176e+03 9.73412e+02 3.055541e+03 3.817974e+02 1.058367e+03 9.583596e+02 -9.245861e+01 7.202404e+02 7.39623e+01 4.342474e+02 -1.737749e+01 3.569644e+02 2.460262e+01 1.267276e+03 2.836122e+02 3.817974e+02 4.278831e+02 -1.160552e+02 2.773463e+02 4.024447e+01 3.325366e+01 1.296909e+02 -1.231835e+02 1.169659e+02 -2.294302e+01 -1.904764e+01 2.403148e+03 3.880184e+02 1.058367e+03 -1.160552e+02 9.888077e+02 2.206034e+02 -1.404564e+02 4.568294e+02 -1.912207e+01 3.894168e+02 -2.05956e+02 1.87643e+02 1.835245e+02 2.682862e+03 4.186595e+02 9.583596e+02 2.773463e+02 2.206034e+02 5.367099e+02 -1.517018e+02 3.7205e+02 -6.162848e+00 1.758506e+02 3.451093e+01 5.764745e+01 1.168133e+02 -9.146724e+02 -2.009729e+02 -9.245861e+01 4.024447e+01 -1.404564e+02 -1.517018e+02 4.67622e+02 -2.947138e+02 2.148573e+02 -2.171937e+02 1.374666e+02 5.890149e+01 -2.738901e+02 1.431311e+03 4.982138e+02 7.202404e+02 3.325366e+01 4.568294e+02 3.7205e+02 -2.947138e+02 6.675475e+02 -2.529102e+02 4.614761e+02 -1.618858e+02 1.300764e+02 2.706149e+02 8.18652e+02 -1.619306e+02 7.39623e+01 1.296909e+02 -1.912207e+01 -6.162848e+00 2.148573e+02 -2.529102e+02 3.821975e+02 -2.93685e+02 1.444932e+02 -6.163235e+00 -8.779949e+01 7.003628e+02 3.844042e+02 4.342474e+02 -1.231835e+02 3.894168e+02 1.758506e+02 -2.171937e+02 4.614761e+02 -2.93685e+02 4.969546e+02 -1.687498e+02 1.266395e+02 1.639804e+02 2.383552e+02 -8.3882e+01 -1.737749e+01 1.169659e+02 -2.05956e+02 3.451093e+01 1.374666e+02 -1.618858e+02 1.444932e+02 -1.687498e+02 1.736961e+02 -3.58793e+01 -5.310165e+01 5.982556e+02 1.092428e+02 3.569644e+02 -2.294302e+01 1.87643e+02 5.764745e+01 5.890149e+01 1.300764e+02 -6.163235e+00 1.266395e+02 -3.58793e+01 1.525036e+02 -5.63755e+01 5.285026e+02 1.584401e+02 2.460262e+01 -1.904764e+01 1.835245e+02 1.168133e+02 -2.738901e+02 2.706149e+02 -8.779949e+01 1.639804e+02 -5.310165e+01 -5.63755e+01 3.299724e+02 ) ] .

_:2751eb53-1a6a-46f0-b223-7ee2cb769f85 rdf:first 3.529643e-25 ;
    rdf:rest ( 3.573151e-24 8.285406e-25 1.914335e-25 3.477725e-24 9.986711e-24 1.31672e-23 8.306311e-24 1.534925e-23 2.093345e-23 2.565406e-23 1.754821e-23 3.076437e-23 2.929239e-23 5.926446e-23 6.875023e-23 8.576704e-23 1.181511e-22 1.266744e-22 1.532256e-22 2.50085e-22 3.466383e-22 4.197278e-22 6.337018e-22 8.337752e-22 1.415411e-21 1.980277e-21 ) .

_:275be65e-82f1-4fdc-b661-63113e2cef02 a essentia:SecondDerivativeVariance ;
    afo:value 8.479191e+05 .

_:27efba73-5666-40e6-955a-aeae48270e96 a essentia:Mean ;
    afo:value 8.377357e-01 .

_:28072c9c-e961-4b67-a01c-7f1a4a88883e a essentia:SecondDerivativeVariance ;
    afo:value 3.415252e-01 .

_:28522797-f782-40bb-b8d9-c0298fac30bc a essentia:Mean ;
    afo:value 112 .

_:287c8e1e-b2c2-417c-a075-79958510fa1b a essentia:Mean ;
    afo:value 1.058112e+04 .

_:2886b157-67a5-40f1-adcb-bf4ecebbf6da a essentia:Minimum ;
    afo:value -1.584707e+00 .

_:29bfbc45-9eda-4cf1-9f8f-45dcb35049bf a essentia:SecondDerivativeVariance ;
    afo:values ( 3.940598e-02 1.438209e-05 9.988487e-07 8.772877e-06 1.684892e-05 2.136246e-01 ) .

_:2a5efccc-86f5-40c6-976e-b0bd25e1cc65 a essentia:SecondDerivativeMean ;
    afo:value 5.045599e-02 .

_:2ab187a0-bb14-461f-ab14-66ffff3eb255 a essentia:DerivativeMean ;
    afo:value 0 .

