@prefix afo: <https://w3id.org/afo/onto/1.1#> .
@prefix dc: <http://purl.org/dc/elements/1.1/> .
@prefix essentia: <http://sovarr.c4dm.eecs.qmul.ac.uk/af/essentia/> .
@prefix event: <http://purl.org/NET/c4dm/event.owl#> .
@prefix foaf: <http://xmlns.com/foaf/0.1/> .
@prefix mo: <http://purl.org/ontology/mo/> .
@prefix rdf: <http://www.w3.org/1999/02/22-rdf-syntax-ns#> .
@prefix rdfs: <http://www.w3.org/2000/01/rdf-schema#> .
@prefix tl: <http://purl.org/NET/c4dm/timeline.owl#> .
@prefix xml: <http://www.w3.org/XML/1998/namespace> .
@prefix xsd: <http://www.w3.org/2001/XMLSchema#> .

<http://musicbrainz.org/release/33f64387-3529-4ac5-b432-3fc0235fbdd3> a mo:Release ;
    dc:date "1993" ;
    dc:title "24 páginas inolvidables" ;
    mo:catalogue_number "50513504" ;
    mo:publisher [ a mo:Label ;
            foaf:name "Serdisco" ] ;
    mo:publishing_location "ES" ;
    mo:release_status mo:official ;
    mo:release_type mo:compilation ;
    mo:track <http://musicbrainz.org/recording/c837f813-ba0d-424c-9380-d2934608db3b> ;
    essentia:asin "B00004YLER" ;
    essentia:barcode "8422030504556" ;
    foaf:maker <http://musicbrainz.org/artist/64e96700-d880-452e-803d-e4d7628b0224> .

<02.+Mi+niñez.mp3> a mo:AudioFile ;
    mo:encodes [ a essentia:Signal ;
            mo:sample_rate "44100"^^xsd:interger ;
            mo:time _:e58a6ba8-9cf9-4400-bbdc-ca03075c2a82 ;
            essentia:bit_rate "128000"^^xsd:float ;
            essentia:codec "mp3"^^xsd:string ;
            essentia:downmix "mix"^^xsd:string ;
            essentia:equal_loudness "0"^^xsd:float ;
            essentia:lossless false ;
            essentia:md5_encoded "0bd4a6f766bf503ccfc681448f1910da"^^xsd:string ;
            essentia:replay_gain "-12.7381782532"^^xsd:float ] .

<http://musicbrainz.org/artist/64e96700-d880-452e-803d-e4d7628b0224> a mo:MusicArtist ;
    foaf:name "Joan Manuel Serrat" .

<http://musicbrainz.org/recording/c837f813-ba0d-424c-9380-d2934608db3b> a mo:Track ;
    dc:title "Mi niñez" ;
    mo:available_as <02.+Mi+niñez.mp3> ;
    mo:genre [ a mo:Genre ;
            rdfs:label "Canço" ] ;
    mo:track_number "2/12" .

[] a essentia:VersionInfo .

_:003db123-d612-48d9-83ac-20905eea0d71 a essentia:Median ;
    afo:value 5.638033e+00 .

_:0041ed0d-d415-4bd4-a5ec-9a993b3b8191 a essentia:Median ;
    afo:value 2.880859e-02 .

_:00591b69-237d-4550-9c3b-ea6c0ce5a105 a essentia:Median ;
    afo:value 7.702974e-03 .

_:006db493-eed5-4dbc-8e20-dea304d7b55f a essentia:Mean ;
    afo:value -3.910711e-09 .

_:00bb4e46-9c4c-4149-82c9-39d215139298 a essentia:Maximum ;
    afo:value 1.604388e+02 .

_:012f343d-3e5f-402f-bdc7-48ed0c512314 a essentia:Minimum ;
    afo:value -1 .

_:018ac9a8-97a2-4175-9605-14380139191d a essentia:SecondDerivativeVariance ;
    afo:value 1.696751e+01 .

_:023eb39d-a97c-4b54-8586-c6ee4fa7a476 a essentia:Maximum ;
    afo:value 5.765768e-01 .

_:02b4cfbe-360e-45a4-b20a-8a1ebdd572d8 a essentia:Minimum ;
    afo:values ( -9.785603e-01 -9.774727e-01 -9.781171e-01 -9.763332e-01 -9.688085e-01 -9.655975e-01 ) .

_:02c1d23b-2c28-4b21-ae9a-6142e7fe6553 a essentia:SecondDerivativeMean ;
    afo:value 3.098405e+00 .

_:02cdfc25-c04c-45d7-a7a6-75cd00d1c1e0 a essentia:DerivativeMean ;
    afo:value 2.002434e+00 .

_:02d81f14-4316-450f-bb7f-be9b8913c181 a essentia:Variance ;
    afo:value 2.793897e+01 .

_:04310ad9-f073-48ed-a994-969579374381 a essentia:Variance ;
    afo:value 2.568183e+02 .

_:04d06e74-34ca-4e02-8b53-71fb282e5523 a essentia:SecondDerivativeMean ;
    afo:value 0 .

_:0544a889-ec1d-4748-b67a-49b6657db205 a essentia:BPM ;
    event:time _:e58a6ba8-9cf9-4400-bbdc-ca03075c2a82 ;
    afo:value 1.625529e+02 .

_:054a485a-36f5-4059-a981-9443da938a71 a essentia:Median ;
    afo:value 3.114517e-03 .

_:0593d088-80a2-47eb-bda2-fc3a075ed00d a essentia:DerivativeMean ;
    afo:value 0 .

_:05b26f92-6838-4578-9c19-f71c60969296 a essentia:ERBBands ;
    event:time _:e58a6ba8-9cf9-4400-bbdc-ca03075c2a82 ;
    afo:computed_by _:LowLevelExtractor ;
    afo:feature [ a essentia:Kurtosis ;
            afo:feature _:02c1d23b-2c28-4b21-ae9a-6142e7fe6553,
                _:02cdfc25-c04c-45d7-a7a6-75cd00d1c1e0,
                [ a essentia:Mean ;
                    afo:value 3.912267e+00 ],
                [ a essentia:Maximum ;
                    afo:value 1.282091e+02 ],
                [ a essentia:Variance ;
                    afo:value 3.790473e+01 ],
                [ a essentia:Median ;
                    afo:value 1.993722e+00 ],
                [ a essentia:DerivativeVariance ;
                    afo:value 9.291738e+00 ],
                [ a essentia:Minimum ;
                    afo:value -1.798275e+00 ],
                [ a essentia:SecondDerivativeVariance ;
                    afo:value 2.092115e+01 ] ] .

_:05de2c4c-c621-4ea1-9714-2429b51eb4d4 a essentia:Mean ;
    afo:values ( 2.358556e-05 2.453819e-04 5.63022e-04 5.056894e-04 2.747735e-04 4.435281e-04 7.840288e-04 5.208902e-04 2.910145e-04 1.760886e-04 8.99436e-05 5.122966e-05 4.617111e-05 3.218191e-05 2.74403e-05 2.93631e-05 2.018216e-05 1.638096e-05 1.205389e-05 1.015967e-05 1.346563e-05 1.190958e-05 6.472866e-06 2.840847e-06 3.391487e-06 3.889116e-06 3.272788e-06 2.952315e-06 1.77448e-06 1.006e-06 7.54007e-07 7.492782e-07 7.232919e-07 7.045579e-07 8.054907e-07 8.529487e-07 7.263923e-07 6.094688e-07 4.221961e-07 3.225253e-07 ) .

_:060347d8-b107-4dd9-be71-0a19bd1939ec a essentia:Maximum ;
    afo:value 2.447769e-02 .

_:0611dd61-65dd-4f5c-9769-54c1e986f07d a essentia:Mean ;
    afo:value 2.336751e+01 .

_:0642d3bb-4be7-433d-a6dd-c5b3d3122278 a essentia:Mean ;
    afo:value 1.085208e+03 .

_:067866fd-d8a6-4705-bdcb-4d3ce76304b2 a essentia:Mean ;
    afo:value 3.669725e-01 .

_:069af1c1-46b2-4dc7-b9d2-818086155b88 a essentia:FirstPeakBPM ;
    event:time _:e58a6ba8-9cf9-4400-bbdc-ca03075c2a82 ;
    afo:computed_by _:LowLevelExtractor ;
    afo:feature _:0593d088-80a2-47eb-bda2-fc3a075ed00d,
        [ a essentia:Minimum ;
            afo:value 161 ],
        [ a essentia:SecondDerivativeVariance ;
            afo:value 0 ],
        [ a essentia:SecondDerivativeMean ;
            afo:value 0 ],
        [ a essentia:Maximum ;
            afo:value 161 ],
        [ a essentia:Mean ;
            afo:value 161 ],
        [ a essentia:Variance ;
            afo:value 0 ],
        [ a essentia:Median ;
            afo:value 161 ],
        [ a essentia:DerivativeVariance ;
            afo:value 0 ] .

_:06d084ac-a59b-427a-8267-33050dd8a670 a essentia:Median ;
    afo:value 4.171178e-01 .

_:070be87b-2cc2-45ff-96f5-aebbd86cb9f7 a essentia:SecondDerivativeVariance ;
    afo:value 5.68617e-01 .

_:07398d7d-cc8f-4bee-b1e7-9c0439bc7fca a essentia:Maximum ;
    afo:value 3.931732e+00 .

_:075f2878-ee9d-4337-b0d9-3d61ffe25dfb a essentia:Mean ;
    afo:value 1.193154e+01 .

_:077dfde6-c2dd-4e03-bb59-cae6e5453067 a essentia:SecondDerivativeMean ;
    afo:value 2.401096e-02 .

_:0802e09d-8a18-4387-a1d7-3c624280aca3 a essentia:Median ;
    afo:value 1.987368e-01 .

_:094dbec1-9e02-4e9f-a3ed-b869394af199 a essentia:DerivativeMean ;
    afo:value 5.328497e-01 .

_:0a7c0ea4-1ed2-4575-89a3-2714ced60e70 a essentia:SilenceRate ;
    event:time _:e58a6ba8-9cf9-4400-bbdc-ca03075c2a82 ;
    afo:computed_by _:LowLevelExtractor ;
    afo:feature [ a essentia:Mean ;
            afo:value 1 ],
        [ a essentia:Median ;
            afo:value 1 ],
        [ a essentia:Maximum ;
            afo:value 1 ],
        [ a essentia:DerivativeVariance ;
            afo:value 0 ],
        [ a essentia:DerivativeMean ;
            afo:value 0 ],
        [ a essentia:SecondDerivativeMean ;
            afo:value 0 ],
        [ a essentia:Minimum ;
            afo:value 1 ],
        [ a essentia:SecondDerivativeVariance ;
            afo:value 0 ],
        [ a essentia:Variance ;
            afo:value 0 ] .

_:0a7d614f-d208-407e-b7d0-c78c2c25ab89 a essentia:SecondDerivativeVariance ;
    afo:value 4.354409e-04 .

_:0aeb9999-af74-43ee-9abe-c035f9d70eb8 a essentia:DerivativeVariance ;
    afo:value 3.857944e+01 .

_:0b473dba-1c65-4137-ba54-8403cc1bc445 a essentia:BarkBands ;
    event:time _:e58a6ba8-9cf9-4400-bbdc-ca03075c2a82 ;
    afo:computed_by _:LowLevelExtractor ;
    afo:feature [ a essentia:FlatnessDB ;
            afo:feature _:0802e09d-8a18-4387-a1d7-3c624280aca3,
                [ a essentia:Minimum ;
                    afo:value 3.674204e-02 ],
                [ a essentia:SecondDerivativeVariance ;
                    afo:value 7.254542e-04 ],
                [ a essentia:Variance ;
                    afo:value 4.318918e-03 ],
                [ a essentia:Maximum ;
                    afo:value 4.453286e-01 ],
                [ a essentia:Mean ;
                    afo:value 1.977576e-01 ],
                [ a essentia:SecondDerivativeMean ;
                    afo:value 2.602845e-02 ],
                [ a essentia:DerivativeMean ;
                    afo:value 1.746938e-02 ],
                [ a essentia:DerivativeVariance ;
                    afo:value 3.52846e-04 ] ] .

_:0b539bf3-10fa-4576-a1e1-82472e9da990 a essentia:SecondDerivativeMean ;
    afo:values ( 1.93046e-05 1.357125e-04 3.805392e-04 3.236904e-04 1.65731e-04 2.826257e-04 5.369657e-04 3.51136e-04 2.063556e-04 1.215031e-04 7.176119e-05 4.550736e-05 4.558365e-05 3.210206e-05 2.662819e-05 3.021461e-05 2.016526e-05 1.728707e-05 1.207746e-05 9.753822e-06 1.165287e-05 9.626563e-06 5.312377e-06 2.39232e-06 2.914159e-06 3.138529e-06 2.711382e-06 2.306134e-06 1.404814e-06 7.99814e-07 5.863048e-07 5.790607e-07 5.52504e-07 5.949252e-07 7.090562e-07 7.474384e-07 6.474296e-07 5.160695e-07 3.820646e-07 2.761347e-07 ) .

_:0ba08f51-0f5e-4fb6-9754-39d5231b6566 a essentia:DerivativeMean ;
    afo:value 3.531247e+00 .

_:0bc199ec-d698-4004-9b17-3cebef053fa0 a essentia:Median ;
    afo:value 1.287174e-02 .

_:0c65df38-5599-4c74-87ac-99603a385980 a essentia:DerivativeVariance ;
    afo:value 0 .

_:0d3f4733-bee9-4cd7-9dce-e0de3d27dfda a essentia:RollOff ;
    event:time _:e58a6ba8-9cf9-4400-bbdc-ca03075c2a82 ;
    afo:computed_by _:LowLevelExtractor ;
    afo:feature _:0642d3bb-4be7-433d-a6dd-c5b3d3122278,
        [ a essentia:Minimum ;
            afo:value 2.15332e+01 ],
        [ a essentia:DerivativeMean ;
            afo:value 2.368994e+02 ],
        [ a essentia:Variance ;
            afo:value 4.008865e+06 ],
        [ a essentia:SecondDerivativeMean ;
            afo:value 3.994774e+02 ],
        [ a essentia:Median ;
            afo:value 5.813965e+02 ],
        [ a essentia:Maximum ;
            afo:value 1.961675e+04 ],
        [ a essentia:SecondDerivativeVariance ;
            afo:value 1.051552e+06 ],
        [ a essentia:DerivativeVariance ;
            afo:value 5.343312e+05 ] .

_:0d7df402-c1b6-4447-a54b-c77ed6821c91 a essentia:DerivativeMean ;
    afo:value 1.154349e-04 .

_:0d95a44d-56bd-409a-ba91-733141f37043 a essentia:DerivativeVariance ;
    afo:value 1.552977e-04 .

_:0e5839ea-7558-48e0-a641-9f19976a5f32 a essentia:Minimum ;
    afo:value 0 .

_:0edd5735-cc3c-49f6-85a3-042190f5d88e a essentia:Mean ;
    afo:values ( -9.158187e+00 -7.407099e+00 -8.523306e+00 -9.242198e+00 -9.328296e+00 -1.151598e+01 ) .

_:0f13ac24-8055-4ce8-84e2-0e391de69fc6 a essentia:Median ;
    afo:value 2.377917e+00 .

_:0f2b3cce-db2c-461c-83e1-9e022f03eec5 a essentia:PitchSalience ;
    event:time _:e58a6ba8-9cf9-4400-bbdc-ca03075c2a82 ;
    afo:computed_by _:LowLevelExtractor ;
    afo:feature [ a essentia:Variance ;
            afo:value 1.236656e-02 ],
        [ a essentia:Maximum ;
            afo:value 9.851948e-01 ],
        [ a essentia:Median ;
            afo:value 5.464618e-01 ],
        [ a essentia:SecondDerivativeMean ;
            afo:value 9.220271e-02 ],
        [ a essentia:DerivativeMean ;
            afo:value 5.84155e-02 ],
        [ a essentia:Mean ;
            afo:value 5.463523e-01 ],
        [ a essentia:DerivativeVariance ;
            afo:value 2.895665e-03 ],
        [ a essentia:Minimum ;
            afo:value 1.277551e-01 ],
        [ a essentia:SecondDerivativeVariance ;
            afo:value 7.038814e-03 ] .

_:0f8edfbf-0407-4d3a-aa6a-3924d43d1a1f a essentia:SecondDerivativeVariance ;
    afo:value 7.626298e-06 .

_:102b06a5-0577-4f9f-b38c-25e7130b5cec a essentia:Mean ;
    afo:value 5.505532e-01 .

_:1068ee2b-c1eb-4f97-acb3-9a5c928623fd a essentia:Minimum ;
    afo:value 1.80865e-01 .

_:11b9519f-2bed-4086-816a-6ae36b91928d a essentia:ERBBands ;
    event:time _:e58a6ba8-9cf9-4400-bbdc-ca03075c2a82 ;
    afo:computed_by _:LowLevelExtractor ;
    afo:feature [ a essentia:Crest ;
            afo:feature [ a essentia:SecondDerivativeMean ;
                    afo:value 4.588839e+00 ],
                [ a essentia:DerivativeMean ;
                    afo:value 2.94086e+00 ],
                [ a essentia:SecondDerivativeVariance ;
                    afo:value 1.68102e+01 ],
                [ a essentia:Variance ;
                    afo:value 3.094125e+01 ],
                [ a essentia:DerivativeVariance ;
                    afo:value 7.330565e+00 ],
                [ a essentia:Minimum ;
                    afo:value 2.491255e+00 ],
                [ a essentia:Median ;
                    afo:value 1.195805e+01 ],
                [ a essentia:Mean ;
                    afo:value 1.301221e+01 ],
                [ a essentia:Maximum ;
                    afo:value 3.194625e+01 ] ] .

_:11e65a89-4791-42f5-8f9e-f6691dd78a00 a essentia:Median ;
    afo:value 1.80865e-01 .

_:12cdf83f-9630-4011-82b7-d0de99c59438 a essentia:Minimum ;
    afo:values [ rdf:first 0 ;
            rdf:rest [ rdf:first 0 ;
                    rdf:rest [ rdf:first 0 ;
                            rdf:rest [ rdf:first 0 ;
                                    rdf:rest [ rdf:first 0 ;
                                            rdf:rest [ rdf:first 0 ;
                                                    rdf:rest () ] ] ] ] ] ] .

_:1318fd58-dbae-4414-992a-e8142f70c8fb a essentia:Mean ;
    afo:values ( 1.461225e-03 4.871126e-02 6.584489e-01 2.648233e+00 6.338102e+00 6.653631e+00 8.144775e+00 1.942052e+01 5.004322e+01 5.264774e+01 3.666129e+01 2.919182e+01 1.859552e+01 1.291046e+01 1.284115e+01 1.053977e+01 1.269329e+01 1.161344e+01 9.353999e+00 8.430293e+00 1.103657e+01 1.100456e+01 4.741339e+00 4.134702e+00 4.583169e+00 4.555641e+00 2.491237e+00 1.474409e+00 1.370052e+00 1.249693e+00 1.434201e+00 1.228492e+00 8.103202e-01 4.08714e-01 1.705635e-01 4.933302e-02 9.831899e-03 1.251649e-03 4.494785e-05 2.003044e-05 ) .

_:13789eed-cc30-44f4-8b99-02815b836d1d a essentia:Mean ;
    afo:value 9.760672e+00 .

_:139c230d-5f52-4f20-afcb-110c249fcff9 a essentia:Mean ;
    afo:value 6.685247e+00 .

_:144df906-9b63-463a-a907-cda9efdd1091 a essentia:Median ;
    afo:value 1.139845e+00 .

_:15b71c36-c2c7-4c70-ba86-a697ab3a5861 a essentia:Variance ;
    afo:value 0 .

_:16335d26-a152-4044-a71d-736ea8929384 a essentia:SecondDerivativeMean ;
    afo:value 7.061872e-01 .

_:168cf5f5-497a-45f8-bb6a-377e933b2770 a essentia:Median ;
    afo:values ( -8.758894e+00 -7.156425e+00 -8.319157e+00 -9.061828e+00 -9.185884e+00 -1.161518e+01 ) .

_:17565cac-ac70-45a3-8975-9254738cd6bb a essentia:SecondDerivativeMean ;
    afo:value 4.400425e+00 .

_:1784fc7e-457d-4ebc-9c3c-ea94c78bb8c7 a essentia:Median ;
    afo:value 3.465503e+06 .

_:17d3f530-c2f8-447c-a0bc-e6f5d64ba118 a essentia:DerivativeVariance ;
    afo:value 7.004788e+00 .

_:180274be-1cf5-452f-b15b-54b9e56d5c04 a essentia:SecondDerivativeVariance ;
    afo:value 6.660089e-05 .

_:18f81757-e1e8-41d1-9ac7-3076d4f285fd a essentia:SecondDerivativeMean ;
    afo:value 3.00567e-03 .

_:1913f45e-a47e-4d56-a354-cd20a15537d8 a essentia:Mean ;
    afo:value 2.592262e+00 .

_:1a9e29b4-ed88-42ce-b8d0-5fe18a9f6bb0 a essentia:Variance ;
    afo:value 0 .

_:1b01adfa-1eaf-45e2-a53b-2d4aef3338c1 a essentia:Median ;
    afo:values ( 1.090756e-05 9.430345e-05 3.598805e-04 2.366121e-04 1.261481e-04 1.906827e-04 2.036114e-04 7.889404e-05 4.659121e-05 2.089968e-05 1.083821e-05 8.936335e-06 5.826361e-06 5.376576e-06 3.836133e-06 2.372164e-06 1.634776e-06 1.421437e-06 1.192561e-06 1.29277e-06 1.421196e-06 1.140937e-06 7.8905e-07 3.437987e-07 2.503055e-07 2.426061e-07 2.485795e-07 1.944932e-07 1.393392e-07 7.136072e-08 4.38136e-08 6.131878e-08 5.407939e-08 3.425806e-08 2.831134e-08 2.265299e-08 2.28944e-08 1.748348e-08 1.561251e-08 1.576563e-08 ) .

_:1c45e726-2215-4348-bfba-1d2ee6536db8 a essentia:DerivativeVariance ;
    afo:value 6.319135e+01 .

_:1c52151b-3313-44ec-87ad-c0e339dcfb22 a essentia:Variance ;
    afo:values ( 1.145329e-02 8.433416e-03 5.02762e-03 3.638442e-03 3.438565e-03 2.434805e-03 ) .

_:1c941872-d632-4d57-a48e-b62bcbb12093 a essentia:Variance ;
    afo:value 2.552276e-03 .

_:1d243981-57f4-44b5-be3d-2a75d0b033dc a essentia:SecondDerivativeVariance ;
    afo:values ( 3.944888e-01 2.058824e-01 1.586298e-01 1.485022e-01 1.55452e-01 1.425057e-01 ) .

_:1d29e92d-a7e5-41ce-96e5-d5457aa48092 a essentia:Maximum ;
    afo:value 1.436619e-01 .

_:1db1f836-44da-4a66-b1ac-7567f7ba90bd a essentia:SecondDerivativeMean ;
    afo:value 9.056274e-01 .

_:1dccd8cd-dc0c-4add-a5f7-66532a5a0db4 a essentia:Mean ;
    afo:value 3.42885e-03 .

_:1df7a278-4cf3-4ea4-a746-9dfbb20fb9e8 a essentia:DerivativeMean ;
    afo:value 1.134714e-02 .

_:1f8434c1-bae6-47d9-b551-edda4223c9e4 a essentia:Dissonance ;
    event:time _:e58a6ba8-9cf9-4400-bbdc-ca03075c2a82 ;
    afo:computed_by _:LowLevelExtractor ;
    afo:feature _:06d084ac-a59b-427a-8267-33050dd8a670,
        [ a essentia:DerivativeMean ;
            afo:value 3.265324e-02 ],
        [ a essentia:SecondDerivativeMean ;
            afo:value 5.385827e-02 ],
        [ a essentia:Mean ;
            afo:value 4.040636e-01 ],
        [ a essentia:DerivativeVariance ;
            afo:value 9.634307e-04 ],
        [ a essentia:Maximum ;
            afo:value 5e-01 ],
        [ a essentia:SecondDerivativeVariance ;
            afo:value 2.538483e-03 ],
        [ a essentia:Minimum ;
            afo:value 9.227295e-02 ],
        [ a essentia:Variance ;
            afo:value 4.062184e-03 ] .

_:1fbcd2df-8393-430f-bbfc-410bbc57ad02 a essentia:DerivativeVariance ;
    afo:value 3.662874e-07 .

_:207a754c-5593-42cd-987b-cd2923b70af4 a essentia:SecondDerivativeVariance ;
    afo:value 1.068969e+05 .

_:21f7cc0f-f252-4e38-824e-dcd1dca7bad6 a essentia:Variance ;
    afo:value 1.529385e-01 .

_:22b0f2fa-6e08-45e6-9bf8-9d93df04c84a a essentia:Skewness ;
    afo:feature _:144df906-9b63-463a-a907-cda9efdd1091,
        [ a essentia:Mean ;
            afo:value 1.176537e+00 ],
        [ a essentia:DerivativeMean ;
            afo:value 4.004184e-01 ],
        [ a essentia:DerivativeVariance ;
            afo:value 1.591222e-01 ],
        [ a essentia:Variance ;
            afo:value 1.115977e+00 ],
        [ a essentia:Minimum ;
            afo:value -4.282612e+00 ],
        [ a essentia:SecondDerivativeMean ;
            afo:value 6.067855e-01 ],
        [ a essentia:SecondDerivativeVariance ;
            afo:value 3.436647e-01 ],
        [ a essentia:Maximum ;
            afo:value 8.387664e+00 ] .

_:23128bfd-62a9-46bb-b67c-5e91aa8af460 a essentia:Loudness ;
    event:time _:e58a6ba8-9cf9-4400-bbdc-ca03075c2a82 ;
    afo:feature [ a essentia:Mean ;
            afo:value 4.631475e-01 ] .

_:23d4f621-d528-4724-9df5-8026109c1e29 a essentia:MelBands ;
    event:time _:e58a6ba8-9cf9-4400-bbdc-ca03075c2a82 ;
    afo:computed_by _:LowLevelExtractor ;
    afo:feature [ a essentia:Kurtosis ;
            afo:feature _:075f2878-ee9d-4337-b0d9-3d61ffe25dfb,
                _:1c45e726-2215-4348-bfba-1d2ee6536db8,
                [ a essentia:SecondDerivativeVariance ;
                    afo:value 1.45593e+02 ],
                [ a essentia:Minimum ;
                    afo:value -1.833543e+00 ],
                [ a essentia:DerivativeMean ;
                    afo:value 4.755606e+00 ],
                [ a essentia:Maximum ;
                    afo:value 2.821639e+02 ],
                [ a essentia:Variance ;
                    afo:value 1.942614e+02 ],
                [ a essentia:SecondDerivativeMean ;
                    afo:value 7.353606e+00 ],
                [ a essentia:Median ;
                    afo:value 8.004251e+00 ] ] .

_:2434ce70-57e3-406a-85bf-a5ade5d457d3 a essentia:SecondDerivativeMean ;
    afo:value 4.014466e+00 .

_:24aa3d20-3a37-4eb7-9e1d-4e0212121302 a essentia:DerivativeMean ;
    afo:value 4.397898e-04 .

_:252049f5-34d1-46d5-900c-0052abb0ae97 a essentia:SecondDerivativeVariance ;
    afo:values ( 5.809597e-09 9.470002e-08 5.057996e-07 3.931812e-07 1.254866e-07 4.130463e-07 1.755248e-06 1.033932e-06 4.35705e-07 1.579858e-07 6.776676e-08 2.7688e-08 6.439838e-08 2.607981e-08 8.708868e-09 1.562898e-08 6.392496e-09 4.944967e-09 3.123316e-09 1.365358e-09 3.028887e-09 1.072259e-09 2.817853e-10 4.698766e-11 9.276325e-11 1.656222e-10 9.251045e-11 8.194913e-11 2.025236e-11 9.119793e-12 6.211324e-12 4.353066e-12 4.900871e-12 1.619053e-11 4.018531e-11 4.864738e-11 4.257226e-11 2.149353e-11 1.030122e-11 1.897056e-12 ) .

_:254fb007-5124-4724-babf-1ded5b5af1ec a essentia:Minimum ;
    afo:value 1.576554e+00 .

_:25c0c647-9ad2-4fe8-9f7a-7fc775dbb5d5 a essentia:Maximum ;
    afo:value 1.192452e+02 .

_:266ddaa4-242b-4c10-baef-725c00a8eec8 rdf:first 1.713807e-01 ;
    rdf:rest ( 8.855902e-02 6.911702e-02 6.741515e-02 7.506531e-02 9.001067e-02 ) .

_:26c8a24e-268e-4d81-a6b4-85e56db30c3e rdf:first 8.853025e-06 ;
    rdf:rest ( 9.87113e-05 4.469877e-04 9.109369e-04 1.320256e-03 1.227452e-03 2.752078e-03 1.332967e-03 9.370323e-04 3.877439e-04 3.52132e-04 2.718384e-04 3.049987e-04 2.533934e-04 1.368015e-04 1.774294e-04 1.484088e-04 6.008689e-05 7.660104e-05 7.193137e-05 3.266665e-05 2.532339e-05 3.978439e-05 4.150608e-05 2.306947e-05 5.55737e-06 3.093182e-07 ) .

_:27552c08-ad1c-4330-8795-303883d6f0c6 rdf:first 9.517052e-01 ;
    rdf:rest ( 8.558008e-01 9.379358e-01 8.702021e-01 4.715634e-01 9.620244e-01 ) .

_:27ff9c5c-cf3d-4b39-876d-19de971b13b6 a essentia:DerivativeVariance ;
    afo:value 2.164175e-01 .

_:2810b51d-51d5-4ebb-8fee-501a77812efc a essentia:Mean ;
    afo:value 4.030676e+06 .

_:28916c7e-8800-4b02-b352-7c88a54788c3 a essentia:SecondDerivativeVariance ;
    afo:value 3.815733e-03 .

_:28fc37d0-d584-4fa8-9148-e283eac9e278 rdf:first 3.201774e-05 ;
    rdf:rest ( 1.013018e-02 6.209713e-01 1.483021e+01 7.624525e+01 9.298633e+01 1.357435e+02 8.655668e+02 8.277784e+03 1.074768e+04 7.998729e+03 3.886019e+03 2.681614e+03 1.700493e+03 4.668384e+03 1.440418e+03 1.579875e+03 1.64475e+03 1.088409e+03 9.065253e+02 1.557264e+03 6.680718e+02 9.227576e+01 1.07414e+02 9.983774e+01 1.589308e+02 3.023726e+01 1.708097e+01 1.212458e+01 3.076917e+01 1.150887e+02 6.901738e+01 3.488188e+01 3.608931e+00 4.818989e-01 3.644088e-02 1.38845e-03 2.714679e-05 1.050239e-07 1.542039e-10 ) .

_:29d77ddb-26aa-4702-ba7e-72ef23dccea6 a essentia:DerivativeMean ;
    afo:values ( 5.262411e-06 6.10332e-05 2.927794e-04 5.707098e-04 8.551507e-04 8.224108e-04 1.891627e-03 9.271285e-04 6.663169e-04 2.520198e-04 2.376889e-04 1.717207e-04 1.933662e-04 1.561532e-04 8.777291e-05 1.120454e-04 9.398707e-05 3.702668e-05 4.699086e-05 4.74305e-05 2.091859e-05 1.720784e-05 2.829272e-05 3.141963e-05 1.692671e-05 4.027611e-06 1.955268e-07 ) .

_:29d83462-8351-4d90-a49a-a990b53bcd5d a essentia:Variance ;
    afo:value 8.434762e-03 .

_:2aabdd9b-9842-48d9-9091-2843d3e4bf38 a essentia:Median ;
    afo:value 5.648958e-01 .

_:2ce51044-9da3-4400-9b22-b3f0beedefe3 a essentia:HFC ;
    event:time _:e58a6ba8-9cf9-4400-bbdc-ca03075c2a82 ;
    afo:computed_by _:LowLevelExtractor ;
    afo:feature _:0aeb9999-af74-43ee-9abe-c035f9d70eb8,
        [ a essentia:SecondDerivativeVariance ;
            afo:value 5.909378e+01 ],
        [ a essentia:Minimum ;
            afo:value 1.068377e-16 ],
        [ a essentia:Median ;
            afo:value 4.474649e+00 ],
        [ a essentia:Variance ;
            afo:value 2.498223e+02 ],
        [ a essentia:DerivativeMean ;
            afo:value 2.708118e+00 ],
        [ a essentia:Maximum ;
            afo:value 4.016675e+02 ],
        [ a essentia:Mean ;
            afo:value 1.05315e+01 ],
        [ a essentia:SecondDerivativeMean ;
            afo:value 3.624249e+00 ] .

_:2cf9e8c2-8777-4e3e-a93e-cb285042a084 a essentia:Maximum ;
    afo:value 2.55877e+01 .

_:2d34f300-60ee-4bda-9f88-bb4e00ec98f5 a essentia:Median ;
    afo:value 6.168831e-01 .

_:2d9e66a1-a09f-4b49-9239-d5317c7837c5 a essentia:DerivativeMean ;
    afo:value 1.502732e-03 .

_:2de90a1f-bf22-440b-b2b9-6eeecd810f3a rdf:first 1.164741e-05 ;
    rdf:rest ( 8.968511e-05 2.391521e-04 2.07939e-04 1.111983e-04 1.912851e-04 3.665923e-04 2.501072e-04 1.486817e-04 8.786629e-05 4.995065e-05 3.03402e-05 3.130471e-05 2.031486e-05 1.721878e-05 1.90727e-05 1.275998e-05 1.079592e-05 7.697307e-06 6.197943e-06 7.543827e-06 6.111651e-06 3.43498e-06 1.451079e-06 1.763124e-06 1.934219e-06 1.746521e-06 1.513708e-06 8.951927e-07 5.149702e-07 3.84857e-07 3.820988e-07 3.683195e-07 4.043646e-07 4.999434e-07 5.410988e-07 4.556385e-07 3.829805e-07 2.72088e-07 1.936566e-07 ) .

_:2e681a2b-3645-4779-a83a-fd29e4c07c94 a essentia:Variance ;
    afo:values ( 2.055414e-09 1.355597e-07 4.547968e-07 5.627927e-07 2.403609e-07 6.228367e-07 2.696124e-06 1.685192e-06 7.085945e-07 3.23127e-07 1.200398e-07 3.013243e-08 7.066018e-08 1.92006e-08 8.828334e-09 1.080503e-08 4.594943e-09 3.109816e-09 2.832545e-09 1.268245e-09 3.846806e-09 1.326544e-09 3.351677e-10 4.96787e-11 9.409181e-11 1.804186e-10 1.006481e-10 9.113144e-11 2.583605e-11 9.05751e-12 7.44658e-12 5.884273e-12 7.926448e-12 1.480635e-11 4.358367e-11 6.059114e-11 4.319382e-11 3.711126e-11 1.104376e-11 2.724584e-12 ) .

_:2e8d5945-8f41-4498-9de2-b3b5dbaa6c6c a essentia:DerivativeVariance ;
    afo:value 4.602021e+00 .

_:2ee2bba2-a0cd-48c4-98cb-d803a06ff7dd a essentia:DerivativeVariance ;
    afo:value 4.15189e-01 .

_:2f8c61d2-1826-42af-b284-38d7bb438f20 a essentia:DerivativeVariance ;
    afo:value 3.039011e-04 .

_:312ba474-9670-4976-91d1-9546a438b232 a essentia:Variance ;
    afo:value 1.693625e+00 .

_:31548ec1-b8d5-4800-9c96-c994738b7d73 a essentia:SecondDerivativeMean ;
    afo:value 1.817986e+02 .

_:32043a65-ec71-4188-9880-171fc9b1d182 rdf:first 6.340855e-02 ;
    rdf:rest ( 6.290935e-02 7.678656e-02 8.771557e-02 9.299733e-02 8.624441e-02 7.872276e-02 6.872766e-02 6.353316e-02 6.480361e-02 7.250442e-02 9.436623e-02 1.044173e-01 9.300392e-02 5.317168e-02 4.296203e-02 6.372996e-02 1.004866e-01 1.151779e-01 1.134349e-01 1.024604e-01 8.622526e-02 7.997184e-02 7.536627e-02 7.943711e-02 9.766141e-02 1.111619e-01 1.067207e-01 9.582298e-02 7.21347e-02 7.266533e-02 9.607475e-02 1.375852e-01 1.461963e-01 1.301117e-01 8.773079e-02 ) .

_:32e10e35-0c9a-4df8-a542-b442a0663ddb rdf:first 3.522584e-05 ;
    rdf:rest ( 5.287639e-05 2.747614e-04 5.402879e-04 1.055728e-03 8.114606e-04 7.89388e-04 2.387039e-04 1.637631e-04 5.919372e-05 3.91303e-05 4.66601e-05 3.049471e-05 2.082184e-05 1.509865e-05 2.330386e-05 1.857646e-05 8.554336e-06 6.840542e-06 7.595592e-06 3.446666e-06 2.912614e-06 1.803884e-06 1.819823e-06 1.696724e-06 5.710962e-07 4.301811e-08 ) .

_:333ba0fb-77cc-4b8a-bd5f-451f44854acf a essentia:Maximum ;
    afo:value 54627264 .

_:348854a3-425b-44d9-a448-161cd18b99fd a essentia:Maximum ;
    afo:value 1.236179e-22 .

_:34cabf9f-d8e1-42e2-841c-604f7bcab437 a essentia:BarkBands ;
    event:time _:e58a6ba8-9cf9-4400-bbdc-ca03075c2a82 ;
    afo:computed_by _:LowLevelExtractor ;
    afo:feature [ a essentia:Spread ;
            afo:feature _:2434ce70-57e3-406a-85bf-a5ade5d457d3,
                _:25c0c647-9ad2-4fe8-9f7a-7fc775dbb5d5,
                [ a essentia:Median ;
                    afo:value 6.760406e+00 ],
                [ a essentia:DerivativeVariance ;
                    afo:value 2.803367e+01 ],
                [ a essentia:DerivativeMean ;
                    afo:value 2.680262e+00 ],
                [ a essentia:Minimum ;
                    afo:value 4.172514e-01 ],
                [ a essentia:SecondDerivativeVariance ;
                    afo:value 5.495845e+01 ],
                [ a essentia:Variance ;
                    afo:value 1.219094e+02 ],
                [ a essentia:Mean ;
                    afo:value 1.069288e+01 ] ] .

_:3533d368-3ca3-46ae-932c-8d03876169e5 rdf:first -2.029219e-01 ;
    rdf:rest ( -2.972293e-01 -4.516188e-01 -5.30403e-01 -5.604861e-01 -5.689071e-01 ) .

_:35503bee-7c36-4ae4-995c-b22a44bd5aa9 a essentia:DerivativeMean ;
    afo:value 1.150093e-02 .

_:357f07ca-fb1c-4260-b223-61f9a0fa0898 a essentia:MFCC ;
    event:time _:e58a6ba8-9cf9-4400-bbdc-ca03075c2a82 ;
    afo:computed_by _:LowLevelExtractor ;
    afo:feature [ a essentia:Mean ;
            afo:values ( -7.491744e+02 1.541047e+02 1.225645e+01 1.190059e+01 -5.462591e+00 -1.249651e+01 -1.428951e+01 -9.480466e+00 -8.404548e+00 -6.991993e+00 -7.5882e+00 -1.222702e+00 -2.281578e-01 ) ],
        [ a essentia:InverseCovariance ;
            afo:dimensions ( 13 13 ) ;
            afo:values ( 1.483816e-04 1.003443e-04 1.673271e-04 -7.073575e-05 1.702881e-04 7.338446e-05 1.907257e-04 1.269482e-05 1.181458e-04 -1.792739e-04 6.32791e-05 -1.562079e-04 1.720348e-04 1.003443e-04 6.878065e-04 -1.228579e-04 1.405686e-04 -1.732183e-05 1.049596e-04 2.939369e-04 -2.759563e-04 2.365811e-04 2.948775e-04 -3.880427e-05 -9.140153e-05 8.739364e-05 1.673271e-04 -1.228579e-04 1.527661e-03 -6.090091e-05 1.393324e-04 -8.678116e-04 4.307207e-04 -1.838169e-04 -1.130122e-04 4.524727e-05 4.850781e-04 -2.876341e-04 1.346271e-04 -7.073575e-05 1.405686e-04 -6.090091e-05 3.526651e-03 -2.213974e-03 7.598753e-04 -8.242316e-04 1.589848e-04 -4.530149e-04 4.182823e-04 1.68657e-04 5.182601e-04 -4.26766e-04 1.702881e-04 -1.732183e-05 1.393324e-04 -2.213974e-03 5.62029e-03 -2.003968e-03 7.658015e-04 1.465694e-03 -1.083287e-03 -3.661632e-04 3.123258e-04 1.696866e-04 -6.928628e-04 7.338446e-05 1.049596e-04 -8.678116e-04 7.598753e-04 -2.003968e-03 8.840272e-03 -3.386564e-03 1.767981e-04 -3.170368e-04 9.048801e-05 -1.573568e-03 -3.118266e-04 1.72539e-03 1.907257e-04 2.939369e-04 4.307207e-04 -8.242316e-04 7.658015e-04 -3.386564e-03 8.42327e-03 -4.276298e-03 1.281461e-03 -1.447317e-03 1.068629e-03 -7.389535e-04 2.820095e-04 1.269482e-05 -2.759563e-04 -1.838169e-04 1.589848e-04 1.465694e-03 1.767981e-04 -4.276298e-03 9.242084e-03 -2.114927e-03 -3.518893e-04 -1.009721e-03 2.197245e-04 -1.228133e-03 1.181458e-04 2.365811e-04 -1.130122e-04 -4.530149e-04 -1.083287e-03 -3.170368e-04 1.281461e-03 -2.114927e-03 9.47206e-03 -2.077063e-03 2.130963e-03 -8.924085e-04 3.511705e-04 -1.792739e-04 2.948775e-04 4.524727e-05 4.182823e-04 -3.661632e-04 9.048801e-05 -1.447317e-03 -3.518893e-04 -2.077063e-03 9.459032e-03 -4.507065e-03 2.076619e-03 -4.867115e-04 6.32791e-05 -3.880427e-05 4.850781e-04 1.68657e-04 3.123258e-04 -1.573568e-03 1.068629e-03 -1.009721e-03 2.130963e-03 -4.507065e-03 1.312769e-02 -5.163849e-03 3.324973e-03 -1.562079e-04 -9.140153e-05 -2.876341e-04 5.182601e-04 1.696866e-04 -3.118266e-04 -7.389535e-04 2.197245e-04 -8.924085e-04 2.076619e-03 -5.163849e-03 1.19803e-02 -3.852923e-03 1.720348e-04 8.739364e-05 1.346271e-04 -4.26766e-04 -6.928628e-04 1.72539e-03 2.820095e-04 -1.228133e-03 3.511705e-04 -4.867115e-04 3.324973e-03 -3.852923e-03 1.059737e-02 ) ],
        [ a essentia:Covariance ;
            afo:dimensions ( 13 13 ) ;
            afo:values ( 1.125296e+04 -1.844134e+03 -1.538329e+03 -3.206629e+01 -4.069673e+02 -3.65703e+02 -2.625034e+02 -1.810057e+02 -1.46251e+02 2.321451e+02 1.247475e+02 3.807293e+01 -1.400654e+02 -1.844134e+03 1.90345e+03 3.864421e+02 -1.103156e+02 -9.483304e-03 1.700739e+01 -4.10426e+01 3.74959e+01 -3.019513e+01 -1.165111e+02 -2.342179e+01 1.471667e+01 1.590489e+01 -1.538329e+03 3.864421e+02 9.270629e+02 -2.822452e+00 5.843424e+01 1.150832e+02 2.31197e+01 3.413509e+01 3.262668e+01 -4.982405e+01 -3.416855e+01 7.248181e+00 8.305441e+00 -3.206629e+01 -1.103156e+02 -2.822452e+00 4.237675e+02 1.868227e+02 -1.179331e+00 8.693958e+00 -2.727183e+01 4.059103e+01 -1.193443e+01 -4.060057e+01 -2.418887e+01 2.959734e+01 -4.069673e+02 -9.483304e-03 5.843424e+01 1.868227e+02 3.075316e+02 5.035596e+01 -1.403903e+01 -4.749197e+01 4.520941e+01 -7.588418e+00 -2.783809e+01 -1.544709e+01 2.143712e+01 -3.65703e+02 1.700739e+01 1.150832e+02 -1.179331e+00 5.035596e+01 1.824989e+02 8.82182e+01 3.596563e+01 1.322022e+01 2.039646e+01 2.853733e+01 8.483746e+00 -2.568401e+01 -2.625034e+02 -4.10426e+01 2.31197e+01 8.693958e+00 -1.403903e+01 8.82182e+01 2.212145e+02 1.064604e+02 5.787938e+00 4.020134e+01 1.966572e+01 1.106932e+01 -4.664876e+00 -1.810057e+02 3.74959e+01 3.413509e+01 -2.727183e+01 -4.749197e+01 3.596563e+01 1.064604e+02 1.764452e+02 2.413613e+01 2.927609e+01 1.932816e+01 1.27735e+01 8.876364e+00 -1.46251e+02 -3.019513e+01 3.262668e+01 4.059103e+01 4.520941e+01 1.322022e+01 5.787938e+00 2.413613e+01 1.283819e+02 2.12076e+01 -1.551421e+01 -1.627059e+00 8.285732e+00 2.321451e+02 -1.165111e+02 -4.982405e+01 -1.193443e+01 -7.588418e+00 2.039646e+01 4.020134e+01 2.927609e+01 2.12076e+01 1.512009e+02 5.356971e+01 -2.527818e+00 -1.563459e+01 1.247475e+02 -2.342179e+01 -3.416855e+01 -4.060057e+01 -2.783809e+01 2.853733e+01 1.966572e+01 1.932816e+01 -1.551421e+01 5.356971e+01 1.247539e+02 3.802185e+01 -3.012654e+01 3.807293e+01 1.471667e+01 7.248181e+00 -2.418887e+01 -1.544709e+01 8.483746e+00 1.106932e+01 1.27735e+01 -1.627059e+00 -2.527818e+00 3.802185e+01 1.110532e+02 2.537321e+01 -1.400654e+02 1.590489e+01 8.305441e+00 2.959734e+01 2.143712e+01 -2.568401e+01 -4.664876e+00 8.876364e+00 8.285732e+00 -1.563459e+01 -3.012654e+01 2.537321e+01 1.220128e+02 ) ] .

_:3672ec5e-cb03-4572-a730-f4ee46eea5e6 a essentia:Variance ;
    afo:value 1.65933e-03 .

_:37e4c1b3-ce74-4eab-abab-a47a68a7edeb a essentia:Minimum ;
    afo:value -5.003394e+00 .

_:386a6072-93ef-46fa-8098-90dd7e78d052 a essentia:KeyStrength ;
    event:time _:e58a6ba8-9cf9-4400-bbdc-ca03075c2a82 ;
    afo:value 6.274082e-01 .

_:3896d56b-6609-48e1-babf-b990e2a8f4bd a essentia:Skewness ;
    event:time _:e58a6ba8-9cf9-4400-bbdc-ca03075c2a82 ;
    afo:computed_by _:LowLevelExtractor ;
    afo:feature _:0f13ac24-8055-4ce8-84e2-0e391de69fc6,
        _:1913f45e-a47e-4d56-a354-cd20a15537d8,
        [ a essentia:Minimum ;
            afo:value -7.539777e-02 ],
        [ a essentia:Variance ;
            afo:value 1.275271e+00 ],
        [ a essentia:SecondDerivativeMean ;
            afo:value 4.889782e-01 ],
        [ a essentia:DerivativeVariance ;
            afo:value 1.016836e-01 ],
        [ a essentia:SecondDerivativeVariance ;
            afo:value 2.369259e-01 ],
        [ a essentia:DerivativeMean ;
            afo:value 3.071113e-01 ],
        [ a essentia:Maximum ;
            afo:value 7.435786e+00 ] .

_:389c737f-abac-4476-bf9e-3608a0d6e6dc a essentia:SecondDerivativeMean ;
    afo:value 5.461982e-03 .

_:38c8d084-6ac8-44a8-a75b-25231b622ff8 a essentia:Minimum ;
    afo:value -3.616235e-08 .

_:38de796f-9f9f-4189-b70e-8d34b8c5161b a essentia:SecondDerivativeVariance ;
    afo:value 9.727367e-01 .

_:3a58f2e3-9308-4e7a-aefc-a5ee006cb430 a essentia:Maximum ;
    afo:value 5.273438e-01 .

_:3ad1058f-5770-47c9-9705-626de449fc87 rdf:first 8.89043e-04 ;
    rdf:rest ( 4.385262e-03 8.463469e-03 9.056916e-03 1.624242e-02 1.379716e-02 2.811729e-02 2.199993e-02 1.629726e-02 9.977285e-03 7.904525e-03 5.563888e-03 7.479046e-03 4.593243e-03 3.321494e-03 2.94127e-03 2.007771e-03 1.200326e-03 1.25321e-03 7.591376e-04 2.531557e-03 9.159629e-04 4.604235e-04 1.583421e-04 2.23198e-04 3.430743e-04 2.04138e-04 3.123513e-04 1.577025e-04 7.539751e-05 6.095954e-05 6.28273e-05 7.443066e-05 1.863221e-04 2.703103e-04 2.553513e-04 3.730518e-04 4.287582e-04 2.46996e-04 6.470307e-05 ) .

_:3b169faf-5a33-4147-97a2-8568be8abc03 a essentia:ChordsNumberRate ;
    event:time _:e58a6ba8-9cf9-4400-bbdc-ca03075c2a82 ;
    afo:value 2.185494e-03 .

_:3b5fff25-db14-4ea7-8f14-9bf299534e6d a essentia:Mean ;
    afo:value 1.166216e+01 .

_:3b7cc85a-c53b-4210-820e-c8c71f0d2963 a tl:Timeline ;
    tl:interval _:e58a6ba8-9cf9-4400-bbdc-ca03075c2a82 .

_:3b9dd92f-2920-4a37-95f6-d85b86ea3be1 a essentia:SecondDerivativeVariance ;
    afo:values ( 7.265539e-02 7.930931e-02 9.014791e-02 9.70866e-02 1.023606e-01 9.889406e-02 8.36372e-02 8.01369e-02 6.72669e-02 6.155941e-02 7.402373e-02 8.378758e-02 8.633126e-02 8.839732e-02 5.40306e-02 4.911418e-02 7.821595e-02 1.04926e-01 1.069163e-01 1.20258e-01 1.168871e-01 8.96408e-02 9.974002e-02 9.021959e-02 8.901404e-02 1.139007e-01 1.42441e-01 1.197589e-01 1.2401e-01 9.072848e-02 8.905987e-02 1.062042e-01 1.311957e-01 1.217295e-01 1.282176e-01 1.034239e-01 ) .

_:3ba1b79c-6d49-4e6a-a38b-bf8fba18ff48 a essentia:Maximum ;
    afo:value 1.80865e-01 .

_:3bead3a9-0f26-466a-9e22-b5413c6e33d5 a essentia:Maximum ;
    afo:values _:3ad1058f-5770-47c9-9705-626de449fc87 .

_:3bed7aee-d6b5-479f-a70c-4de314631533 a essentia:BarkBands ;
    event:time _:e58a6ba8-9cf9-4400-bbdc-ca03075c2a82 ;
    afo:computed_by _:LowLevelExtractor ;
    afo:feature _:29d77ddb-26aa-4702-ba7e-72ef23dccea6,
        [ a essentia:Mean ;
            afo:values ( 3.540373e-05 1.278295e-04 7.490336e-04 1.16376e-03 2.125009e-03 1.898359e-03 4.123466e-03 1.560909e-03 1.364543e-03 4.201739e-04 3.527632e-04 2.650985e-04 3.054222e-04 2.363257e-04 1.370639e-04 1.878721e-04 1.801821e-04 6.766582e-05 9.608492e-05 9.817161e-05 4.428671e-05 3.618349e-05 4.920389e-05 5.347122e-05 2.949611e-05 7.105627e-06 2.603917e-07 ) ],
        [ a essentia:SecondDerivativeVariance ;
            afo:values ( 8.641156e-11 1.330704e-07 9.835278e-07 3.497962e-06 6.257109e-06 7.715436e-06 4.478734e-05 1.802899e-05 8.986419e-06 1.973374e-06 3.169467e-06 1.634253e-06 1.232376e-06 8.362117e-07 3.385731e-07 5.345987e-07 2.297695e-07 3.170309e-08 7.690728e-08 5.959818e-08 1.297896e-08 9.52617e-09 1.044577e-07 1.180078e-07 1.374532e-08 7.398844e-10 4.439373e-12 ) ],
        [ a essentia:Variance ;
            afo:values ( 1.187695e-10 6.220094e-08 1.329111e-06 3.062222e-06 9.545361e-06 1.119355e-05 8.016117e-05 2.089293e-05 1.74151e-05 2.233585e-06 3.798172e-06 1.116371e-06 9.746509e-07 5.44169e-07 3.214492e-07 5.462289e-07 2.998707e-07 3.065713e-08 8.694705e-08 7.922307e-08 1.642247e-08 1.609337e-08 1.345412e-07 2.376699e-07 2.238212e-08 1.054349e-09 3.329015e-12 ) ],
        [ a essentia:Maximum ;
            afo:values ( 1.299972e-04 4.784151e-03 1.37688e-02 2.437724e-02 5.054073e-02 5.969973e-02 1.220232e-01 8.617306e-02 7.382625e-02 3.846836e-02 5.874404e-02 3.065419e-02 2.330421e-02 1.631239e-02 1.328944e-02 2.51414e-02 1.662011e-02 2.883595e-03 6.771874e-03 7.152508e-03 2.494007e-03 3.270079e-03 1.163155e-02 2.862009e-02 5.558145e-03 8.565008e-04 8.269196e-05 ) ],
        [ a essentia:Median ;
            afo:values _:32e10e35-0c9a-4df8-a542-b442a0663ddb ],
        [ a essentia:DerivativeVariance ;
            afo:values ( 3.151417e-11 5.028531e-08 4.298732e-07 1.328875e-06 2.620553e-06 3.76209e-06 2.285797e-05 8.879047e-06 5.214039e-06 9.780309e-07 1.714345e-06 6.4216e-07 5.120518e-07 3.243607e-07 1.595938e-07 2.293359e-07 1.001165e-07 1.292021e-08 2.869959e-08 2.729376e-08 5.526328e-09 5.010162e-09 5.656156e-08 8.469466e-08 8.26653e-09 4.010856e-10 2.027871e-12 ) ],
        [ a essentia:Minimum ;
            afo:values ( 2.185996e-25 4.321073e-24 2.08767e-25 8.937713e-25 7.68087e-24 7.77602e-24 1.393743e-24 9.022199e-24 1.319011e-23 1.592074e-23 1.439377e-23 2.385664e-23 2.44195e-23 2.892783e-23 2.803479e-23 4.434554e-23 5.474976e-23 9.707832e-23 1.440432e-22 1.707969e-22 2.60528e-22 2.716496e-22 3.972427e-22 5.472953e-22 6.934979e-22 1.227785e-21 1.852195e-21 ) ],
        [ a essentia:SecondDerivativeMean ;
            afo:values _:26c8a24e-268e-4d81-a6b4-85e56db30c3e ] .

_:3c919f3d-1957-465f-8549-71b3d3c6e93e a essentia:SecondDerivativeMean ;
    afo:value 0 .

