@prefix afo: <https://w3id.org/afo/onto/1.1#> .
@prefix dc: <http://purl.org/dc/elements/1.1/> .
@prefix essentia: <http://sovarr.c4dm.eecs.qmul.ac.uk/af/essentia/> .
@prefix event: <http://purl.org/NET/c4dm/event.owl#> .
@prefix foaf: <http://xmlns.com/foaf/0.1/> .
@prefix mo: <http://purl.org/ontology/mo/> .
@prefix rdf: <http://www.w3.org/1999/02/22-rdf-syntax-ns#> .
@prefix rdfs: <http://www.w3.org/2000/01/rdf-schema#> .
@prefix tl: <http://purl.org/NET/c4dm/timeline.owl#> .
@prefix xml: <http://www.w3.org/XML/1998/namespace> .
@prefix xsd: <http://www.w3.org/2001/XMLSchema#> .

<http://musicbrainz.org/release/44734dae-0032-3a5a-8bbd-5c7849a93e09> a mo:Release ;
    dc:date "2006" ;
    dc:title "Smile... It Confuses People" ;
    mo:catalogue_number "CDRCA7155" ;
    mo:publisher [ a mo:Label ;
            foaf:name "Sony BMG Music Entertainment" ] ;
    mo:track <http://musicbrainz.org/recording/d268e98d-7802-4b9d-a45f-f5c36111d8c5> ;
    essentia:barcode "6007124473936" ;
    foaf:maker <http://musicbrainz.org/artist/fcdeb957-b420-4249-a092-946b537a00ca> .

<09+the+human+jukebox.m4a> a mo:AudioFile ;
    mo:encodes [ a essentia:Signal ;
            mo:sample_rate "44100"^^xsd:interger ;
            mo:time _:a45bcf2a-db82-4d19-93e3-fa1d7d49995c ;
            essentia:bit_rate "127367"^^xsd:float ;
            essentia:codec "aac"^^xsd:string ;
            essentia:downmix "mix"^^xsd:string ;
            essentia:equal_loudness "0"^^xsd:float ;
            essentia:lossless false ;
            essentia:md5_encoded "9f92224fe85f81808d39cbb0ecb2a1e5"^^xsd:string ;
            essentia:replay_gain "-14.947511673"^^xsd:float ] .

<http://musicbrainz.org/artist/fcdeb957-b420-4249-a092-946b537a00ca> a mo:MusicArtist ;
    foaf:name "Sandi Thom" .

<http://musicbrainz.org/recording/d268e98d-7802-4b9d-a45f-f5c36111d8c5> a mo:Track ;
    dc:title "The Human Jukebox" ;
    mo:available_as <09+the+human+jukebox.m4a> ;
    mo:genre [ a mo:Genre ] ;
    mo:track_number "9/10" .

[] a essentia:VersionInfo .

_:01018530-2a44-43d2-87aa-deefc073d502 a essentia:Median ;
    afo:value 2.894813e+01 .

_:014bcab2-00e4-4b99-ae99-97f31f6c642b a essentia:DerivativeMean ;
    afo:value 8.553196e+00 .

_:025e81ee-1039-4115-9f6b-2726d12da46e a essentia:Variance ;
    afo:values ( 2.692233e-02 3.231352e+00 2.024851e+01 3.8223e+01 4.602523e+01 5.991496e+01 1.618888e+02 2.537313e+02 2.605973e+02 6.129598e+02 2.068988e+03 5.493476e+03 2.734021e+04 1.976654e+04 1.289295e+04 1.748415e+04 1.247529e+04 9.625846e+03 7.669271e+03 5.761211e+03 3.607241e+03 5.579176e+02 8.305887e+02 1.186993e+03 1.674238e+03 2.198292e+03 3.310236e+02 4.1739e+01 9.646375e+01 1.074904e+02 5.880121e+01 9.90378e+01 9.624594e+01 9.350272e+01 4.556206e+00 5.80307e-01 4.538424e-02 2.989858e-03 2.077229e-06 2.516702e-09 ) .

_:02760247-ad77-491d-9e08-7d73758bc36c a essentia:Maximum ;
    afo:value 4.11391e-01 .

_:02b8404e-1898-49a2-8e3c-f7a10b5faf34 a essentia:Key ;
    event:time _:a45bcf2a-db82-4d19-93e3-fa1d7d49995c ;
    afo:value "A" .

_:03573209-d4ee-4103-8a37-00af7a606068 a essentia:SecondDerivativeVariance ;
    afo:value 4.855074e+06 .

_:03ad6f0d-24b5-48c4-b77a-7cc1b09708b9 a essentia:SecondDerivativeVariance ;
    afo:value 2.956025e+02 .

_:03e1705c-9bda-450b-aa0f-a8cdea2af676 a essentia:DerivativeMean ;
    afo:value 2.10446e-02 .

_:0522787a-f05f-41ab-895c-989ff47423a4 a essentia:Crest ;
    afo:feature [ a essentia:Maximum ;
            afo:value 2.339457e+01 ],
        [ a essentia:SecondDerivativeMean ;
            afo:value 3.424262e+00 ],
        [ a essentia:DerivativeVariance ;
            afo:value 4.569753e+00 ],
        [ a essentia:Variance ;
            afo:value 1.306088e+01 ],
        [ a essentia:Minimum ;
            afo:value 2.286916e+00 ],
        [ a essentia:DerivativeMean ;
            afo:value 2.146312e+00 ],
        [ a essentia:SecondDerivativeVariance ;
            afo:value 1.166178e+01 ],
        [ a essentia:Median ;
            afo:value 8.568531e+00 ],
        [ a essentia:Mean ;
            afo:value 9.257096e+00 ] .

_:054537cd-e139-40a5-bb52-c526705e6d50 a essentia:Variance ;
    afo:value 4.005847e+02 .

_:057232be-ed55-456f-a133-4d66a3bd8ab8 a essentia:SecondDerivativeVariance ;
    afo:value 0 .

_:05c7f368-d200-47ad-a264-ca4d45edbcd9 rdf:first 3.008799e-09 ;
    rdf:rest ( 5.212423e-05 1.662536e-05 8.50074e-06 4.207739e-06 3.605331e-06 1.541446e-06 2.986952e-06 1.164438e-05 3.293639e-05 1.012741e-05 1.322133e-05 6.144619e-06 3.940275e-06 2.742896e-06 1.371374e-06 2.412671e-07 4.131065e-07 5.306338e-07 8.127093e-07 5.161826e-08 9.087459e-08 6.971671e-08 2.716787e-07 3.069329e-07 1.85967e-08 9.23906e-11 ) .

_:06303ed3-3f8d-4558-827e-552d16a000ad a essentia:Maximum ;
    afo:value 105 .

_:071f3a11-7713-4aff-957e-36699690190a a essentia:Minimum ;
    afo:value 0 .

_:074b74af-83e8-4147-8f93-3e69cd2ff841 rdf:first 5.07637e-02 ;
    rdf:rest ( 5.96132e-01 1.210271e+00 1.830018e+00 2.393748e+00 3.210106e+00 4.476684e+00 6.165559e+00 5.430242e+00 7.645445e+00 1.187822e+01 2.270367e+01 2.79658e+01 2.479312e+01 1.914338e+01 2.639007e+01 2.609011e+01 2.738952e+01 3.037537e+01 2.757954e+01 1.548624e+01 8.649367e+00 9.69961e+00 1.278973e+01 9.915596e+00 1.490107e+01 5.066489e+00 1.623341e+00 2.062866e+00 3.099609e+00 2.880892e+00 2.532332e+00 3.524577e+00 3.817034e+00 8.375249e-01 2.974364e-01 1.042118e-01 2.514515e-02 6.997511e-04 2.4395e-05 ) .

_:077e21ec-37a5-4a25-afca-b555a0065efe a essentia:Maximum ;
    afo:value 3.320605e-01 .

_:078c328d-ad0a-4204-a3e2-3d6b5527c194 a essentia:BarkBands ;
    event:time _:a45bcf2a-db82-4d19-93e3-fa1d7d49995c ;
    afo:computed_by _:LowLevelExtractor ;
    afo:feature _:0522787a-f05f-41ab-895c-989ff47423a4 .

_:07caca4e-ee83-4fa7-9cf5-32e9e400c9d9 a essentia:Mean ;
    afo:value 3.462545e-02 .

_:07f20d84-325e-419e-8857-333badce1395 a essentia:Minimum ;
    afo:values ( 3.461495e-23 4.056487e-22 9.597648e-22 5.662609e-21 1.783515e-20 4.177608e-20 4.057949e-20 6.345083e-20 1.672744e-19 1.215523e-19 3.063961e-19 1.992391e-19 5.894466e-19 6.503263e-19 8.554558e-19 1.017243e-18 1.569535e-18 2.233417e-18 2.283246e-18 3.391486e-18 3.108366e-18 3.951528e-18 5.263757e-18 6.991444e-18 6.786839e-18 7.699656e-18 8.890798e-18 1.09698e-17 1.106128e-17 1.233738e-17 1.254868e-17 1.10301e-17 1.014659e-17 8.279729e-18 6.657246e-18 4.346079e-18 2.178198e-18 9.236229e-19 2.609852e-19 2.793207e-20 ) .

_:080925c8-1364-45c5-bfea-cfb063e42774 a essentia:DerivativeVariance ;
    afo:value 5.684586e+00 .

_:0811f121-fdfd-4781-86de-57fb0051ceec a essentia:Median ;
    afo:values ( -7.240909e+00 -6.634675e+00 -7.138015e+00 -7.349352e+00 -7.300954e+00 -9.571018e+00 ) .

_:08188458-e324-493c-a573-c35df1a753e7 a essentia:Mean ;
    afo:value 1 .

_:08a850e4-d51d-4b5e-8ede-d5d193a9a60d a essentia:Maximum ;
    afo:value 3.14387e+01 .

_:09c79ede-9e6e-4873-9b14-8d525567675f a essentia:RMS ;
    event:time _:a45bcf2a-db82-4d19-93e3-fa1d7d49995c ;
    afo:computed_by _:LowLevelExtractor ;
    afo:feature [ a essentia:Maximum ;
            afo:value 1.143481e-02 ],
        [ a essentia:Mean ;
            afo:value 4.747803e-03 ],
        [ a essentia:Minimum ;
            afo:value 3.140709e-12 ],
        [ a essentia:DerivativeVariance ;
            afo:value 4.918009e-07 ],
        [ a essentia:SecondDerivativeVariance ;
            afo:value 1.033411e-06 ],
        [ a essentia:DerivativeMean ;
            afo:value 5.451712e-04 ],
        [ a essentia:Median ;
            afo:value 4.929412e-03 ],
        [ a essentia:SecondDerivativeMean ;
            afo:value 8.097204e-04 ],
        [ a essentia:Variance ;
            afo:value 3.172928e-06 ] .

_:0a9acc0a-685b-4158-8011-e5db1d018c99 a essentia:SecondDerivativeMean ;
    afo:value 2.434895e+00 .

_:0bc7eb08-4db4-4eea-9844-3085c1c434b8 a essentia:Variance ;
    afo:value 5.131847e+00 .

_:0c74d598-8a85-402b-93c7-8ecffd1a4afd a essentia:Maximum ;
    afo:value 4.94615e-02 .

_:0caa8696-7c92-49d4-85bd-044bf44dc888 a essentia:Variance ;
    afo:value 0 .

_:0cb72f5a-e09f-4cc3-9da8-f49df0d58c3f rdf:first 1.305632e+00 ;
    rdf:rest ( 8.005858e+01 -1.208441e+02 2.171552e+01 -5.415459e+01 1.792406e+01 -4.647323e+01 1.084717e+01 -3.359992e+01 1.739375e+00 -1.269912e+01 -1.075556e+01 -1.316765e+01 ) .

_:0d3c1a08-1099-4834-844e-0b787319fc11 a essentia:Maximum ;
    afo:value 5.000001e-01 .

_:0d63b274-c945-465b-8d41-09921bb7a3bc a essentia:DerivativeVariance ;
    afo:value 7.05461e-05 .

_:0d803e23-212f-4cb8-8a6c-0dad7b0bcdbb a essentia:Minimum ;
    afo:value 0 .

_:0e0a1568-52c1-4a80-a388-790b328e8180 a essentia:DerivativeVariance ;
    afo:value 1.869814e+00 .

_:0e78f3be-ec71-4f26-abf7-e69751ef87c8 a essentia:Median ;
    afo:value 3.523035e-02 .

_:0f46dbd1-05d4-4cad-997f-6f4ed9c470a6 a essentia:DerivativeMean ;
    afo:value 0 .

_:0f637529-6d83-4120-8057-d89b7fe0a360 a essentia:FirstPeakWeight ;
    event:time _:a45bcf2a-db82-4d19-93e3-fa1d7d49995c ;
    afo:computed_by _:LowLevelExtractor ;
    afo:feature [ a essentia:Mean ;
            afo:value 7.100271e-01 ],
        [ a essentia:SecondDerivativeVariance ;
            afo:value 0 ],
        [ a essentia:DerivativeMean ;
            afo:value 0 ],
        [ a essentia:Median ;
            afo:value 7.100271e-01 ],
        [ a essentia:Minimum ;
            afo:value 7.100271e-01 ],
        [ a essentia:Variance ;
            afo:value 0 ],
        [ a essentia:DerivativeVariance ;
            afo:value 0 ],
        [ a essentia:SecondDerivativeMean ;
            afo:value 0 ],
        [ a essentia:Maximum ;
            afo:value 7.100271e-01 ] .

_:0f8080e3-6d7e-46bb-bd8c-ef42b3c59f90 a essentia:SecondDerivativeVariance ;
    afo:value 1.690117e+01 .

_:1044003a-9756-430d-8244-92d235c9dd78 a tl:Timeline ;
    tl:interval _:a45bcf2a-db82-4d19-93e3-fa1d7d49995c .

_:11797264-370e-4270-a6a3-2276664498cd a essentia:DerivativeVariance ;
    afo:value 6.283594e-04 .

_:11bab909-b942-4ead-9e56-7a33f37013dd a essentia:FlatnessDB ;
    afo:feature [ a essentia:SecondDerivativeVariance ;
            afo:value 6.202516e-04 ],
        [ a essentia:DerivativeMean ;
            afo:value 1.952982e-02 ],
        [ a essentia:Variance ;
            afo:value 2.62694e-03 ],
        [ a essentia:Minimum ;
            afo:value 5.070851e-02 ],
        [ a essentia:Maximum ;
            afo:value 4.106539e-01 ],
        [ a essentia:SecondDerivativeMean ;
            afo:value 2.73212e-02 ],
        [ a essentia:Median ;
            afo:value 1.513849e-01 ],
        [ a essentia:DerivativeVariance ;
            afo:value 3.179576e-04 ],
        [ a essentia:Mean ;
            afo:value 1.565486e-01 ] .

_:11e90084-dcd4-4918-ab2a-e828a75ff734 a essentia:SecondDerivativeVariance ;
    afo:value 2.362835e+01 .

_:12114a10-4174-4166-b32a-5ab897cfb10a a essentia:DerivativeVariance ;
    afo:value 2.987207e-04 .

_:12e50cc2-7cbe-4baa-a750-50830bf225bc a essentia:Minimum ;
    afo:value 0 .

_:139fded1-f499-4a9d-8a8d-ff321ac7260f a essentia:Mean ;
    afo:value 3.523035e-02 .

_:1404d760-6fc8-4453-b4fc-8a3fa57da997 rdf:first 6.409216e-01 ;
    rdf:rest ( 4.953846e-01 4.858608e-01 4.47552e-01 3.898768e-01 4.801508e-01 ) .

_:143443c5-2417-4da8-953d-44ba3be4a335 a essentia:Median ;
    afo:value 1.70989e+00 .

_:15215ea4-335e-4628-b3c6-789648591635 a essentia:Mean ;
    afo:value 1.708197e+00 .

_:153bc670-251b-4ade-a565-e15ef5022980 a essentia:Minimum ;
    afo:value -1.277812e+00 .

_:158851e9-aa6b-48ff-bcc0-7648febbee4d rdf:first 8.449957e-09 ;
    rdf:rest ( 1.244766e-04 1.817597e-05 5.045436e-06 5.952413e-06 3.626956e-06 1.791284e-06 2.365673e-06 1.098415e-05 1.446822e-05 5.305624e-06 6.995252e-06 4.669635e-06 3.96833e-06 3.643355e-06 1.682404e-06 3.063919e-07 4.045261e-07 4.302049e-07 5.957758e-07 4.104801e-08 1.051808e-07 9.525996e-08 2.914401e-07 5.906253e-07 3.168279e-08 2.184013e-10 ) .

_:15f3f915-f59c-444d-b453-07243df41ebf a essentia:SecondDerivativeVariance ;
    afo:values _:158851e9-aa6b-48ff-bcc0-7648febbee4d .

_:162def84-a958-4804-8610-91ade298d67c a essentia:Flux ;
    event:time _:a45bcf2a-db82-4d19-93e3-fa1d7d49995c ;
    afo:computed_by _:LowLevelExtractor ;
    afo:feature _:11797264-370e-4270-a6a3-2276664498cd,
        [ a essentia:Variance ;
            afo:value 2.084229e-03 ],
        [ a essentia:DerivativeMean ;
            afo:value 2.256445e-02 ],
        [ a essentia:Mean ;
            afo:value 8.089496e-02 ],
        [ a essentia:Maximum ;
            afo:value 3.339378e-01 ],
        [ a essentia:Minimum ;
            afo:value 6.445081e-11 ],
        [ a essentia:SecondDerivativeVariance ;
            afo:value 1.453589e-03 ],
        [ a essentia:Median ;
            afo:value 7.344994e-02 ],
        [ a essentia:SecondDerivativeMean ;
            afo:value 3.511919e-02 ] .

_:162f030f-40c7-48f1-9f14-9939480893db a essentia:Mean ;
    afo:value 9.117554e-01 .

_:16347e57-c237-48da-9d8a-0da6b789cf5e a essentia:SecondDerivativeMean ;
    afo:values ( 3.061412e-05 3.890146e-03 1.735862e-03 1.276367e-03 1.326079e-03 1.156051e-03 6.971001e-04 6.290663e-04 1.591483e-03 1.442303e-03 7.479669e-04 1.060522e-03 1.023601e-03 9.732108e-04 1.030333e-03 5.153596e-04 2.814342e-04 3.521904e-04 3.371818e-04 4.317858e-04 9.054976e-05 9.858295e-05 1.50322e-04 2.559954e-04 3.417994e-04 9.557332e-05 6.601734e-06 ) .

_:1640071b-6a0e-45f3-9dff-cca4b9022c60 a essentia:SecondDerivativeVariance ;
    afo:value 1.079363e+00 .

_:16476628-97b8-42a0-b663-48d43516561f a essentia:Variance ;
    afo:value 9.048759e-01 .

_:165a246e-bdb2-4fa0-a2db-6dc409a19d7d a essentia:SecondDerivativeVariance ;
    afo:value 1.438739e+02 .

_:16bcd3d1-c609-4ff8-9303-a3caff051b9b rdf:first 1.803669e-05 ;
    rdf:rest ( 2.361747e-03 1.002057e-03 7.99484e-04 8.068136e-04 7.474893e-04 4.514177e-04 4.115651e-04 1.030263e-03 9.713622e-04 4.775783e-04 6.910259e-04 6.576443e-04 6.275899e-04 6.39738e-04 3.217886e-04 1.7367e-04 2.261912e-04 2.221215e-04 2.861007e-04 6.037574e-05 6.966692e-05 9.852158e-05 1.684743e-04 2.222549e-04 6.451525e-05 4.298122e-06 ) .

_:172e510b-e8f4-4046-a07c-9d0fb21ade57 a essentia:Mean ;
    afo:values ( 2.29394e-01 1.452956e-01 6.2402e-02 5.360571e-02 5.952658e-02 1.629452e-01 2.839766e-01 1.974167e-01 7.431376e-02 5.932871e-02 5.908133e-02 7.773322e-02 1.063861e-01 9.45325e-02 1.119898e-01 1.625303e-01 1.203072e-01 9.011318e-02 1.149338e-01 1.036573e-01 2.51634e-01 4.447572e-01 2.926031e-01 8.357551e-02 5.302266e-02 4.601308e-02 8.920651e-02 1.538743e-01 1.293735e-01 8.956466e-02 9.079698e-02 8.038457e-02 1.318617e-01 1.750043e-01 1.172861e-01 1.57763e-01 ) .

_:17963e9f-0931-468e-8ec5-c395eaa24378 a essentia:Minimum ;
    afo:values ( 2.580828e-25 1.829785e-24 7.587173e-25 1.432199e-24 1.245567e-23 1.10731e-23 9.332479e-24 6.383312e-24 8.273854e-24 1.868762e-23 1.395451e-23 1.883971e-23 3.385116e-23 5.051099e-23 5.620127e-23 3.64857e-23 5.181258e-23 9.111493e-23 1.225819e-22 1.791322e-22 2.959345e-22 3.268358e-22 4.241637e-22 5.973683e-22 9.489725e-22 1.297797e-21 1.94392e-21 ) .

_:17c04965-69fe-4c31-b377-636edf0b2726 a essentia:DerivativeVariance ;
    afo:value 8.817002e-05 .

_:17d78904-645b-4c6c-aa12-b4ee52131a4e a essentia:SecondDerivativeMean ;
    afo:value 1.209856e+03 .

_:183f727f-558f-4b31-b551-6c39488c76ce a essentia:Variance ;
    afo:value 2.345708e-01 .

_:18b77862-0552-4f73-949d-6f390469c0a5 rdf:first 8.841978e-01 ;
    rdf:rest ( 7.888082e-01 6.844968e-01 8.11261e-01 6.670437e-01 7.506214e-01 ) .

_:190fba87-ab70-43a5-acf9-8059285c9752 a essentia:BPM ;
    event:time _:a45bcf2a-db82-4d19-93e3-fa1d7d49995c ;
    afo:value 1.119698e+02 .

_:199722c1-52a6-4bcb-88e1-feb80419a95c a essentia:Mean ;
    afo:value 2.023041e+00 .

_:19cd932a-9c2b-4599-83d1-6df0d180dbb2 a essentia:ERBBands ;
    event:time _:a45bcf2a-db82-4d19-93e3-fa1d7d49995c ;
    afo:computed_by _:LowLevelExtractor ;
    afo:feature [ a essentia:Skewness ;
            afo:feature [ a essentia:Median ;
                    afo:value 1.432154e-01 ],
                [ a essentia:Variance ;
                    afo:value 4.922425e-01 ],
                [ a essentia:Maximum ;
                    afo:value 3.184931e+00 ],
                [ a essentia:Minimum ;
                    afo:value -4.102782e+00 ],
                [ a essentia:Mean ;
                    afo:value 1.429311e-01 ],
                [ a essentia:SecondDerivativeMean ;
                    afo:value 5.746543e-01 ],
                [ a essentia:DerivativeMean ;
                    afo:value 3.704242e-01 ],
                [ a essentia:SecondDerivativeVariance ;
                    afo:value 2.925352e-01 ],
                [ a essentia:DerivativeVariance ;
                    afo:value 1.237676e-01 ] ] .

_:1b343152-6bc0-45e6-a2ba-78ef4d3c8fc7 a essentia:Variance ;
    afo:value 3.120356e+00 .

_:1b553d87-6868-4705-bdf4-7579545503a7 a essentia:Maximum ;
    afo:value 1.496334e+02 .

_:1b9c3486-cd15-4e0d-8c17-b5bfc1203f22 a essentia:SecondDerivativeVariance ;
    afo:value 3.192814e-06 .

_:1ba4a6bd-c612-4653-b918-45a741d43b6f a essentia:Mean ;
    afo:value 2.828935e+01 .

_:1bffc69a-d778-44ee-96e6-86a9b74cf8e0 rdf:first 7.667782e-06 ;
    rdf:rest ( 9.910786e-06 7.34632e-07 3.903264e-07 1.187666e-07 1.419695e-07 6.654573e-08 7.310206e-08 1.291036e-07 2.419359e-07 3.803903e-07 1.686057e-07 7.716672e-08 1.017921e-07 7.144732e-08 2.506368e-08 3.772139e-08 2.153634e-08 2.111301e-08 1.239336e-08 5.898289e-09 1.110674e-09 6.739374e-10 1.442936e-09 1.075011e-09 8.630276e-10 6.521342e-10 1.238477e-09 2.440076e-10 1.980498e-11 1.160322e-11 3.124783e-11 6.814446e-11 3.065925e-11 2.222324e-11 4.809729e-11 5.430705e-11 3.843371e-11 3.011097e-10 1.409311e-10 ) .

_:1c0ea71c-d269-44e2-919e-f44195ad35d7 a essentia:Mean ;
    afo:value 2.16712e+01 .

_:1c2d7bb8-db3c-4fbe-97a5-262da49a4949 rdf:first 6.640964e-02 ;
    rdf:rest ( 2.144823e-02 1.927021e-02 2.798178e-02 9.105667e-03 6.279152e-03 ) .

_:1cb9da70-6b24-48e3-b861-80c93c9639e2 a essentia:Maximum ;
    afo:values ( 1.752902e+00 2.306298e+01 4.640754e+01 5.470057e+01 7.159598e+01 1.291151e+02 2.41927e+02 1.779526e+02 2.997001e+02 5.006477e+02 7.145756e+02 1.271114e+03 1.584901e+03 2.297531e+03 2.13027e+03 2.431601e+03 2.014114e+03 1.352769e+03 1.348011e+03 1.933709e+03 1.257945e+03 4.678569e+02 4.328588e+02 4.065388e+02 9.425983e+02 6.774341e+02 4.56174e+02 1.542529e+02 3.448573e+02 2.624707e+02 1.89233e+02 2.735793e+02 1.393259e+02 1.230513e+02 4.71258e+01 9.894577e+00 1.623416e+00 6.576208e-01 1.577759e-02 4.361438e-04 ) .

_:1d63b7bf-7e9b-4af2-94fe-ea50b00e6e87 a essentia:Maximum ;
    afo:value 2.200618e-02 .

_:1d856207-4956-4676-9dc6-9ab2b45c9653 a essentia:Minimum ;
    afo:value -8.025528e-02 .

_:1d897fe6-1de8-47eb-8ccb-a966c279ad46 a essentia:Maximum ;
    afo:value 3.929454e+00 .

_:1daa6059-c42a-4fc5-89b7-8e7e06021da6 a essentia:Median ;
    afo:value 7.080078e-02 .

_:1dc58113-af2b-460d-b633-56e672702cc4 a essentia:Mean ;
    afo:value 5.400226e+06 .

_:1de2a788-e9c8-4fb3-abac-8006e96e6cfd a essentia:SecondDerivativeVariance ;
    afo:value 6.30635e-01 .

_:1e80d8f6-1192-42ef-a4d7-1ee0d86bc177 a essentia:Mean ;
    afo:value 1.323286e+01 .

_:1ed5f192-a291-4f28-9c34-5cba8a5ab6fd a essentia:Minimum ;
    afo:value 3.523035e-02 .

_:1f34eb03-c286-43bf-9fd0-454b07197e17 a essentia:DerivativeMean ;
    afo:value 1.808406e-02 .

_:200caea4-bc2b-42c7-a092-8abbf617692f a essentia:Variance ;
    afo:value 0 .

_:20191a8b-aaee-4d8d-9e57-8963da283756 a essentia:SecondDerivativeVariance ;
    afo:value 2.650037e-05 .

_:20653038-e041-4a21-b25b-1623c50101ff a essentia:Mean ;
    afo:values ( 6.968714e-02 9.872141e-01 3.045016e+00 5.90575e+00 6.673239e+00 6.55927e+00 1.032227e+01 1.301298e+01 1.028997e+01 1.463247e+01 2.229533e+01 3.992229e+01 5.83915e+01 5.334157e+01 3.999378e+01 5.564135e+01 5.318604e+01 5.055836e+01 5.159175e+01 4.074264e+01 2.611874e+01 1.683629e+01 1.936819e+01 2.555547e+01 2.224074e+01 3.093321e+01 1.037054e+01 3.185018e+00 3.34358e+00 4.77145e+00 4.071023e+00 4.102684e+00 5.050672e+00 4.51853e+00 1.064849e+00 3.647967e-01 1.105011e-01 2.286321e-02 6.995453e-04 5.282555e-05 ) .

_:2082754b-bd16-45b9-a748-d2a51e816f64 a essentia:SecondDerivativeMean ;
    afo:value 0 .

_:20b64722-e14d-40a7-8d2c-a652caf8cb59 a essentia:DerivativeMean ;
    afo:value 6.528052e+00 .

_:212d20a2-8734-40c4-9265-a16bb71eb6bd a essentia:SecondDerivativeMean ;
    afo:value 5.13197e+00 .

_:21746da3-fb45-4d4a-890f-942474c961f2 a essentia:Spread ;
    afo:feature _:01018530-2a44-43d2-87aa-deefc073d502,
        [ a essentia:SecondDerivativeMean ;
            afo:value 1.192316e+01 ],
        [ a essentia:SecondDerivativeVariance ;
            afo:value 2.126423e+02 ],
        [ a essentia:DerivativeMean ;
            afo:value 7.73384e+00 ],
        [ a essentia:Minimum ;
            afo:value 2.505611e+00 ],
        [ a essentia:Mean ;
            afo:value 3.133075e+01 ],
        [ a essentia:Variance ;
            afo:value 3.8228e+02 ],
        [ a essentia:DerivativeVariance ;
            afo:value 1.007748e+02 ],
        [ a essentia:Maximum ;
            afo:value 1.917572e+02 ] .

_:21b3b684-2779-4016-8e76-51bdc03cccd6 a essentia:Maximum ;
    afo:value 1.340237e-01 .

_:2225c3e7-5443-43dd-a2ca-a69f46f98c3c a essentia:BarkBands ;
    event:time _:a45bcf2a-db82-4d19-93e3-fa1d7d49995c ;
    afo:computed_by _:LowLevelExtractor ;
    afo:feature [ a essentia:Kurtosis ;
            afo:feature _:080925c8-1364-45c5-bfea-cfb063e42774,
                _:0a9acc0a-685b-4158-8011-e5db1d018c99,
                [ a essentia:Median ;
                    afo:value 3.47592e-01 ],
                [ a essentia:Mean ;
                    afo:value 1.540721e+00 ],
                [ a essentia:SecondDerivativeVariance ;
                    afo:value 1.38967e+01 ],
                [ a essentia:Minimum ;
                    afo:value -1.919766e+00 ],
                [ a essentia:DerivativeMean ;
                    afo:value 1.525509e+00 ],
                [ a essentia:Variance ;
                    afo:value 1.305933e+01 ],
                [ a essentia:Maximum ;
                    afo:value 4.476009e+01 ] ] .

_:22947626-2183-4a04-af3c-c056ae07031c rdf:first 13 ;
    rdf:rest ( 13 ) .

_:22a3c9bb-b373-4d9c-83a0-c1a3a68ff190 a essentia:Median ;
    afo:value 3.157895e-01 .

_:246a59f1-04f5-4d44-a8f5-904a2c2120c5 a essentia:Minimum ;
    afo:value 1 .

_:24a82523-9354-426b-8965-d42b71dab384 a essentia:Variance ;
    afo:value 1.986445e+00 .

_:24b64faa-b3d7-4b0c-b40c-acf3fd6d1041 rdf:first -3.439056e-01 ;
    rdf:rest ( -4.364568e-01 -4.349146e-01 -5.037581e-01 -5.472879e-01 -6.561136e-01 ) .

_:2508d5bd-0972-4be1-aa88-c4fe20d8695e a essentia:SecondDerivativeVariance ;
    afo:value 4.856675e+00 .

_:2541a9d1-be74-4696-b86f-7ec8a88d4ba6 rdf:first 1 ;
    rdf:rest ( 6.578941e-01 1.879127e-01 1.192171e-01 1.034566e-01 2.005735e-01 3.459737e-01 2.908857e-01 2.013788e-01 2.041496e-01 1.807381e-01 2.964801e-01 3.934827e-01 2.637081e-01 3.547171e-01 5.157735e-01 3.266853e-01 1.403058e-01 1.20528e-01 1.338406e-01 3.663689e-01 6.384981e-01 4.438753e-01 1.670884e-01 1.333957e-01 1.328395e-01 1.747768e-01 2.392004e-01 2.125486e-01 2.517998e-01 3.65436e-01 2.705008e-01 2.026121e-01 2.584193e-01 2.330648e-01 5.657784e-01 ) .

_:26f7938b-0329-4b9d-9b7e-ca22cdde8683 rdf:first 6.039188e-01 ;
    rdf:rest ( 2.387451e-01 2.728756e-01 3.039878e-01 1.578368e-01 1.260586e-01 ) .

_:28720edf-7df0-477b-8d3a-12b9235d8cbf a essentia:MFCC ;
    event:time _:a45bcf2a-db82-4d19-93e3-fa1d7d49995c ;
    afo:computed_by _:LowLevelExtractor ;
    afo:feature [ a essentia:Mean ;
            afo:values ( -6.33058e+02 1.113365e+02 -3.909134e+00 6.606833e+00 1.34541e+01 -2.974401e+00 9.252341e+00 -4.445839e+00 -8.372334e+00 7.790391e+00 -3.456586e+00 -6.798331e+00 -1.611647e+00 ) ],
        [ a essentia:InverseCovariance ;
            afo:dimensions ( 13 13 ) ;
            afo:values ( 1.293074e-04 1.384568e-05 5.273683e-06 -6.641253e-05 -2.130786e-05 5.842467e-05 -2.160661e-04 -1.466712e-04 -1.33036e-04 -6.105899e-05 2.102899e-05 1.280199e-04 -4.307819e-05 1.384568e-05 1.044829e-03 5.348644e-04 -3.990853e-04 -5.283682e-04 1.229617e-04 -3.379495e-04 1.019316e-04 3.318022e-04 1.035972e-04 -6.607492e-04 -2.705611e-05 2.924757e-04 5.273683e-06 5.348644e-04 2.338842e-03 -3.16205e-04 -7.962351e-04 -6.215825e-04 1.571522e-04 -3.160886e-04 2.665028e-05 -7.451444e-05 -1.553307e-03 -1.230795e-04 -1.980713e-04 -6.641253e-05 -3.990853e-04 -3.16205e-04 4.511862e-03 -3.349098e-04 -3.323957e-04 5.826246e-04 -2.203221e-04 -9.402172e-04 -1.164449e-03 4.916759e-04 -2.30258e-03 4.386591e-04 -2.130786e-05 -5.283682e-04 -7.962351e-04 -3.349098e-04 6.200077e-03 -1.338648e-03 1.099932e-03 3.375739e-04 -1.19835e-03 -1.194871e-03 4.398135e-04 -1.381925e-04 -1.46143e-03 5.842467e-05 1.229617e-04 -6.215825e-04 -3.323957e-04 -1.338648e-03 7.681833e-03 -2.08445e-03 2.901206e-04 -1.578949e-03 2.554385e-03 -2.396803e-03 9.389799e-05 1.003381e-03 -2.160661e-04 -3.379495e-04 1.571522e-04 5.826246e-04 1.099932e-03 -2.08445e-03 6.683046e-03 -3.480632e-03 1.770572e-03 -2.855298e-03 -4.260962e-04 9.17608e-04 -2.059219e-03 -1.466712e-04 1.019316e-04 -3.160886e-04 -2.203221e-04 3.375739e-04 2.901206e-04 -3.480632e-03 1.299306e-02 -4.756233e-03 5.56998e-04 -6.254732e-04 -7.627751e-04 -6.930583e-04 -1.33036e-04 3.318022e-04 2.665028e-05 -9.402172e-04 -1.19835e-03 -1.578949e-03 1.770572e-03 -4.756233e-03 1.074638e-02 -3.832269e-04 -1.10828e-03 5.665026e-04 -2.798252e-04 -6.105899e-05 1.035972e-04 -7.451444e-05 -1.164449e-03 -1.194871e-03 2.554385e-03 -2.855298e-03 5.56998e-04 -3.832269e-04 7.853535e-03 -2.632288e-04 -2.172557e-04 1.504928e-03 2.102899e-05 -6.607492e-04 -1.553307e-03 4.916759e-04 4.398135e-04 -2.396803e-03 -4.260962e-04 -6.254732e-04 -1.10828e-03 -2.632288e-04 1.145101e-02 -1.558226e-03 -5.373052e-04 1.280199e-04 -2.705611e-05 -1.230795e-04 -2.30258e-03 -1.381925e-04 9.389799e-05 9.17608e-04 -7.627751e-04 5.665026e-04 -2.172557e-04 -1.558226e-03 1.222361e-02 -2.941497e-03 -4.307819e-05 2.924757e-04 -1.980713e-04 4.386591e-04 -1.46143e-03 1.003381e-03 -2.059219e-03 -6.930583e-04 -2.798252e-04 1.504928e-03 -5.373052e-04 -2.941497e-03 1.320489e-02 ) ],
        [ a essentia:Covariance ;
            afo:dimensions ( 13 13 ) ;
            afo:values ( 9.598835e+03 -3.137408e+01 1.043378e+02 1.638777e+02 5.82023e+01 6.236068e+01 5.775959e+02 3.423536e+02 2.278844e+02 2.667986e+02 6.28742e+01 -6.409745e+01 1.005769e+02 -3.137408e+01 1.191719e+03 -2.311936e+02 9.169964e+01 5.801495e+01 -1.644917e+01 5.22682e+01 -1.453899e+01 -3.686373e+01 3.262865e+01 2.743198e+01 1.533623e+01 -1.792074e+01 1.043378e+02 -2.311936e+02 6.384684e+02 6.216208e+01 1.020416e+02 1.212765e+02 1.214561e+01 5.374112e+01 7.332461e+01 -2.507499e+00 1.09082e+02 3.796243e+01 3.450026e+01 1.638777e+02 9.169964e+01 6.216208e+01 2.928519e+02 5.499623e+01 2.062283e+01 -5.688587e+00 2.345101e+01 4.562234e+01 4.565893e+01 1.775076e+01 5.857917e+01 4.105329e+00 5.82023e+01 5.801495e+01 1.020416e+02 5.499623e+01 2.109475e+02 5.004105e+01 -1.367153e+01 1.26888e+01 4.49912e+01 1.83192e+01 2.5971e+01 2.142077e+01 2.138046e+01 6.236068e+01 -1.644917e+01 1.212765e+02 2.062283e+01 5.004105e+01 2.017443e+02 4.706533e+01 3.545101e+01 5.108237e+01 -3.569553e+01 6.450107e+01 1.000666e+01 1.111478e+01 5.775959e+02 5.22682e+01 1.214561e+01 -5.688587e+00 -1.367153e+01 4.706533e+01 2.738267e+02 8.175971e+01 8.779271e+00 7.417519e+01 3.169403e+01 -9.755306e+00 3.385012e+01 3.423536e+02 -1.453899e+01 5.374112e+01 2.345101e+01 1.26888e+01 3.545101e+01 8.175971e+01 1.279371e+02 6.021672e+01 1.784615e+01 3.040116e+01 9.828499e+00 2.230977e+01 2.278844e+02 -3.686373e+01 7.332461e+01 4.562234e+01 4.49912e+01 5.108237e+01 8.779271e+00 6.021672e+01 1.41983e+02 4.735358e+00 3.399216e+01 1.106569e+01 1.308878e+01 2.667986e+02 3.262865e+01 -2.507499e+00 4.565893e+01 1.83192e+01 -3.569553e+01 7.417519e+01 1.784615e+01 4.735358e+00 1.767877e+02 -4.469424e-01 3.939517e+00 -3.351421e+00 6.28742e+01 2.743198e+01 1.09082e+02 1.775076e+01 2.5971e+01 6.450107e+01 3.169403e+01 3.040116e+01 3.399216e+01 -4.469424e-01 1.250938e+02 2.131731e+01 1.576522e+01 -6.409745e+01 1.533623e+01 3.796243e+01 5.857917e+01 2.142077e+01 1.000666e+01 -9.755306e+00 9.828499e+00 1.106569e+01 3.939517e+00 2.131731e+01 1.030817e+02 2.22948e+01 1.005769e+02 -1.792074e+01 3.450026e+01 4.105329e+00 2.138046e+01 1.111478e+01 3.385012e+01 2.230977e+01 1.308878e+01 -3.351421e+00 1.576522e+01 2.22948e+01 9.107417e+01 ) ] .

_:29111a04-cbf1-4e17-8809-7ee248a3a270 a essentia:Median ;
    afo:values ( 2.844829e-04 7.171302e-04 8.265738e-04 3.175569e-04 2.305541e-04 1.793865e-04 9.008819e-05 7.761685e-05 7.739862e-05 8.140704e-05 4.979058e-05 4.656492e-05 3.753226e-05 3.53912e-05 5.373433e-05 4.043085e-05 3.835885e-05 3.839654e-05 2.677051e-05 1.736998e-05 1.014695e-05 9.747117e-06 7.720122e-06 9.133084e-06 1.012126e-05 7.861008e-06 8.002553e-06 7.762406e-06 3.032153e-06 9.148815e-07 7.438666e-07 6.35281e-07 8.160308e-07 9.943266e-07 8.148967e-07 1.118378e-06 7.659427e-07 1.031781e-06 1.172767e-06 8.093733e-07 ) .

_:292e9938-2e7b-482c-93c5-185eccf9d94e a essentia:Variance ;
    afo:values ( 1.15297e-01 4.981337e-02 1.51598e-02 1.344597e-02 1.286677e-02 4.126764e-02 1.011391e-01 5.135535e-02 2.040193e-02 1.924239e-02 2.052789e-02 2.463995e-02 4.506736e-02 3.381366e-02 3.655557e-02 8.466863e-02 4.935226e-02 2.901573e-02 4.990889e-02 3.363938e-02 6.338049e-02 1.613339e-01 8.173956e-02 2.542022e-02 1.821323e-02 1.483474e-02 2.483651e-02 5.653467e-02 4.465437e-02 3.018705e-02 3.890156e-02 2.662342e-02 4.595516e-02 7.931584e-02 3.128753e-02 6.197098e-02 ) .

_:29779721-e17e-4ae4-b87a-c05d0fb14603 a essentia:Maximum ;
    afo:values _:24b64faa-b3d7-4b0c-b40c-acf3fd6d1041 .

_:29d7fafe-6552-4a0e-bcd4-7127dd4940c4 a essentia:DerivativeVariance ;
    afo:value 8.391196e+00 .

_:29e0d41b-e9c6-41ef-9ea7-8f5b0d621b23 a essentia:SecondDerivativeMean ;
    afo:value 6.645503e-01 .

_:29fb891c-179c-4f63-a362-2e82a9803e9d a essentia:SecondPeakSpread ;
    event:time _:a45bcf2a-db82-4d19-93e3-fa1d7d49995c ;
    afo:computed_by _:LowLevelExtractor ;
    afo:feature _:22a3c9bb-b373-4d9c-83a0-c1a3a68ff190,
        [ a essentia:DerivativeMean ;
            afo:value 0 ],
        [ a essentia:Variance ;
            afo:value 0 ],
        [ a essentia:DerivativeVariance ;
            afo:value 0 ],
        [ a essentia:Minimum ;
            afo:value 3.157895e-01 ],
        [ a essentia:Mean ;
            afo:value 3.157895e-01 ],
        [ a essentia:SecondDerivativeVariance ;
            afo:value 0 ],
        [ a essentia:SecondDerivativeMean ;
            afo:value 0 ],
        [ a essentia:Maximum ;
            afo:value 3.157895e-01 ] .

_:2adb1832-1a29-4652-86af-74542642aab9 rdf:first 1.934012e-05 ;
    rdf:rest ( 3.748652e-03 2.684193e-03 2.366409e-03 1.880661e-03 1.651535e-03 8.728898e-04 6.98622e-04 1.842593e-03 2.057837e-03 8.221873e-04 1.40091e-03 1.131104e-03 1.015609e-03 9.290658e-04 4.952541e-04 3.030712e-04 4.131923e-04 4.368249e-04 6.169311e-04 1.100657e-04 1.10524e-04 1.447471e-04 2.563794e-04 2.733715e-04 7.13436e-05 4.22115e-06 ) .

_:2b437c34-4edf-498d-bec4-27b769b796d3 a essentia:SecondDerivativeMean ;
    afo:value 1.167992e+00 .

_:2b43e4f1-4b4d-4205-a3b6-5056acc89bb8 a essentia:DerivativeVariance ;
    afo:values ( 3.335715e-09 5.00672e-05 6.422205e-06 1.860917e-06 2.128733e-06 1.419144e-06 7.432416e-07 1.17294e-06 4.869016e-06 7.340777e-06 2.447758e-06 3.029868e-06 2.197708e-06 1.801311e-06 1.608907e-06 7.225536e-07 1.33611e-07 1.696608e-07 2.077668e-07 2.719765e-07 2.049029e-08 5.427459e-08 4.139501e-08 1.328463e-07 2.425243e-07 1.390903e-08 9.168176e-11 ) .

_:2b8446ad-269b-42b5-bc2a-4d01ce0f194d a essentia:Median ;
    afo:value 2.405515e+01 .

_:2c34a105-8876-41b2-81f6-8ad8f4f81f59 rdf:first 3.218334e-06 ;
    rdf:rest ( 4.868319e-06 1.040226e-06 2.523745e-07 1.507404e-07 1.278049e-07 5.437187e-08 7.542547e-08 1.697953e-07 2.284987e-07 7.321792e-07 3.890068e-07 1.79812e-07 2.250301e-07 1.066424e-07 3.575834e-08 3.825793e-08 2.487011e-08 1.426165e-08 8.575056e-09 5.181073e-09 7.566883e-10 5.635328e-10 1.26062e-09 9.141284e-10 1.157064e-09 7.258417e-10 1.302634e-09 2.567252e-10 2.27232e-11 1.190575e-11 2.545599e-11 5.251709e-11 2.632486e-11 1.281145e-11 3.837724e-11 4.590473e-11 3.915392e-11 1.195437e-10 6.015669e-11 ) .

_:2e9a1893-8ece-4cf5-bb7f-d34f978ff847 a essentia:Minimum ;
    afo:value 6.347656e-03 .

_:2fbf3d98-9bb4-49d7-8292-5e924850668d a essentia:SecondDerivativeVariance ;
    afo:value 5.771375e-04 .

_:305e59db-354b-4bf1-a6c4-804034421118 a essentia:Maximum ;
    afo:value 5.976322e+00 .

_:30e62f41-f61e-444b-a6e7-0cd87770b2c2 rdf:first 5.688889e-01 ;
    rdf:rest ( 1.149388e+00 1.718277e+00 2.287165e+00 2.867664e+00 3.436553e+00 3.982222e+00 4.527891e+00 5.06195e+00 5.596009e+00 6.130068e+00 6.664127e+00 7.209796e+00 7.755465e+00 8.289524e+00 8.823583e+00 9.357641e+00 9.891701e+00 1.042576e+01 1.095982e+01 1.149388e+01 1.202794e+01 1.2562e+01 1.309605e+01 1.363011e+01 1.416417e+01 1.469823e+01 1.52439e+01 1.578957e+01 1.632363e+01 1.685769e+01 1.739175e+01 1.79258e+01 1.845986e+01 1.899392e+01 1.952798e+01 2.006204e+01 2.05961e+01 2.113016e+01 2.166422e+01 2.220989e+01 2.274395e+01 2.328961e+01 2.382367e+01 2.435773e+01 2.489179e+01 2.542585e+01 2.595991e+01 2.649397e+01 2.702803e+01 2.756209e+01 2.809614e+01 2.864181e+01 2.918748e+01 2.972154e+01 3.02556e+01 3.078966e+01 3.132372e+01 3.185778e+01 3.239183e+01 3.29259e+01 3.345995e+01 3.399401e+01 3.452807e+01 3.506213e+01 3.559619e+01 3.613025e+01 3.666431e+01 3.719837e+01 3.773243e+01 3.826648e+01 3.880054e+01 3.934621e+01 3.989188e+01 4.042594e+01 4.096e+01 4.149406e+01 4.202812e+01 4.256218e+01 4.309623e+01 4.36419e+01 4.417596e+01 4.472163e+01 4.525569e+01 4.578975e+01 4.63122e+01 4.684626e+01 4.736871e+01 4.792599e+01 4.846004e+01 4.898249e+01 4.950494e+01 5.005061e+01 5.059628e+01 5.113034e+01 5.16644e+01 5.219846e+01 5.273252e+01 5.326657e+01 5.380063e+01 5.43463e+01 5.488036e+01 5.541442e+01 5.594848e+01 5.649415e+01 5.702821e+01 5.756227e+01 5.809632e+01 5.863038e+01 5.916444e+01 5.96985e+01 6.023256e+01 6.077823e+01 6.13239e+01 6.185796e+01 6.239202e+01 6.292607e+01 6.346014e+01 6.399419e+01 6.452825e+01 6.507392e+01 6.560798e+01 6.615365e+01 6.668771e+01 6.722177e+01 6.775583e+01 6.828989e+01 6.882394e+01 6.9358e+01 6.989206e+01 7.042612e+01 7.096018e+01 7.149424e+01 7.20283e+01 7.256236e+01 7.309641e+01 7.364208e+01 7.417615e+01 7.472181e+01 7.525587e+01 7.578993e+01 7.632399e+01 7.685805e+01 7.739211e+01 7.792616e+01 7.846023e+01 7.899429e+01 7.952834e+01 8.00624e+01 8.059646e+01 8.114213e+01 8.167619e+01 8.222186e+01 8.275592e+01 8.328998e+01 8.382404e+01 8.435809e+01 8.489215e+01 8.542621e+01 8.596027e+01 8.649433e+01 8.702839e+01 8.755083e+01 8.80965e+01 8.864217e+01 8.916463e+01 8.969868e+01 9.023274e+01 9.077841e+01 9.131247e+01 9.185814e+01 9.23922e+01 9.292625e+01 9.346032e+01 9.399438e+01 9.452843e+01 9.506249e+01 9.559655e+01 9.613061e+01 9.666467e+01 9.719873e+01 9.773279e+01 9.826685e+01 9.88009e+01 9.934657e+01 9.989224e+01 1.004263e+02 1.009604e+02 1.014944e+02 1.020285e+02 1.025858e+02 1.031198e+02 1.036539e+02 1.041763e+02 1.047104e+02 1.052328e+02 1.057785e+02 1.063242e+02 1.068582e+02 1.073923e+02 1.079263e+02 1.084604e+02 1.089945e+02 1.095169e+02 1.100626e+02 1.105966e+02 1.111307e+02 1.116648e+02 1.121988e+02 1.127329e+02 1.132669e+02 1.13801e+02 1.143583e+02 1.148923e+02 1.154264e+02 1.159604e+02 1.164945e+02 1.170286e+02 1.175626e+02 1.180967e+02 1.186307e+02 1.191648e+02 1.196989e+02 1.202329e+02 1.20767e+02 1.213127e+02 1.218467e+02 1.223808e+02 1.229264e+02 1.234605e+02 1.239946e+02 1.245286e+02 1.250627e+02 1.255967e+02 1.261308e+02 1.266648e+02 1.271989e+02 1.27733e+02 1.28267e+02 1.288011e+02 1.293351e+02 1.298692e+02 1.304033e+02 1.309373e+02 1.31483e+02 1.320287e+02 1.325627e+02 1.330968e+02 1.336308e+02 1.341649e+02 1.34699e+02 1.35233e+02 1.357671e+02 1.363127e+02 1.368584e+02 1.373925e+02 1.379265e+02 1.384606e+02 1.389946e+02 1.395287e+02 1.400628e+02 1.405968e+02 1.411309e+02 1.416649e+02 1.42199e+02 1.427331e+02 1.432787e+02 1.438244e+02 1.443585e+02 1.448925e+02 1.454266e+02 1.459606e+02 1.464831e+02 1.470171e+02 1.475512e+02 1.480737e+02 1.486309e+02 1.491766e+02 1.497106e+02 1.502331e+02 1.507672e+02 1.513012e+02 1.518353e+02 1.523693e+02 1.52915e+02 1.534607e+02 1.539947e+02 1.545288e+02 1.550629e+02 1.555969e+02 1.56131e+02 1.566534e+02 1.571991e+02 1.577332e+02 1.582788e+02 1.588245e+02 1.593586e+02 1.598926e+02 1.604151e+02 1.609375e+02 1.614832e+02 1.620288e+02 1.625629e+02 1.63097e+02 1.63631e+02 1.641651e+02 1.647107e+02 1.652448e+02 1.657905e+02 1.663245e+02 1.668586e+02 1.673927e+02 1.679267e+02 1.684492e+02 1.689716e+02 1.695057e+02 1.700513e+02 1.70597e+02 1.711311e+02 1.716651e+02 1.722108e+02 1.727565e+02 1.732905e+02 1.738246e+02 1.743586e+02 1.748927e+02 1.754268e+02 1.759608e+02 1.764949e+02 1.770289e+02 1.77563e+02 1.780854e+02 1.786311e+02 1.791652e+02 1.797108e+02 1.802449e+02 1.807906e+02 1.813246e+02 1.818587e+02 1.823927e+02 1.829268e+02 1.834609e+02 1.839949e+02 1.84529e+02 1.85063e+02 1.855971e+02 1.861311e+02 1.866652e+02 1.872109e+02 1.877565e+02 1.882906e+02 1.888247e+02 1.893819e+02 1.899392e+02 1.905662e+02 1.911931e+02 1.917736e+02 1.923425e+02 1.929114e+02 1.934803e+02 1.940492e+02 1.946297e+02 1.952102e+02 1.957906e+02 1.963595e+02 1.969284e+02 1.974973e+02 1.980662e+02 1.986351e+02 1.99204e+02 ) .

_:315acf88-26d5-4781-9f12-6f9c3e264501 a essentia:SecondDerivativeMean ;
    afo:value 1.299521e+01 .

_:31942af8-331c-4c2b-a936-5e1c5f04e0f0 a essentia:SecondDerivativeMean ;
    afo:value 3.975092e+00 .

_:3198f8a9-b911-48bb-8a16-57d920ba58d9 a essentia:Mean ;
    afo:value 7.71059e-03 .

_:333a248f-bad8-4030-a4b7-c5c1b4ee8a19 a essentia:Median ;
    afo:value 1.518715e+03 .

_:338159ec-6488-4368-b489-fefce568ea74 a essentia:SecondDerivativeMean ;
    afo:value 5.089929e-03 .

_:33ac1ea1-0f6c-483a-9c63-3ca7971c342f a essentia:Minimum ;
    afo:value 1 .

_:345d9adb-a2e6-49b9-a789-4b8dadbeaa83 a essentia:DerivativeVariance ;
    afo:value 0 .

_:352cae0f-8e67-4c49-bfdf-5927f43d1179 a essentia:Skewness ;
    event:time _:a45bcf2a-db82-4d19-93e3-fa1d7d49995c ;
    afo:computed_by _:LowLevelExtractor ;
    afo:feature _:183f727f-558f-4b31-b551-6c39488c76ce,
        _:1d856207-4956-4676-9dc6-9ab2b45c9653,
        [ a essentia:SecondDerivativeVariance ;
            afo:value 2.120749e-01 ],
        [ a essentia:Median ;
            afo:value 1.600137e+00 ],
        [ a essentia:DerivativeMean ;
            afo:value 2.209657e-01 ],
        [ a essentia:Mean ;
            afo:value 1.634677e+00 ],
        [ a essentia:DerivativeVariance ;
            afo:value 8.231134e-02 ],
        [ a essentia:Maximum ;
            afo:value 6.943429e+00 ],
        [ a essentia:SecondDerivativeMean ;
            afo:value 3.432586e-01 ] .

_:361a5465-c52d-4c8a-985e-c6b0e943ded9 a essentia:NonTemperedEnergyRatio ;
    event:time _:a45bcf2a-db82-4d19-93e3-fa1d7d49995c ;
    afo:value 6.398123e-01 .

_:364972d0-098f-4b51-8257-9d3770c40b68 a essentia:DerivativeVariance ;
    afo:value 7.378229e-03 .

_:367493af-41cd-46df-aa20-315f1630938a a essentia:Kurtosis ;
    afo:feature _:08a850e4-d51d-4b5e-8ede-d5d193a9a60d,
        _:0bc7eb08-4db4-4eea-9844-3085c1c434b8,
        _:0e0a1568-52c1-4a80-a388-790b328e8180,
        _:2508d5bd-0972-4be1-aa88-c4fe20d8695e,
        [ a essentia:Minimum ;
            afo:value -1.782307e+00 ],
        [ a essentia:SecondDerivativeMean ;
            afo:value 1.481003e+00 ],
        [ a essentia:Median ;
            afo:value -2.050781e-02 ],
        [ a essentia:Mean ;
            afo:value 6.532625e-01 ],
        [ a essentia:DerivativeMean ;
            afo:value 9.214988e-01 ] .

_:369ed730-74b4-4298-a526-484c776feaf0 a essentia:SecondDerivativeMean ;
    afo:value 0 .

