@prefix afo: <https://w3id.org/afo/onto/1.1#> .
@prefix dc: <http://purl.org/dc/elements/1.1/> .
@prefix essentia: <http://sovarr.c4dm.eecs.qmul.ac.uk/af/essentia/> .
@prefix event: <http://purl.org/NET/c4dm/event.owl#> .
@prefix foaf: <http://xmlns.com/foaf/0.1/> .
@prefix mo: <http://purl.org/ontology/mo/> .
@prefix rdf: <http://www.w3.org/1999/02/22-rdf-syntax-ns#> .
@prefix rdfs: <http://www.w3.org/2000/01/rdf-schema#> .
@prefix tl: <http://purl.org/NET/c4dm/timeline.owl#> .
@prefix xml: <http://www.w3.org/XML/1998/namespace> .
@prefix xsd: <http://www.w3.org/2001/XMLSchema#> .

<http://musicbrainz.org/release/7bb46af7-0287-4612-8f4c-60b2db6da741> a mo:Release ;
    dc:date "2008" ;
    dc:title "Vart tog alla roliga kompisarna vägen?" ;
    mo:catalogue_number "BRCD005" ;
    mo:publisher [ a mo:Label ;
            foaf:name "Buzzbox Records" ] ;
    mo:publishing_location "SE" ;
    mo:release_status mo:official ;
    mo:release_type mo:album ;
    mo:track <http://musicbrainz.org/recording/d63ec1e1-abdd-492e-ab62-afd2bf10eb6b> ;
    essentia:barcode "7320470093344" ;
    foaf:maker <http://musicbrainz.org/artist/dbc9f5db-d006-4dd9-b3cf-3fb49dbac62e> .

<07+Till+Gullmarsplan.mp3> a mo:AudioFile ;
    mo:encodes [ a essentia:Signal ;
            mo:sample_rate "44100"^^xsd:interger ;
            mo:time _:08a846eb-f381-4667-8246-e5b2559a1d75 ;
            essentia:bit_rate "128000"^^xsd:float ;
            essentia:codec "mp3"^^xsd:string ;
            essentia:downmix "mix"^^xsd:string ;
            essentia:equal_loudness "0"^^xsd:float ;
            essentia:lossless false ;
            essentia:md5_encoded "4ee2a9d7220fdd4d79ba0109571198cf"^^xsd:string ;
            essentia:replay_gain "-14.3131809235"^^xsd:float ] .

<http://musicbrainz.org/artist/dbc9f5db-d006-4dd9-b3cf-3fb49dbac62e> a mo:MusicArtist ;
    foaf:name "Sällskapsresan" .

<http://musicbrainz.org/recording/d63ec1e1-abdd-492e-ab62-afd2bf10eb6b> a mo:Track ;
    dc:title "Till Gullmarsplan" ;
    mo:available_as <07+Till+Gullmarsplan.mp3> ;
    mo:genre [ a mo:Genre ;
            rdfs:label "Okänd" ] ;
    mo:track_number "7/9" .

[] a essentia:VersionInfo .

_:00178046-509b-482e-b0b4-bc6a017ca14e a essentia:SecondDerivativeVariance ;
    afo:value 1.235014e+02 .

_:011ab363-f058-4310-9c38-1a46b2f602a9 a essentia:MelBands ;
    event:time _:08a846eb-f381-4667-8246-e5b2559a1d75 ;
    afo:computed_by _:LowLevelExtractor ;
    afo:feature [ a essentia:SecondDerivativeMean ;
            afo:values ( 2.193416e-03 2.454394e-03 1.762756e-03 1.998617e-03 6.486936e-04 3.865552e-04 3.068501e-04 3.76637e-04 4.265308e-04 2.882739e-04 2.030836e-04 1.561705e-04 1.097901e-04 8.422884e-05 7.2268e-05 5.837146e-05 7.261724e-05 4.528588e-05 3.451134e-05 3.680875e-05 3.332902e-05 2.859711e-05 3.4499e-05 2.2892e-05 1.475125e-05 1.315991e-05 1.066741e-05 8.079013e-06 6.066535e-06 4.127948e-06 3.374214e-06 2.652146e-06 2.557332e-06 2.349492e-06 2.146039e-06 1.78012e-06 1.638844e-06 1.435601e-06 1.370774e-06 1.092904e-06 ) ],
        [ a essentia:DerivativeMean ;
            afo:values ( 1.287032e-03 1.469422e-03 9.825893e-04 1.169998e-03 3.861846e-04 2.299108e-04 1.907157e-04 2.378838e-04 2.765569e-04 1.847313e-04 1.3219e-04 1.094287e-04 7.360621e-05 5.428041e-05 4.725968e-05 3.832028e-05 4.701705e-05 2.920175e-05 2.232731e-05 2.308039e-05 2.096743e-05 1.786207e-05 2.135089e-05 1.408733e-05 9.135547e-06 8.08871e-06 6.499536e-06 4.870344e-06 3.594106e-06 2.477635e-06 2.06805e-06 1.673273e-06 1.650044e-06 1.554048e-06 1.421435e-06 1.173721e-06 1.070038e-06 9.422707e-07 8.953473e-07 7.224471e-07 ) ],
        [ a essentia:Maximum ;
            afo:values ( 1.872744e-02 2.46002e-02 1.024502e-02 1.869868e-02 6.644602e-03 6.392689e-03 8.676264e-03 7.134669e-03 1.039145e-02 7.946438e-03 6.699385e-03 7.223231e-03 4.827321e-03 2.329526e-03 2.522003e-03 2.483629e-03 2.702676e-03 2.347989e-03 1.398041e-03 1.288671e-03 1.112978e-03 5.539615e-04 3.902351e-04 3.873017e-04 1.737645e-04 1.161146e-04 1.453515e-04 8.205033e-05 1.24468e-04 6.860669e-05 6.780672e-05 7.750123e-05 9.379228e-05 9.772216e-05 9.145308e-05 9.828925e-05 6.186642e-05 8.667375e-05 8.990055e-05 1.128696e-04 ) ],
        [ a essentia:DerivativeVariance ;
            afo:values ( 4.793674e-06 4.107623e-06 2.089865e-06 4.166009e-06 3.55621e-07 1.431989e-07 1.522954e-07 2.516382e-07 3.276029e-07 1.394026e-07 8.785779e-08 7.871328e-08 4.394347e-08 1.950157e-08 1.572698e-08 8.88463e-09 1.316008e-08 5.207164e-09 1.751142e-09 1.708246e-09 1.548402e-09 5.65229e-10 8.080717e-10 3.518711e-10 1.339488e-10 9.771019e-11 6.900888e-11 3.932771e-11 3.270023e-11 1.304876e-11 9.094928e-12 6.689362e-12 8.661709e-12 8.845593e-12 9.133715e-12 6.794232e-12 5.063067e-12 6.572529e-12 1.128626e-11 9.203372e-12 ) ],
        [ a essentia:Variance ;
            afo:values ( 4.594508e-06 6.847245e-06 1.614461e-06 3.4364e-06 3.942318e-07 1.815199e-07 2.693878e-07 5.06821e-07 8.469917e-07 3.699421e-07 1.953831e-07 2.252918e-07 9.549036e-08 3.497617e-08 2.767202e-08 1.73037e-08 3.080679e-08 9.86262e-09 3.925833e-09 4.033499e-09 5.00014e-09 1.748906e-09 1.975645e-09 9.725987e-10 3.959147e-10 2.81201e-10 1.811412e-10 9.338948e-11 4.810185e-11 2.102459e-11 1.609409e-11 1.293731e-11 1.69408e-11 1.944858e-11 1.968491e-11 1.387775e-11 1.174366e-11 1.412924e-11 1.587156e-11 9.925742e-12 ) ],
        [ a essentia:Median ;
            afo:values ( 1.190482e-03 2.068954e-03 7.436454e-04 4.232198e-04 2.419556e-04 1.76723e-04 1.514388e-04 1.194577e-04 1.48838e-04 9.930808e-05 8.107661e-05 5.700703e-05 2.77186e-05 2.961427e-05 2.353597e-05 2.108129e-05 2.845757e-05 2.274122e-05 2.221072e-05 2.331414e-05 2.262143e-05 2.68687e-05 2.902167e-05 2.059875e-05 1.455003e-05 1.366501e-05 1.073474e-05 7.466929e-06 5.593449e-06 4.048912e-06 3.289856e-06 2.572012e-06 2.003596e-06 1.848406e-06 1.762537e-06 1.598685e-06 1.364711e-06 1.002011e-06 7.77036e-07 6.662519e-07 ) ],
        [ a essentia:Minimum ;
            afo:values ( 8.548444e-16 2.565365e-16 1.470303e-16 1.977467e-16 2.192754e-16 1.230797e-16 1.581426e-16 3.481753e-16 3.559789e-16 6.854399e-17 8.169087e-18 2.04595e-17 1.798367e-17 3.491764e-17 1.022519e-16 1.813963e-16 1.948951e-16 1.764553e-16 1.207326e-16 1.157125e-16 2.347877e-16 7.545847e-17 2.26896e-16 1.66673e-16 4.592207e-17 7.440352e-17 8.886264e-17 1.888986e-16 2.173523e-16 1.432585e-16 1.129407e-16 1.357477e-16 1.254273e-16 9.764402e-17 1.996804e-17 2.370589e-17 1.027338e-16 1.097783e-16 1.762216e-16 1.375745e-16 ) ],
        [ a essentia:SecondDerivativeVariance ;
            afo:values ( 1.28134e-05 1.138264e-05 5.895104e-06 1.081647e-05 9.070838e-07 3.685507e-07 3.475268e-07 5.801808e-07 7.121842e-07 3.061694e-07 1.962784e-07 1.502211e-07 1.006173e-07 4.480006e-08 3.633517e-08 1.99466e-08 2.950693e-08 1.164846e-08 3.790729e-09 4.020158e-09 3.553418e-09 1.354829e-09 1.990945e-09 8.787092e-10 3.353486e-10 2.538997e-10 1.721493e-10 1.033478e-10 9.018337e-11 3.433828e-11 2.277934e-11 1.558864e-11 1.865329e-11 1.74085e-11 1.884243e-11 1.552695e-11 1.062627e-11 1.351115e-11 2.728125e-11 2.319389e-11 ) ],
        [ a essentia:Mean ;
            afo:values ( 1.816873e-03 2.934304e-03 1.141442e-03 1.08889e-03 4.678482e-04 3.145649e-04 2.993922e-04 3.762166e-04 4.842381e-04 3.071877e-04 2.26752e-04 1.938473e-04 1.218411e-04 8.563726e-05 7.373453e-05 6.294773e-05 8.744847e-05 5.187121e-05 4.282428e-05 4.382566e-05 4.416703e-05 4.042487e-05 4.399123e-05 3.029342e-05 2.069683e-05 1.837061e-05 1.444244e-05 1.028173e-05 7.216339e-06 4.99452e-06 4.120398e-06 3.328823e-06 2.975257e-06 2.851919e-06 2.681143e-06 2.372903e-06 2.190755e-06 1.844555e-06 1.538653e-06 1.186627e-06 ) ] .

_:012625d4-6e08-438c-933e-8063faaa530f a essentia:SecondDerivativeMean ;
    afo:value 0 .

_:017ebd21-37d5-4c20-9a99-902128b17252 a essentia:Mean ;
    afo:value 5.67725e-03 .

_:02080dc5-bc43-48b6-bdbf-c5756869eb51 a essentia:Minimum ;
    afo:value -2.147792e+00 .

_:0272a1e0-3cad-4181-9885-f7830194017e a essentia:SecondDerivativeMean ;
    afo:values ( 6.998976e-01 6.590514e-01 5.263646e-01 4.323862e-01 3.59432e-01 3.735742e-01 ) .

_:028cb6a4-0ad7-4011-a098-2a5cd6d6efae rdf:first 1.283255e-01 ;
    rdf:rest ( 1.278454e+00 2.620863e+00 4.55599e+00 1.380436e+01 1.430361e+01 1.168248e+01 9.652255e+00 1.217208e+01 2.03353e+01 3.286238e+01 3.043554e+01 2.633478e+01 2.621758e+01 1.994517e+01 1.862511e+01 1.819819e+01 2.327247e+01 1.661414e+01 1.611196e+01 1.566085e+01 1.593983e+01 1.57904e+01 1.02639e+01 9.128586e+00 7.01547e+00 4.745581e+00 3.465235e+00 2.761172e+00 2.682514e+00 2.263726e+00 1.688322e+00 1.297289e+00 8.499573e-01 4.098014e-01 1.650959e-01 5.75408e-02 1.174907e-02 3.075566e-04 1.905366e-05 ) .

_:03b36e7a-8fd8-440e-81e0-35c26f3c3f85 rdf:first 1.483633e-01 ;
    rdf:rest ( 2.043543e+00 5.500863e+00 5.64947e+00 1.231621e+01 1.421461e+01 1.371976e+01 1.320047e+01 1.914774e+01 3.232761e+01 5.77546e+01 5.269286e+01 4.723266e+01 4.810922e+01 3.406938e+01 3.22743e+01 3.029623e+01 4.534009e+01 3.264651e+01 3.326128e+01 3.650454e+01 4.03789e+01 3.899146e+01 2.716131e+01 2.331405e+01 1.6748e+01 1.061411e+01 7.629518e+00 5.853589e+00 5.167713e+00 4.56387e+00 3.714785e+00 2.637164e+00 1.488307e+00 7.542828e-01 3.366776e-01 1.127301e-01 1.909725e-02 4.840639e-04 5.760753e-05 ) .

_:0428b4f7-ba6d-4ee9-9f39-0b1d6019c742 a essentia:SecondDerivativeMean ;
    afo:value 0 .

_:0471f517-9858-4be3-aff5-8561ad69fb23 a essentia:Median ;
    afo:value 3.897712e+01 .

_:048a4728-a4c6-4927-9b98-21c90854d52b a essentia:Maximum ;
    afo:value 8.838093e-01 .

_:04e7f2b1-7dfd-4a17-bb0b-a4fe81f84185 a essentia:Maximum ;
    afo:value 1.093299e+02 .

_:0513a88f-4cd7-48f4-9487-55ffe060b90b a essentia:SecondDerivativeVariance ;
    afo:value 2.014574e+00 .

_:055786cb-a13e-4396-897f-aa80cfcd65e2 a essentia:PitchSalience ;
    event:time _:08a846eb-f381-4667-8246-e5b2559a1d75 ;
    afo:computed_by _:LowLevelExtractor ;
    afo:feature _:048a4728-a4c6-4927-9b98-21c90854d52b,
        [ a essentia:SecondDerivativeMean ;
            afo:value 1.459908e-01 ],
        [ a essentia:DerivativeVariance ;
            afo:value 6.892349e-03 ],
        [ a essentia:DerivativeMean ;
            afo:value 8.807479e-02 ],
        [ a essentia:Variance ;
            afo:value 1.192914e-02 ],
        [ a essentia:SecondDerivativeVariance ;
            afo:value 1.870915e-02 ],
        [ a essentia:Median ;
            afo:value 5.496287e-01 ],
        [ a essentia:Minimum ;
            afo:value 1.374057e-01 ],
        [ a essentia:Mean ;
            afo:value 5.467117e-01 ] .

_:05d8484d-433e-4a66-8ded-23376e05e165 a essentia:SecondDerivativeMean ;
    afo:value 8.501514e+02 .

_:06b1d111-1193-41e0-9b25-232d1a5786da a essentia:BeatsLoudness ;
    event:time _:08a846eb-f381-4667-8246-e5b2559a1d75 ;
    afo:computed_by _:LowLevelExtractor ;
    afo:feature [ a essentia:Minimum ;
            afo:value 1.51137e-10 ],
        [ a essentia:Variance ;
            afo:value 2.306711e-04 ],
        [ a essentia:SecondDerivativeMean ;
            afo:value 2.647299e-02 ],
        [ a essentia:DerivativeVariance ;
            afo:value 1.408836e-04 ],
        [ a essentia:DerivativeMean ;
            afo:value 1.537251e-02 ],
        [ a essentia:Mean ;
            afo:value 4.017075e-02 ],
        [ a essentia:SecondDerivativeVariance ;
            afo:value 3.759556e-04 ],
        [ a essentia:Maximum ;
            afo:value 8.288968e-02 ],
        [ a essentia:Median ;
            afo:value 3.841832e-02 ] .

_:0704cefc-6596-465c-842b-910f6d0eb5d6 a essentia:RMS ;
    event:time _:08a846eb-f381-4667-8246-e5b2559a1d75 ;
    afo:computed_by _:LowLevelExtractor ;
    afo:feature _:017ebd21-37d5-4c20-9a99-902128b17252,
        [ a essentia:DerivativeVariance ;
            afo:value 1.107579e-06 ],
        [ a essentia:Maximum ;
            afo:value 1.080223e-02 ],
        [ a essentia:Minimum ;
            afo:value 1.149792e-08 ],
        [ a essentia:DerivativeMean ;
            afo:value 1.04616e-03 ],
        [ a essentia:SecondDerivativeMean ;
            afo:value 1.639973e-03 ],
        [ a essentia:SecondDerivativeVariance ;
            afo:value 2.746792e-06 ],
        [ a essentia:Variance ;
            afo:value 2.844197e-06 ],
        [ a essentia:Median ;
            afo:value 5.703357e-03 ] .

_:0754076a-f96d-457d-9204-ec3290e6122b a essentia:SecondDerivativeVariance ;
    afo:value 1.438348e+00 .

_:08fcdf71-b967-4bf0-bc5e-43ef6da3833e a essentia:DerivativeMean ;
    afo:value 5.281922e-01 .

_:09040d18-dbd7-4ed7-945f-31e5e0fd8093 rdf:first 4.678229e-02 ;
    rdf:rest ( 4.368224e+00 2.898942e+01 3.709248e+01 4.183998e+02 5.051118e+02 3.978676e+02 3.378565e+02 1.045996e+03 3.916273e+03 1.223163e+04 1.079621e+04 7.771987e+03 1.28512e+04 6.622296e+03 4.619371e+03 4.506808e+03 7.226709e+03 2.771645e+03 2.268178e+03 2.69452e+03 1.408779e+03 1.288672e+03 5.829015e+02 3.944587e+02 2.152205e+02 9.013075e+01 4.911863e+01 4.122712e+01 5.781426e+01 5.265756e+01 3.027104e+01 2.980916e+01 1.442942e+01 3.596659e+00 4.513496e-01 4.442934e-02 2.044221e-03 1.800179e-06 1.55526e-09 ) .

_:0ad6cc26-8f8f-43d5-aa1a-6026aa96050f a essentia:ChordsNumberRate ;
    event:time _:08a846eb-f381-4667-8246-e5b2559a1d75 ;
    afo:value 2.872063e-03 .

_:0b3bff4e-44dc-4d97-a1ed-9fea7f885936 a essentia:SecondDerivativeMean ;
    afo:value 3.809202e-02 .

_:0b6780aa-5b59-46af-85f4-87162d2783b5 a essentia:DerivativeMean ;
    afo:value 0 .

_:0bb19cb0-855a-40c3-b947-89ef770224f5 a essentia:DerivativeMean ;
    afo:values _:028cb6a4-0ad7-4011-a098-2a5cd6d6efae .

_:0bc74cc6-977a-4bad-a7cc-fa139bf0fc6b a essentia:DerivativeVariance ;
    afo:value 9.593974e-02 .

_:0be5880b-1b4f-4d36-9168-73b438e00b52 a essentia:DerivativeVariance ;
    afo:values ( 8.568824e-07 7.058986e-05 8.041075e-06 1.023458e-05 5.924055e-05 5.289375e-06 4.821708e-06 8.746013e-06 6.341865e-06 3.824383e-06 2.39031e-06 1.357722e-06 1.105926e-06 1.274013e-06 3.536202e-07 2.768438e-07 2.182386e-07 1.321839e-07 5.139985e-08 3.554307e-08 2.509672e-08 1.636294e-08 2.552002e-08 3.532245e-08 6.234466e-08 7.995768e-09 1.795514e-10 ) .

_:0c5e5872-1729-49b3-86c7-95017b4b3d43 a essentia:Minimum ;
    afo:value 3.721292e-15 .

_:0c6afeb4-fcf2-4028-ba61-25e065207368 a essentia:SilenceRate ;
    event:time _:08a846eb-f381-4667-8246-e5b2559a1d75 ;
    afo:computed_by _:LowLevelExtractor ;
    afo:feature [ a essentia:SecondDerivativeMean ;
            afo:value 7.835967e-03 ],
        [ a essentia:Minimum ;
            afo:value 0 ],
        [ a essentia:DerivativeMean ;
            afo:value 3.917472e-03 ],
        [ a essentia:Maximum ;
            afo:value 1 ],
        [ a essentia:DerivativeVariance ;
            afo:value 3.902064e-03 ],
        [ a essentia:Variance ;
            afo:value 1.982755e-02 ],
        [ a essentia:Median ;
            afo:value 0 ],
        [ a essentia:Mean ;
            afo:value 2.023763e-02 ],
        [ a essentia:SecondDerivativeVariance ;
            afo:value 8.819113e-03 ] .

_:0c7b6c5e-d31c-4154-b1cd-cbc894db5cb1 a essentia:DerivativeVariance ;
    afo:values ( 2.125804e-02 1.510315e-02 2.229011e-02 1.26114e-02 5.076236e-03 3.577485e-03 ) .

_:0c7e9be9-5362-4a21-9262-58638b83711a a essentia:SecondDerivativeMean ;
    afo:value 1.049022e+01 .

_:0d962875-86a3-4066-9ad5-bc95cd4434e3 a essentia:Median ;
    afo:value 7.804974e+00 .

_:0dc02054-51a3-42ee-8a21-dacfb2876d6a a essentia:Mean ;
    afo:value 5.222222e-01 .

_:0e2d0013-73c4-4b47-91b2-639bc58045f6 a essentia:DerivativeVariance ;
    afo:value 1.717599e-04 .

_:0e668f99-7e0e-4d1f-9c26-b87c06bacf6f a essentia:MelBands ;
    event:time _:08a846eb-f381-4667-8246-e5b2559a1d75 ;
    afo:computed_by _:LowLevelExtractor ;
    afo:feature [ a essentia:Kurtosis ;
            afo:feature _:0c7e9be9-5362-4a21-9262-58638b83711a,
                [ a essentia:Mean ;
                    afo:value 1.201274e+01 ],
                [ a essentia:Median ;
                    afo:value 6.361825e+00 ],
                [ a essentia:DerivativeMean ;
                    afo:value 6.585839e+00 ],
                [ a essentia:Variance ;
                    afo:value 2.972523e+02 ],
                [ a essentia:Maximum ;
                    afo:value 3.729406e+02 ],
                [ a essentia:Minimum ;
                    afo:value -1.614528e+00 ],
                [ a essentia:DerivativeVariance ;
                    afo:value 1.44876e+02 ],
                [ a essentia:SecondDerivativeVariance ;
                    afo:value 3.857429e+02 ] ] .

_:0e70c454-bec5-4e76-b716-f7ada50aa626 a essentia:Variance ;
    afo:value 4.114007e+01 .

_:0e871591-95b1-422e-b532-4d391f1dd5db a essentia:SecondDerivativeMean ;
    afo:value 3.062994e-02 .

_:0ed3f97b-5963-4d64-bfe6-8a235eebba9e a essentia:Mean ;
    afo:values ( 1.649787e-01 1.145128e-01 7.475343e-02 6.693263e-02 7.34092e-02 1.273493e-01 1.71373e-01 1.541283e-01 1.611725e-01 1.613412e-01 1.147038e-01 9.380958e-02 9.969381e-02 1.125612e-01 2.0451e-01 2.873853e-01 2.243549e-01 1.38725e-01 1.04857e-01 9.740497e-02 1.419786e-01 1.799314e-01 1.472553e-01 1.096815e-01 8.058721e-02 6.523409e-02 1.098477e-01 1.549972e-01 1.510112e-01 2.350031e-01 2.970363e-01 1.877753e-01 1.109637e-01 1.234143e-01 1.485967e-01 1.70895e-01 ) .

_:0f2ae342-0416-44fa-bac3-54e71916753f a essentia:SecondDerivativeMean ;
    afo:value 2.120094e-02 .

_:1040f6d8-9065-452c-939e-909b282fd926 a essentia:Median ;
    afo:value 9.87022e-02 .

_:110217e8-670c-4172-aabe-54b2cd909c7e rdf:first 3.993458e-01 ;
    rdf:rest ( 1.915555e-01 1.267196e-01 6.695148e-02 6.003884e-02 4.63011e-02 ) .

_:11383ec7-c07c-4a4a-82df-6ddba0f5d479 a essentia:Maximum ;
    afo:value 1.898702e-02 .

_:11528610-f344-43b6-8c9b-06ad8220b6af a essentia:ChordsScale ;
    event:time _:08a846eb-f381-4667-8246-e5b2559a1d75 ;
    afo:value "major" .

_:11fbaed5-dca6-4e02-bf3b-cebf1dc27bcd a essentia:Maximum ;
    afo:value 1.785645e+02 .

_:12ac0488-46be-4820-92af-a98c2bdebf72 a essentia:SecondDerivativeMean ;
    afo:value 5.688488e+00 .

_:1325699b-ddc5-4c38-9ea4-c0729443febe a essentia:DerivativeVariance ;
    afo:value 2.734286e-01 .

_:13cdc295-72a1-4c65-ae82-a6435834bb49 a essentia:SecondDerivativeMean ;
    afo:value 8.119351e-01 .

_:13de0354-ae00-4514-880f-5f4f52bddce9 a essentia:Mean ;
    afo:value 4.694105e-01 .

_:149598a4-a56e-4d4f-bd8e-24697cde1467 a essentia:SpectralComplexity ;
    event:time _:08a846eb-f381-4667-8246-e5b2559a1d75 ;
    afo:computed_by _:LowLevelExtractor ;
    afo:feature [ a essentia:DerivativeMean ;
            afo:value 4.037869e+00 ],
        [ a essentia:DerivativeVariance ;
            afo:value 1.360452e+01 ],
        [ a essentia:SecondDerivativeMean ;
            afo:value 6.312263e+00 ],
        [ a essentia:Median ;
            afo:value 26 ],
        [ a essentia:Maximum ;
            afo:value 52 ],
        [ a essentia:Variance ;
            afo:value 9.611822e+01 ],
        [ a essentia:Minimum ;
            afo:value 0 ],
        [ a essentia:SecondDerivativeVariance ;
            afo:value 3.092967e+01 ],
        [ a essentia:Mean ;
            afo:value 2.516895e+01 ] .

_:14f050ba-3481-490d-b638-6f56cbcd4d95 rdf:first 1 ;
    rdf:rest ( 6.321626e-01 3.735696e-01 4.154856e-01 5.002643e-01 5.753338e-01 5.55416e-01 3.855179e-01 2.516642e-01 2.253348e-01 2.471388e-01 4.28733e-01 5.769427e-01 5.188869e-01 5.426021e-01 5.4317e-01 3.861608e-01 3.158185e-01 3.356283e-01 3.789477e-01 6.885015e-01 9.67509e-01 7.553112e-01 4.670305e-01 3.530108e-01 3.279227e-01 4.779838e-01 6.057556e-01 4.957486e-01 3.692528e-01 2.713042e-01 2.196165e-01 3.698123e-01 5.218124e-01 5.083929e-01 7.911594e-01 ) .

_:15b7e4c4-af7c-40ca-8778-8d4526c5fd12 a essentia:Mean ;
    afo:value 7.775089e+00 .

_:15dccae9-3836-4e0c-b621-24009d939499 a essentia:DerivativeMean ;
    afo:values ( 1.299589e-01 1.029411e-01 8.14426e-02 7.62798e-02 8.613376e-02 1.122709e-01 1.301437e-01 1.392833e-01 1.421283e-01 1.29752e-01 1.142932e-01 1.089e-01 1.123338e-01 1.308198e-01 1.775763e-01 1.952199e-01 1.908929e-01 1.589718e-01 1.263144e-01 1.095462e-01 1.21581e-01 1.3122e-01 1.250965e-01 1.237083e-01 9.724841e-02 7.849555e-02 1.030657e-01 1.274339e-01 1.436212e-01 1.646395e-01 1.551704e-01 1.516939e-01 1.345413e-01 1.587458e-01 2.0309e-01 1.780556e-01 ) .

_:163df5e8-7404-492b-84ef-fa520d6ee08d a essentia:Variance ;
    afo:value 1.472463e+00 .

_:16d5d44e-44ec-44a2-b65f-c7aa155b7dcd a essentia:Maximum ;
    afo:value 1 .

_:179c06bd-219c-4abe-ac78-acb2d2cf491e a essentia:Skewness ;
    event:time _:08a846eb-f381-4667-8246-e5b2559a1d75 ;
    afo:computed_by _:LowLevelExtractor ;
    afo:feature [ a essentia:Minimum ;
            afo:value 1.77557e-01 ],
        [ a essentia:DerivativeMean ;
            afo:value 1.687334e-01 ],
        [ a essentia:SecondDerivativeVariance ;
            afo:value 6.738659e-02 ],
        [ a essentia:Mean ;
            afo:value 1.480024e+00 ],
        [ a essentia:Variance ;
            afo:value 9.370567e-02 ],
        [ a essentia:Maximum ;
            afo:value 3.418694e+00 ],
        [ a essentia:Median ;
            afo:value 1.451152e+00 ],
        [ a essentia:SecondDerivativeMean ;
            afo:value 2.652214e-01 ],
        [ a essentia:DerivativeVariance ;
            afo:value 2.961882e-02 ] .

_:18402e80-2097-495c-97e2-dedc8981e66f a essentia:Energy ;
    event:time _:08a846eb-f381-4667-8246-e5b2559a1d75 ;
    afo:computed_by _:LowLevelExtractor ;
    afo:feature _:0f2ae342-0416-44fa-bac3-54e71916753f,
        [ a essentia:DerivativeVariance ;
            afo:value 2.061271e-04 ],
        [ a essentia:Minimum ;
            afo:value 1.355073e-13 ],
        [ a essentia:Median ;
            afo:value 3.334149e-02 ],
        [ a essentia:Variance ;
            afo:value 3.640287e-04 ],
        [ a essentia:SecondDerivativeVariance ;
            afo:value 5.279836e-04 ],
        [ a essentia:Maximum ;
            afo:value 1.196054e-01 ],
        [ a essentia:Mean ;
            afo:value 3.595225e-02 ],
        [ a essentia:DerivativeMean ;
            afo:value 1.315782e-02 ] .

_:187934ad-d095-4a0c-b572-4c366fd0d15c a essentia:Median ;
    afo:value 2.326319e+00 .

_:191eba50-58af-451a-ab62-2728820789d1 a essentia:SecondDerivativeMean ;
    afo:value 1.477667e-02 .

_:195b68d3-fe5f-492d-8274-c07d2c8f2c3e a essentia:DerivativeMean ;
    afo:values ( 5.630099e-02 5.121849e-02 4.08091e-02 3.227696e-02 2.248139e-02 1.835652e-02 ) .

_:19624003-a2a7-483a-aa07-361206caceac a essentia:KeyStrength ;
    event:time _:08a846eb-f381-4667-8246-e5b2559a1d75 ;
    afo:value 8.974345e-01 .

_:19c8c7c4-5191-4a77-81d8-bf1329db7a02 a essentia:Minimum ;
    afo:value -1.730159e+00 .

_:1a1f2514-f717-4c84-b6a0-5c8eb585ebf6 a essentia:HFC ;
    event:time _:08a846eb-f381-4667-8246-e5b2559a1d75 ;
    afo:computed_by _:LowLevelExtractor ;
    afo:feature _:00178046-509b-482e-b0b4-bc6a017ca14e,
        [ a essentia:SecondDerivativeMean ;
            afo:value 9.580872e+00 ],
        [ a essentia:Minimum ;
            afo:value 1.428008e-09 ],
        [ a essentia:DerivativeVariance ;
            afo:value 5.956221e+01 ],
        [ a essentia:Mean ;
            afo:value 2.787805e+01 ],
        [ a essentia:Variance ;
            afo:value 2.396513e+02 ],
        [ a essentia:Median ;
            afo:value 2.7765e+01 ],
        [ a essentia:Maximum ;
            afo:value 1.868164e+02 ],
        [ a essentia:DerivativeMean ;
            afo:value 6.489686e+00 ] .

_:1b4d6040-bf24-461d-a146-3ce32780e910 a essentia:SecondDerivativeMean ;
    afo:value 0 .

_:1bd914d1-a2f8-4672-ba42-e3cf22917515 a essentia:SecondDerivativeMean ;
    afo:value 1.32047e-02 .

_:1c4d450c-55bd-4189-8ff8-50dfca70f4fd rdf:first 7.657979e-02 ;
    rdf:rest ( 1.572396e+00 3.480877e+00 3.855179e+00 4.879761e+00 5.934092e+00 6.667875e+00 7.459052e+00 1.021706e+01 1.107518e+01 1.851549e+01 1.776893e+01 1.780522e+01 1.470937e+01 9.649657e+00 1.17416e+01 1.096589e+01 1.694887e+01 1.666007e+01 1.766842e+01 2.0735e+01 2.829858e+01 2.858718e+01 2.021592e+01 1.82115e+01 1.274943e+01 8.707833e+00 6.376046e+00 4.541349e+00 3.472125e+00 3.104585e+00 2.462701e+00 1.43299e+00 8.359118e-01 4.453345e-01 2.11328e-01 6.227125e-02 7.796625e-03 2.002545e-04 5.326162e-05 ) .

_:1cea9608-6edd-48eb-bca1-a25f45ad3a01 a essentia:Variance ;
    afo:value 2.234215e-03 .

_:1ed57f2c-bd15-457c-a8cf-447be723c965 a essentia:MFCC ;
    event:time _:08a846eb-f381-4667-8246-e5b2559a1d75 ;
    afo:computed_by _:LowLevelExtractor ;
    afo:feature [ a essentia:InverseCovariance ;
            afo:dimensions ( 13 13 ) ;
            afo:values ( 2.171203e-04 -1.472835e-04 -1.510884e-05 1.264824e-05 -9.677799e-05 4.192647e-05 1.299794e-04 -3.494041e-04 3.052887e-04 -4.423061e-04 3.002514e-04 -1.549267e-04 3.833786e-04 -1.472835e-04 1.878374e-03 4.072697e-04 -8.588793e-04 9.918659e-04 -5.272701e-04 -3.087372e-05 -1.708825e-04 -4.478117e-04 1.210574e-03 -1.975538e-03 9.791208e-04 -8.459411e-04 -1.510884e-05 4.072697e-04 2.763363e-03 2.278787e-04 2.09294e-04 -1.526388e-03 1.060887e-03 -4.10977e-04 -5.690272e-04 5.210669e-04 9.176102e-04 -1.316427e-04 -9.710578e-04 1.264824e-05 -8.588793e-04 2.278787e-04 5.49633e-03 -3.770324e-03 1.886349e-04 2.721087e-04 3.077771e-04 -1.794802e-03 6.811703e-04 2.260835e-03 -6.321752e-04 -4.517553e-04 -9.677799e-05 9.918659e-04 2.09294e-04 -3.770324e-03 1.077324e-02 -3.828064e-03 1.056645e-03 2.629385e-03 -2.017761e-03 -2.829571e-03 1.479211e-03 -1.285512e-03 1.555002e-03 4.192647e-05 -5.272701e-04 -1.526388e-03 1.886349e-04 -3.828064e-03 1.358774e-02 -6.238362e-03 2.013038e-03 1.596146e-03 -3.559218e-04 -8.902602e-04 1.599366e-04 2.834091e-04 1.299794e-04 -3.087372e-05 1.060887e-03 2.721087e-04 1.056645e-03 -6.238362e-03 1.317052e-02 -7.521526e-03 -5.67375e-04 6.545519e-04 -4.672534e-04 -1.253216e-03 1.858511e-03 -3.494041e-04 -1.708825e-04 -4.10977e-04 3.077771e-04 2.629385e-03 2.013038e-03 -7.521526e-03 1.797019e-02 -6.436474e-03 6.411655e-04 4.642823e-04 4.174295e-04 -1.25593e-03 3.052887e-04 -4.478117e-04 -5.690272e-04 -1.794802e-03 -2.017761e-03 1.596146e-03 -5.67375e-04 -6.436474e-03 2.144807e-02 -1.023988e-02 2.476714e-03 1.448706e-03 -2.863325e-03 -4.423061e-04 1.210574e-03 5.210669e-04 6.811703e-04 -2.829571e-03 -3.559218e-04 6.545519e-04 6.411655e-04 -1.023988e-02 1.969928e-02 -7.505469e-03 -1.264519e-03 3.68037e-03 3.002514e-04 -1.975538e-03 9.176102e-04 2.260835e-03 1.479211e-03 -8.902602e-04 -4.672534e-04 4.642823e-04 2.476714e-03 -7.505469e-03 1.952039e-02 -6.706534e-03 1.610571e-03 -1.549267e-04 9.791208e-04 -1.316427e-04 -6.321752e-04 -1.285512e-03 1.599366e-04 -1.253216e-03 4.174295e-04 1.448706e-03 -1.264519e-03 -6.706534e-03 2.178014e-02 -9.448445e-03 3.833786e-04 -8.459411e-04 -9.710578e-04 -4.517553e-04 1.555002e-03 2.834091e-04 1.858511e-03 -1.25593e-03 -2.863325e-03 3.68037e-03 1.610571e-03 -9.448445e-03 2.2162e-02 ) ],
        [ a essentia:Covariance ;
            afo:dimensions ( 13 13 ) ;
            afo:values ( 5.433341e+03 3.023271e+02 -7.234542e+01 7.173235e+01 8.066284e+01 1.822861e-01 5.34119e+00 9.182864e+01 2.170474e+01 1.377327e+02 -1.19047e+01 -1.513544e+01 -1.107208e+02 3.023271e+02 7.493978e+02 -1.193566e+02 3.712643e+01 -8.453991e+01 5.920361e+00 3.794799e+01 3.636169e+01 -6.173352e+00 -3.606149e+01 6.151858e+01 -8.469278e+00 2.074611e+01 -7.234542e+01 -1.193566e+02 4.320348e+02 -3.414628e+00 1.437125e+01 3.286028e+01 -2.532047e+01 -3.685964e+00 5.602958e+00 -1.845576e+01 -3.961249e+01 3.427816e+00 2.417099e+01 7.173235e+01 3.712643e+01 -3.414628e+00 3.155395e+02 1.402084e+02 2.246029e+01 -1.818685e+01 -1.746456e+01 4.527985e+01 1.713557e+01 -4.212015e+01 2.042176e+00 3.80525e+00 8.066284e+01 -8.453991e+01 1.437125e+01 1.402084e+02 2.010006e+02 4.543715e+01 -1.649794e+01 -3.1557e+01 3.750263e+01 4.706615e+01 -2.270323e+01 6.566904e+00 -1.474492e+01 1.822861e-01 5.920361e+00 3.286028e+01 2.246029e+01 4.543715e+01 1.122364e+02 4.860938e+01 1.904436e+00 3.793585e+00 1.001757e+01 4.591752e+00 4.276727e+00 -6.15521e+00 5.34119e+00 3.794799e+01 -2.532047e+01 -1.818685e+01 -1.649794e+01 4.860938e+01 1.388492e+02 5.947366e+01 1.482948e+01 5.823566e+00 1.481684e+01 4.439049e+00 -6.097025e+00 9.182864e+01 3.636169e+01 -3.685964e+00 -1.746456e+01 -3.1557e+01 1.904436e+00 5.947366e+01 9.760323e+01 2.89828e+01 6.914868e+00 4.643033e+00 -9.585119e-02 4.233455e+00 2.170474e+01 -6.173352e+00 5.602958e+00 4.527985e+01 3.750263e+01 3.793585e+00 1.482948e+01 2.89828e+01 8.496669e+01 4.618496e+01 -2.106313e+00 1.71576e+00 2.468807e+00 1.377327e+02 -3.606149e+01 -1.845576e+01 1.713557e+01 4.706615e+01 1.001757e+01 5.823566e+00 6.914868e+00 4.618496e+01 1.007178e+02 2.767533e+01 1.017245e+01 -1.617864e+01 -1.19047e+01 6.151858e+01 -3.961249e+01 -4.212015e+01 -2.270323e+01 4.591752e+00 1.481684e+01 4.643033e+00 -2.106313e+00 2.767533e+01 8.533975e+01 2.272661e+01 -8.660666e-01 -1.513544e+01 -8.469278e+00 3.427816e+00 2.042176e+00 6.566904e+00 4.276727e+00 4.439049e+00 -9.585119e-02 1.71576e+00 1.017245e+01 2.272661e+01 6.462202e+01 2.366864e+01 -1.107208e+02 2.074611e+01 2.417099e+01 3.80525e+00 -1.474492e+01 -6.15521e+00 -6.097025e+00 4.233455e+00 2.468807e+00 -1.617864e+01 -8.660666e-01 2.366864e+01 6.39901e+01 ) ],
        [ a essentia:Mean ;
            afo:values ( -6.027549e+02 1.101747e+02 5.249057e-01 2.734854e+01 8.482328e+00 1.261227e-03 1.452234e+00 8.626633e+00 4.218825e+00 5.29194e+00 1.514478e+00 1.001468e+00 -2.381986e+00 ) ] .

_:1f2ae543-687b-4b1c-8a91-179c772cb9d7 a essentia:Spread ;
    afo:feature _:0471f517-9858-4be3-aff5-8561ad69fb23,
        [ a essentia:Variance ;
            afo:value 3.31505e+02 ],
        [ a essentia:DerivativeVariance ;
            afo:value 7.346048e+01 ],
        [ a essentia:SecondDerivativeVariance ;
            afo:value 1.474738e+02 ],
        [ a essentia:DerivativeMean ;
            afo:value 8.572162e+00 ],
        [ a essentia:Maximum ;
            afo:value 1.289297e+02 ],
        [ a essentia:Mean ;
            afo:value 4.131894e+01 ],
        [ a essentia:Minimum ;
            afo:value 5.262229e+00 ],
        [ a essentia:SecondDerivativeMean ;
            afo:value 1.284223e+01 ] .

_:1f843a51-ba70-471a-8429-30350df51eac a essentia:TuningFrequency ;
    event:time _:08a846eb-f381-4667-8246-e5b2559a1d75 ;
    afo:value 4.415276e+02 .

_:1f933321-6bbd-47f3-8b9a-d7d88e268098 rdf:first 1.34761e+04 ;
    rdf:rest ( 4.334597e+02 -8.071837e+02 4.28163e+02 -3.518435e+02 2.849351e+02 -3.679963e+02 2.668033e+02 -2.040691e+02 4.778754e+01 -2.57699e+02 -2.062654e+01 -2.024485e+02 4.334597e+02 7.426418e+02 -1.938835e+02 -2.342641e+00 4.105437e+01 -6.281355e+01 1.106721e+02 -3.590784e+01 2.636754e+01 -5.210606e+01 4.794911e+01 -4.193155e+01 9.606246e+00 -8.071837e+02 -1.938835e+02 5.687744e+02 5.194614e+01 3.146609e+01 1.983242e+01 -1.885241e+01 -2.444529e+01 -4.128817e+00 3.028029e+01 -4.196839e+01 5.371532e+01 1.10997e+01 4.28163e+02 -2.342641e+00 5.194614e+01 3.373229e+02 1.119685e+02 -4.631858e+00 -4.769073e+01 8.961561e+00 3.365834e+01 7.436638e+00 -1.060095e+01 -1.205289e+01 4.432343e+01 -3.518435e+02 4.105437e+01 3.146609e+01 1.119685e+02 2.536407e+02 1.597548e+00 3.61511e+01 1.417064e+01 2.097849e+01 3.420536e+01 -8.461674e+00 -8.412364e+00 1.98924e+01 2.849351e+02 -6.281355e+01 1.983242e+01 -4.631858e+00 1.597548e+00 1.66111e+02 5.702761e+01 3.109718e+01 -8.439427e+00 4.272426e+00 8.94735e+00 -1.121516e+01 -1.662324e+01 -3.679963e+02 1.106721e+02 -1.885241e+01 -4.769073e+01 3.61511e+01 5.702761e+01 1.730585e+02 4.117086e+01 -1.099857e+00 -1.764334e+01 2.568669e+01 -2.802982e+00 -1.962341e+00 2.668033e+02 -3.590784e+01 -2.444529e+01 8.961561e+00 1.417064e+01 3.109718e+01 4.117086e+01 1.061464e+02 3.359529e+01 1.096356e+01 -7.144492e+00 -7.320466e+00 -6.699993e+00 -2.040691e+02 2.636754e+01 -4.128817e+00 3.365834e+01 2.097849e+01 -8.439427e+00 -1.099857e+00 3.359529e+01 9.636448e+01 3.242346e+01 1.02427e+01 -2.247235e+01 3.345624e+00 4.778754e+01 -5.210606e+01 3.028029e+01 7.436638e+00 3.420536e+01 4.272426e+00 -1.764334e+01 1.096356e+01 3.242346e+01 7.88363e+01 1.210732e+01 1.976596e+00 -1.00684e+01 -2.57699e+02 4.794911e+01 -4.196839e+01 -1.060095e+01 -8.461674e+00 8.94735e+00 2.568669e+01 -7.144492e+00 1.02427e+01 1.210732e+01 6.96263e+01 1.100678e+01 3.943109e+00 -2.062654e+01 -4.193155e+01 5.371532e+01 -1.205289e+01 -8.412364e+00 -1.121516e+01 -2.802982e+00 -7.320466e+00 -2.247235e+01 1.976596e+00 1.100678e+01 6.872754e+01 2.108014e+01 -2.024485e+02 9.606246e+00 1.10997e+01 4.432343e+01 1.98924e+01 -1.662324e+01 -1.962341e+00 -6.699993e+00 3.345624e+00 -1.00684e+01 3.943109e+00 2.108014e+01 5.926124e+01 ) .

_:1fbed2d2-f226-4607-b673-14d9be080f1b a essentia:Minimum ;
    afo:value 1.773646e-14 .

_:207b32f8-514a-49ea-8860-efc0f19b65ba a essentia:Mean ;
    afo:value 3.455223e-01 .

_:20c2f033-49ad-4db4-86f7-bfa0ff2e86e0 a essentia:Variance ;
    afo:value 4.186531e-05 .

_:21ece849-0384-492d-977a-2558f3390472 a essentia:Median ;
    afo:value 5.03778e-01 .

_:21ff3522-c8d6-43fb-9d06-c1d78df3aa14 a essentia:Variance ;
    afo:value 1.629896e-03 .

_:229ad3aa-a343-4398-8e6d-e3b56e1a4d88 a essentia:Mean ;
    afo:value 1.578065e+03 .

_:22a21886-437e-47c8-8f87-1880e656b3b4 a essentia:Median ;
    afo:values ( 6.029803e-02 4.255662e-02 2.182031e-02 1.840943e-02 2.00568e-02 3.605678e-02 4.742266e-02 4.70792e-02 3.759288e-02 3.169212e-02 2.365241e-02 2.749764e-02 3.063876e-02 3.743948e-02 7.96054e-02 1.297824e-01 1.040606e-01 4.508371e-02 3.202884e-02 3.046159e-02 5.008633e-02 5.999386e-02 5.223881e-02 3.778134e-02 2.728612e-02 1.999722e-02 4.073596e-02 5.435427e-02 5.521281e-02 8.717678e-02 9.84804e-02 7.337579e-02 3.629292e-02 3.22423e-02 3.559081e-02 6.018173e-02 ) .

_:2345f121-2bb4-463c-97b8-0f852f443db7 a essentia:Minimum ;
    afo:value 3.960396e-02 .

_:23d9905e-f5b7-4069-8e65-d91964aca77a a essentia:Minimum ;
    afo:value -3.072874e-08 .

_:241513b2-4f63-4c0c-bc72-9ee6b735044b a essentia:Spread ;
    afo:feature _:04e7f2b1-7dfd-4a17-bb0b-a4fe81f84185,
        [ a essentia:DerivativeVariance ;
            afo:value 5.037928e+01 ],
        [ a essentia:Median ;
            afo:value 2.558454e+01 ],
        [ a essentia:SecondDerivativeVariance ;
            afo:value 1.099821e+02 ],
        [ a essentia:Mean ;
            afo:value 2.808043e+01 ],
        [ a essentia:Minimum ;
            afo:value 7.364572e-01 ],
        [ a essentia:Variance ;
            afo:value 1.930863e+02 ],
        [ a essentia:DerivativeMean ;
            afo:value 6.287936e+00 ],
        [ a essentia:SecondDerivativeMean ;
            afo:value 9.831538e+00 ] .

_:244d5a89-2a11-4a18-bd10-20eb2ead13f5 a essentia:Median ;
    afo:value 2.368017e+01 .

_:256e5172-a65d-49e9-aa41-6f87f1dc1a78 a essentia:Median ;
    afo:value 8.503759e+00 .

_:26c05ee0-37bd-43a5-aa48-c10b6fa0ac11 a essentia:Kurtosis ;
    afo:feature _:0e70c454-bec5-4e76-b716-f7ada50aa626,
        _:11fbaed5-dca6-4e02-bf3b-cebf1dc27bcd,
        [ a essentia:Mean ;
            afo:value 2.747232e+00 ],
        [ a essentia:DerivativeMean ;
            afo:value 2.27774e+00 ],
        [ a essentia:SecondDerivativeMean ;
            afo:value 3.67506e+00 ],
        [ a essentia:DerivativeVariance ;
            afo:value 1.917883e+01 ],
        [ a essentia:Median ;
            afo:value 1.046054e+00 ],
        [ a essentia:Minimum ;
            afo:value -1.890502e+00 ],
        [ a essentia:SecondDerivativeVariance ;
            afo:value 5.120617e+01 ] .

_:276f03a7-1a5c-401b-8df2-4064277a5aff a essentia:Maximum ;
    afo:value 98 .

_:285ba41d-bff1-4fb3-a9ac-7f961b5b7906 a essentia:Median ;
    afo:value 3.960396e-02 .

_:292ed7d6-9a93-40c0-8c3b-2e7c31b80abf a essentia:DerivativeVariance ;
    afo:value 2.365557e-04 .

_:2967f631-fc10-4498-966d-615d7b1c79a2 a essentia:Mean ;
    afo:value 3.940449e+00 .

_:29ee2d8b-eaba-4cf9-a7be-a1e77d794c49 a essentia:SecondDerivativeVariance ;
    afo:value 2.106573e-04 .

_:2a7f65dc-32dc-4971-a068-2108bb352929 a essentia:DerivativeVariance ;
    afo:value 0 .

_:2ac45203-f52b-43d7-9de9-935ec197d1a0 a essentia:Variance ;
    afo:values ( 5.395269e-02 3.440047e-02 2.374266e-02 2.098123e-02 2.412823e-02 4.44916e-02 7.222262e-02 5.444343e-02 6.817614e-02 7.460233e-02 4.518384e-02 3.399637e-02 3.304596e-02 3.683327e-02 6.875946e-02 1.082291e-01 6.951372e-02 4.771948e-02 3.392238e-02 3.055734e-02 4.832849e-02 7.299267e-02 4.889736e-02 3.502528e-02 2.31095e-02 1.967498e-02 3.019843e-02 5.494065e-02 5.352161e-02 8.386627e-02 1.357639e-01 5.625163e-02 3.45385e-02 4.18625e-02 6.073398e-02 5.953138e-02 ) .

_:2bbef73d-296b-4714-8f41-e47e5ac28bdf a essentia:Mean ;
    afo:value 6.856026e-02 .

_:2bcf859a-c556-477d-a075-18980a5a37ff a essentia:SecondDerivativeVariance ;
    afo:value 3.551378e-17 .

_:2be9a8f5-3d54-4c0b-803d-f85b2b243645 a essentia:Mean ;
    afo:value 2.05301e+00 .

_:2beb2f3f-d975-41a0-ac57-fdfe337d0345 a essentia:SecondDerivativeVariance ;
    afo:value 1.78485e+06 .

_:2d573225-b975-47bd-a83e-0497b795f0fe a essentia:DerivativeVariance ;
    afo:value 8.951756e+00 .

_:2e0a70d0-9d4b-493d-9f78-36a892ef42fe a essentia:SecondDerivativeVariance ;
    afo:value 0 .

_:2e7c6a86-5e01-4f5b-a437-c2607756366f rdf:first 3.475753e-04 ;
    rdf:rest ( 7.922654e-03 4.320593e-03 1.899107e-03 4.474273e-03 1.836093e-03 1.499225e-03 2.385985e-03 2.154456e-03 1.636115e-03 8.611131e-04 7.306236e-04 6.164082e-04 8.640311e-04 6.167377e-04 5.955197e-04 8.038628e-04 6.405014e-04 4.939341e-04 3.571572e-04 2.188758e-04 1.599107e-04 1.639005e-04 1.664639e-04 1.157686e-04 6.712657e-05 4.285197e-06 ) .

_:2ee27b48-48c4-44b5-a4b0-706efc07d114 a essentia:DerivativeMean ;
    afo:value 7.02056e-03 .

_:2f33139c-0ca7-404d-8db8-e51ce500e3eb a essentia:Minimum ;
    afo:value 9.753763e-14 .

_:2f6a8917-0b7e-4069-8219-dc7bd025667a rdf:first -6.567602e-01 ;
    rdf:rest ( -7.482338e-01 -7.693488e-01 -7.746809e-01 -7.86267e-01 -7.655593e-01 ) .

_:2f7ab4c0-b3d2-4bb0-b6b9-4211a88fa536 a essentia:Median ;
    afo:value 4.257426e-01 .

_:2fcb57de-915c-470c-b52f-6fc91b1a4f5f rdf:first 13 ;
    rdf:rest ( 13 ) .

_:2ffdad83-a96c-49a8-8825-a277ee4b0ea5 a essentia:Minimum ;
    afo:value 3.473938e+00 .

_:30b37b20-b96b-4fc9-972e-c694d99bf92f a essentia:Variance ;
    afo:values ( 5.580002e-03 5.609251e-03 5.472101e-03 3.303899e-03 1.932461e-03 1.039048e-03 ) .

_:311d059b-7f74-42a2-9089-9cfbfe68530d a essentia:SecondDerivativeVariance ;
    afo:value 2.166389e-01 .

_:312b9d07-9854-401c-9bde-83a6074dc6fd a essentia:Minimum ;
    afo:value 1.428571e-01 .

_:315fa44a-dd17-49ca-b129-039a66ce5020 a essentia:Mean ;
    afo:value 1.303251e-01 .

_:3166ada0-a0e6-4e9d-8cab-d91f2be204f5 a essentia:ChordsStrength ;
    event:time _:08a846eb-f381-4667-8246-e5b2559a1d75 ;
    afo:computed_by _:LowLevelExtractor ;
    afo:feature _:21ece849-0384-492d-977a-2558f3390472,
        [ a essentia:SecondDerivativeVariance ;
            afo:value 1.401487e-03 ],
        [ a essentia:DerivativeMean ;
            afo:value 1.283618e-02 ],
        [ a essentia:Maximum ;
            afo:value 7.84954e-01 ],
        [ a essentia:Mean ;
            afo:value 5.011389e-01 ],
        [ a essentia:Variance ;
            afo:value 1.695128e-02 ],
        [ a essentia:DerivativeVariance ;
            afo:value 7.245339e-04 ],
        [ a essentia:Minimum ;
            afo:value -1 ],
        [ a essentia:SecondDerivativeMean ;
            afo:value 1.368168e-02 ] .

_:31b8b54e-74bf-4866-a70f-a6fdb3863cbc a tl:Timeline ;
    tl:interval _:08a846eb-f381-4667-8246-e5b2559a1d75 .

_:31d73866-a2e8-482c-b6dc-9bf8a2966556 a essentia:Maximum ;
    afo:value 4.999999e-01 .

_:326411f4-dc92-4d26-8f1f-b63a11090f97 a essentia:BarkBands ;
    event:time _:08a846eb-f381-4667-8246-e5b2559a1d75 ;
    afo:computed_by _:LowLevelExtractor ;
    afo:feature [ a essentia:FlatnessDB ;
            afo:feature _:0e871591-95b1-422e-b532-4d391f1dd5db,
