@prefix afo: <https://w3id.org/afo/onto/1.1#> .
@prefix dc: <http://purl.org/dc/elements/1.1/> .
@prefix essentia: <http://sovarr.c4dm.eecs.qmul.ac.uk/af/essentia/> .
@prefix event: <http://purl.org/NET/c4dm/event.owl#> .
@prefix foaf: <http://xmlns.com/foaf/0.1/> .
@prefix mo: <http://purl.org/ontology/mo/> .
@prefix rdf: <http://www.w3.org/1999/02/22-rdf-syntax-ns#> .
@prefix rdfs: <http://www.w3.org/2000/01/rdf-schema#> .
@prefix tl: <http://purl.org/NET/c4dm/timeline.owl#> .
@prefix xml: <http://www.w3.org/XML/1998/namespace> .
@prefix xsd: <http://www.w3.org/2001/XMLSchema#> .

<http://musicbrainz.org/release/acf5c10a-1705-41aa-b6f7-d3143d53ca07> a mo:Release ;
    dc:date "2003-04-15" ;
    dc:title "Dead Cities, Red Seas & Lost Ghosts" ;
    mo:catalogue_number "Gooom 025" ;
    mo:publisher [ a mo:Label ;
            foaf:name "Gooom" ] ;
    mo:publishing_location "FR" ;
    mo:release_status mo:official ;
    mo:release_type mo:album ;
    mo:track <http://musicbrainz.org/recording/ddfd893c-b877-43fb-a3fb-bcbd27ab2d5b> ;
    essentia:asin "B0002IQB1W" ;
    essentia:barcode "724359001821" ;
    essentia:replay_gain "-9.56 dB" ;
    foaf:maker <http://musicbrainz.org/artist/6d7b7cd4-254b-4c25-83f6-dd20f98ceacd> .

<03+-+Run+Into+Flowers.mp3> a mo:AudioFile ;
    mo:encodes [ a essentia:Signal ;
            mo:sample_rate "44100"^^xsd:interger ;
            mo:time _:4d438cd7-763b-4b59-8114-7172efc42ae8 ;
            essentia:bit_rate "192000"^^xsd:float ;
            essentia:codec "mp3"^^xsd:string ;
            essentia:downmix "mix"^^xsd:string ;
            essentia:equal_loudness "0"^^xsd:float ;
            essentia:lossless false ;
            essentia:md5_encoded "b710cc1f8cfb6574030ba36a7db6f33d"^^xsd:string ;
            essentia:replay_gain "-10.5935726166"^^xsd:float ] .

<http://musicbrainz.org/artist/6d7b7cd4-254b-4c25-83f6-dd20f98ceacd> a mo:MusicArtist ;
    foaf:name "M83" .

<http://musicbrainz.org/recording/ddfd893c-b877-43fb-a3fb-bcbd27ab2d5b> a mo:Track ;
    dc:title "Run Into Flowers" ;
    mo:available_as <03+-+Run+Into+Flowers.mp3> ;
    mo:genre [ a mo:Genre ;
            rdfs:label "Shoegazer" ] ;
    mo:track_number "3/12" ;
    essentia:replay_gain "-9.51 dB" ;
    essentia:replay_peak "1.139621735" .

[] a essentia:VersionInfo .

_:01386501-bbcd-472e-a1ee-262b1756a0d7 a essentia:Mean ;
    afo:value 7.895792e-01 .

_:01f92e53-80e3-4854-a86c-c15627ecf38b a essentia:DerivativeVariance ;
    afo:value 0 .

_:024d99d3-f46f-4f7d-b30f-fa85db02eeb3 rdf:first -4.553172e-01 ;
    rdf:rest ( -5.557327e-01 -6.403967e-01 -6.834402e-01 -7.178124e-01 -3.805807e-01 ) .

_:0298fdca-4bc9-405c-8159-978ca6a915c3 a essentia:EnergyBand ;
    event:time _:4d438cd7-763b-4b59-8114-7172efc42ae8 ;
    afo:computed_by _:LowLevelExtractor ;
    afo:feature [ a essentia:Minimum ;
            afo:value 3.715629e-08 ],
        [ a essentia:Median ;
            afo:value 2.692772e-02 ],
        [ a essentia:Mean ;
            afo:value 3.435849e-02 ],
        [ a essentia:SecondDerivativeVariance ;
            afo:value 1.116338e-03 ],
        [ a essentia:SecondDerivativeMean ;
            afo:value 2.645075e-02 ],
        [ a essentia:Maximum ;
            afo:value 2.521434e-01 ],
        [ a essentia:Variance ;
            afo:value 7.340104e-04 ],
        [ a essentia:DerivativeMean ;
            afo:value 1.621849e-02 ],
        [ a essentia:DerivativeVariance ;
            afo:value 3.872014e-04 ] .

_:02cf5a05-e427-431b-88d4-1f89188e7719 a essentia:Maximum ;
    afo:value 2.19854e+04 .

_:02e9d74a-e091-4e07-8f14-ea9c76cae20d a essentia:Minimum ;
    afo:value 1.532207e+00 .

_:034fa172-b0ee-4617-884b-241531529ccf a essentia:Maximum ;
    afo:value 140 .

_:0371243f-2ea8-4605-b11e-7deaa705f32f a essentia:Mean ;
    afo:value 1.941896e+00 .

_:049f4e48-f9e6-4035-bd78-04a1973f1778 a essentia:SecondDerivativeMean ;
    afo:value 2.404507e+00 .

_:04b9082c-9d09-4260-8575-a537de82eb5a a essentia:DerivativeVariance ;
    afo:value 2.746601e-17 .

_:04c9a371-1815-49f0-9654-d0df6a5f1a6f a essentia:SecondPeakBPM ;
    event:time _:4d438cd7-763b-4b59-8114-7172efc42ae8 ;
    afo:computed_by _:LowLevelExtractor ;
    afo:feature _:034fa172-b0ee-4617-884b-241531529ccf,
        [ a essentia:Mean ;
            afo:value 140 ],
        [ a essentia:Variance ;
            afo:value 0 ],
        [ a essentia:SecondDerivativeVariance ;
            afo:value 0 ],
        [ a essentia:DerivativeMean ;
            afo:value 0 ],
        [ a essentia:Median ;
            afo:value 140 ],
        [ a essentia:Minimum ;
            afo:value 140 ],
        [ a essentia:SecondDerivativeMean ;
            afo:value 0 ],
        [ a essentia:DerivativeVariance ;
            afo:value 0 ] .

_:054be4e6-611f-4750-8799-f5c944a149c6 a essentia:Mean ;
    afo:value 1.461027e-02 .

_:05d85957-04c4-4ab1-988c-ec7545826606 a essentia:SecondDerivativeMean ;
    afo:value 1.787438e-02 .

_:06016a50-ef99-4ea3-97d7-1d4768db2958 rdf:first 4.075657e-01 ;
    rdf:rest ( 1.110205e+01 7.980901e+01 1.581759e+02 1.003356e+02 7.109998e+01 3.358191e+02 1.669181e+02 1.511235e+02 1.001013e+03 2.184357e+02 8.528125e+01 9.23135e+01 5.909589e+02 2.07475e+02 2.268563e+02 2.126845e+02 2.716924e+02 3.135232e+02 8.392352e+02 3.596216e+02 1.972635e+02 3.813278e+02 1.753825e+02 1.632453e+02 1.199585e+02 1.767475e+02 1.564055e+02 3.705697e+01 5.421625e+00 8.430659e-01 1.475954e-01 5.173802e-02 2.5329e-03 9.034286e-04 8.837588e-04 9.667554e-04 1.575699e-03 4.396318e-04 3.070735e-06 ) .

_:0737f9f6-d1b3-46d6-8d82-1fe8f4364e8d a essentia:Variance ;
    afo:value 2.789395e-03 .

_:079f7f65-7a0e-4754-aca8-8e013f39e0e8 a essentia:Mean ;
    afo:value 2.245733e-01 .

_:0803ce09-75b5-4016-ba64-4ff25da8cb2a a essentia:GFCC ;
    event:time _:4d438cd7-763b-4b59-8114-7172efc42ae8 ;
    afo:computed_by _:LowLevelExtractor ;
    afo:feature [ a essentia:Mean ;
            afo:values ( 5.442303e+01 9.317632e+01 -9.67481e+01 2.110993e+01 -1.174207e+01 -1.512331e+01 -1.936599e+00 -1.650172e+01 -1.019778e-01 -6.273094e+00 -3.388332e+00 3.553509e+00 -1.132958e+01 ) ],
        [ a essentia:Covariance ;
            afo:dimensions ( 13 13 ) ;
            afo:values ( 3.021593e+03 -1.104165e+03 -1.21103e+02 2.871264e+02 -9.528192e+01 -2.673587e+01 -1.217706e+02 1.159203e+02 4.713596e+01 4.244898e+00 -6.092205e+01 5.586253e+01 -7.209316e+01 -1.104165e+03 5.882225e+02 6.656864e+01 -1.286568e+02 2.865732e+01 4.613873e+00 9.150082e+01 -7.052143e+01 2.961155e-01 -1.361853e+00 3.068722e+01 -1.659429e+01 2.083398e+01 -1.21103e+02 6.656864e+01 1.528469e+02 -5.512591e+00 -3.187491e+01 5.293829e+01 -5.58958e+01 2.051496e+01 -4.028382e+01 8.282136e+00 -4.116275e-01 -8.125218e+00 1.182155e+01 2.871264e+02 -1.286568e+02 -5.512591e+00 1.143e+02 4.332459e+01 2.242304e-01 1.476401e+01 1.497386e+00 1.815501e+01 6.967414e-02 -1.137311e+01 1.148659e+01 -1.601634e+01 -9.528192e+01 2.865732e+01 -3.187491e+01 4.332459e+01 8.834879e+01 3.480859e+00 2.705757e+01 -5.178697e+00 1.667488e+01 -8.247591e+00 4.101396e+00 -5.425128e-02 2.108431e+00 -2.673587e+01 4.613873e+00 5.293829e+01 2.242304e-01 3.480859e+00 8.709511e+01 -2.477908e+00 3.421988e+01 -1.965425e+01 1.302001e+01 1.55896e+00 9.368139e-01 6.008329e+00 -1.217706e+02 9.150082e+01 -5.58958e+01 1.476401e+01 2.705757e+01 -2.477908e+00 1.350875e+02 -2.964578e+01 4.485384e+01 5.21048e+00 3.041856e+00 1.248239e+01 -1.383813e+01 1.159203e+02 -7.052143e+01 2.051496e+01 1.497386e+00 -5.178697e+00 3.421988e+01 -2.964578e+01 8.5198e+01 5.573434e+00 1.479291e+01 -7.566895e-01 -7.997046e+00 6.393593e+00 4.713596e+01 2.961155e-01 -4.028382e+01 1.815501e+01 1.667488e+01 -1.965425e+01 4.485384e+01 5.573434e+00 6.221128e+01 1.69847e+01 9.353008e+00 1.099709e+01 -1.488599e+01 4.244898e+00 -1.361853e+00 8.282136e+00 6.967414e-02 -8.247591e+00 1.302001e+01 5.21048e+00 1.479291e+01 1.69847e+01 4.223507e+01 2.027589e+01 6.565661e+00 2.813116e+00 -6.092205e+01 3.068722e+01 -4.116275e-01 -1.137311e+01 4.101396e+00 1.55896e+00 3.041856e+00 -7.566895e-01 9.353008e+00 2.027589e+01 3.588372e+01 1.999866e+01 8.084409e+00 5.586253e+01 -1.659429e+01 -8.125218e+00 1.148659e+01 -5.425128e-02 9.368139e-01 1.248239e+01 -7.997046e+00 1.099709e+01 6.565661e+00 1.999866e+01 3.87073e+01 1.255413e+01 -7.209316e+01 2.083398e+01 1.182155e+01 -1.601634e+01 2.108431e+00 6.008329e+00 -1.383813e+01 6.393593e+00 -1.488599e+01 2.813116e+00 8.084409e+00 1.255413e+01 4.224588e+01 ) ],
        [ a essentia:InverseCovariance ;
            afo:dimensions ( 13 13 ) ;
            afo:values ( 1.272348e-03 1.83759e-03 4.25239e-04 -1.723152e-03 2.065015e-03 -4.724075e-04 2.532816e-04 -2.223985e-05 -1.238373e-03 1.092077e-03 -4.144576e-04 -1.946204e-04 1.71299e-04 1.83759e-03 1.061981e-02 -9.349964e-03 1.041186e-02 -6.771063e-03 3.182898e-03 -7.319265e-03 4.283925e-03 -3.119132e-03 1.142565e-03 -2.311318e-03 1.89158e-03 6.781672e-06 4.25239e-04 -9.349964e-03 2.518506e-02 -2.182331e-02 2.041617e-02 -1.454913e-02 1.353843e-02 -1.963797e-03 -7.192326e-05 4.367582e-03 -5.81279e-03 6.792054e-03 -5.424497e-03 -1.723152e-03 1.041186e-02 -2.182331e-02 4.545427e-02 -3.670228e-02 1.551729e-02 -1.283526e-02 1.978555e-03 7.270865e-03 -1.889368e-02 2.567941e-02 -2.450188e-02 1.657238e-02 2.065015e-03 -6.771063e-03 2.041617e-02 -3.670228e-02 4.6296e-02 -1.964787e-02 1.003053e-02 1.892744e-03 -1.614634e-02 2.640683e-02 -2.969721e-02 2.880115e-02 -1.960506e-02 -4.724075e-04 3.182898e-03 -1.454913e-02 1.551729e-02 -1.964787e-02 3.194198e-02 -1.182936e-02 -1.258546e-02 2.111546e-02 -1.898003e-02 1.667607e-02 -2.107729e-02 1.382243e-02 2.532816e-04 -7.319265e-03 1.353843e-02 -1.283526e-02 1.003053e-02 -1.182936e-02 2.178545e-02 3.920332e-03 -1.122005e-02 1.919381e-03 3.120896e-03 -1.117502e-03 -1.234708e-03 -2.223985e-05 4.283925e-03 -1.963797e-03 1.978555e-03 1.892744e-03 -1.258546e-02 3.920332e-03 2.509796e-02 -1.715706e-02 3.941668e-03 -7.012498e-03 1.668717e-02 -1.159471e-02 -1.238373e-03 -3.119132e-03 -7.192326e-05 7.270865e-03 -1.614634e-02 2.111546e-02 -1.122005e-02 -1.715706e-02 5.154878e-02 -2.865203e-02 1.787996e-02 -2.90588e-02 2.421134e-02 1.092077e-03 1.142565e-03 4.367582e-03 -1.889368e-02 2.640683e-02 -1.898003e-02 1.919381e-03 3.941668e-03 -2.865203e-02 6.438038e-02 -5.220162e-02 3.716622e-02 -2.110941e-02 -4.144576e-04 -2.311318e-03 -5.81279e-03 2.567941e-02 -2.969721e-02 1.667607e-02 3.120896e-03 -7.012498e-03 1.787996e-02 -5.220162e-02 9.535551e-02 -6.539379e-02 2.395031e-02 -1.946204e-04 1.89158e-03 6.792054e-03 -2.450188e-02 2.880115e-02 -2.107729e-02 -1.117502e-03 1.668717e-02 -2.90588e-02 3.716622e-02 -6.539379e-02 8.881678e-02 -4.037964e-02 1.71299e-04 6.781672e-06 -5.424497e-03 1.657238e-02 -1.960506e-02 1.382243e-02 -1.234708e-03 -1.159471e-02 2.421134e-02 -2.110941e-02 2.395031e-02 -4.037964e-02 4.94769e-02 ) ] .

_:081134b5-a997-404b-851a-1e4673c1e4de a essentia:FirstPeakWeight ;
    event:time _:4d438cd7-763b-4b59-8114-7172efc42ae8 ;
    afo:computed_by _:LowLevelExtractor ;
    afo:feature _:01386501-bbcd-472e-a1ee-262b1756a0d7,
        [ a essentia:Median ;
            afo:value 7.895792e-01 ],
        [ a essentia:SecondDerivativeMean ;
            afo:value 0 ],
        [ a essentia:SecondDerivativeVariance ;
            afo:value 0 ],
        [ a essentia:Variance ;
            afo:value 0 ],
        [ a essentia:Minimum ;
            afo:value 7.895792e-01 ],
        [ a essentia:DerivativeMean ;
            afo:value 0 ],
        [ a essentia:Maximum ;
            afo:value 7.895792e-01 ],
        [ a essentia:DerivativeVariance ;
            afo:value 0 ] .

_:0821f1e5-0742-457f-9083-bc16a3d60365 a essentia:Variance ;
    afo:value 1.179327e-02 .

_:098e9f11-5683-4e70-b266-6a3f657475de rdf:first 3.067111e+03 ;
    rdf:rest ( -1.082178e+03 -1.555545e+02 2.060117e+02 -1.523773e+01 -4.100456e+01 -1.625728e+02 9.274701e+01 -4.818272e+01 1.54332e+02 -1.429359e+02 6.742579e+01 -5.965612e+01 -1.082178e+03 5.547443e+02 5.708239e+01 -8.190591e+01 -4.345062e+01 3.156688e+01 5.203054e+01 -2.930901e+01 1.238897e+01 -5.651437e+01 6.213453e+01 -2.167274e+01 2.632791e+01 -1.555545e+02 5.708239e+01 2.005331e+02 -7.339545e+01 3.936273e+01 -2.529542e+01 2.710992e+01 -3.015931e+01 1.094929e+00 -2.958815e+01 7.932844e+00 -5.125784e+00 -6.740355e+00 2.060117e+02 -8.190591e+01 -7.339545e+01 1.288093e+02 -1.580235e+01 4.372522e+01 -2.642135e+01 2.592679e+01 -5.005273e+00 2.799438e+01 -1.543887e+01 1.1691e+01 -5.210309e+00 -1.523773e+01 -4.345062e+01 3.936273e+01 -1.580235e+01 1.246445e+02 -3.387393e+01 1.541355e+01 -1.056487e+01 3.028757e+00 -4.352542e+00 -9.642795e+00 -6.512942e+00 -5.690426e+00 -4.100456e+01 3.156688e+01 -2.529542e+01 4.372522e+01 -3.387393e+01 9.139887e+01 1.435061e+01 2.270338e+01 -3.340503e+00 6.356772e+00 4.260298e+00 9.87324e+00 4.041317e-01 -1.625728e+02 5.203054e+01 2.710992e+01 -2.642135e+01 1.541355e+01 1.435061e+01 5.953283e+01 2.205518e+00 1.992928e+01 -1.665234e+01 1.793164e+01 -9.859841e+00 8.75487e+00 9.274701e+01 -2.930901e+01 -3.015931e+01 2.592679e+01 -1.056487e+01 2.270338e+01 2.205518e+00 5.387296e+01 8.685082e+00 2.287386e+01 -6.992833e+00 9.4766e+00 -6.141436e+00 -4.818272e+01 1.238897e+01 1.094929e+00 -5.005273e+00 3.028757e+00 -3.340503e+00 1.992928e+01 8.685082e+00 4.724704e+01 8.332482e+00 1.617425e+01 -7.81334e+00 1.117489e+01 1.54332e+02 -5.651437e+01 -2.958815e+01 2.799438e+01 -4.352542e+00 6.356772e+00 -1.665234e+01 2.287386e+01 8.332482e+00 5.052688e+01 2.72436e+00 1.585719e+01 -4.354627e+00 -1.429359e+02 6.213453e+01 7.932844e+00 -1.543887e+01 -9.642795e+00 4.260298e+00 1.793164e+01 -6.992833e+00 1.617425e+01 2.72436e+00 5.282859e+01 8.839586e+00 1.814144e+01 6.742579e+01 -2.167274e+01 -5.125784e+00 1.1691e+01 -6.512942e+00 9.87324e+00 -9.859841e+00 9.4766e+00 -7.81334e+00 1.585719e+01 8.839586e+00 3.864082e+01 7.777012e+00 -5.965612e+01 2.632791e+01 -6.740355e+00 -5.210309e+00 -5.690426e+00 4.041317e-01 8.75487e+00 -6.141436e+00 1.117489e+01 -4.354627e+00 1.814144e+01 7.777012e+00 3.66601e+01 ) .

_:09a1c456-f665-4bea-b2a3-ed7a9777dbfb a essentia:Skewness ;
    afo:feature [ a essentia:Variance ;
            afo:value 1.217863e+00 ],
        [ a essentia:DerivativeMean ;
            afo:value 7.506098e-01 ],
        [ a essentia:Mean ;
            afo:value 3.273237e+00 ],
        [ a essentia:Median ;
            afo:value 3.136599e+00 ],
        [ a essentia:SecondDerivativeMean ;
            afo:value 1.211884e+00 ],
        [ a essentia:Minimum ;
            afo:value 6.397082e-01 ],
        [ a essentia:Maximum ;
            afo:value 8.380053e+00 ],
        [ a essentia:DerivativeVariance ;
            afo:value 4.73542e-01 ],
        [ a essentia:SecondDerivativeVariance ;
            afo:value 1.345121e+00 ] .

_:09aa553a-0986-42d4-b125-dd87e18f3f07 a essentia:Mean ;
    afo:value 120 .

_:0a3216ec-f33d-4d2d-b62f-027164e19957 a essentia:KeyStrength ;
    event:time _:4d438cd7-763b-4b59-8114-7172efc42ae8 ;
    afo:value 5.122547e-01 .

_:0b90ca85-72bd-459d-a3fe-80da4f911785 a essentia:Variance ;
    afo:values ( 4.305675e-05 2.056139e-05 4.06997e-06 6.464912e-07 1.436278e-06 2.290913e-07 7.64706e-08 2.044329e-07 2.209413e-08 4.555262e-09 5.783936e-09 3.264126e-08 4.235513e-09 2.506937e-09 8.420664e-09 2.53939e-09 1.444439e-09 1.84914e-09 2.339533e-09 2.974649e-09 1.274899e-09 4.135976e-10 2.387063e-09 4.070119e-10 4.321238e-10 4.100952e-10 1.995824e-10 2.052265e-10 3.103754e-10 2.488424e-10 1.230389e-10 5.157303e-11 1.944993e-11 4.73491e-12 1.559896e-12 7.687388e-13 3.700303e-13 2.206893e-13 2.375507e-14 1.669347e-15 ) .

_:0bb7948f-7259-48e0-9e17-1923b9d75636 a essentia:Median ;
    afo:values ( 1.253813e-01 8.290442e-02 3.67536e-02 1.856068e-02 1.880303e-02 2.101094e-02 3.405387e-02 6.551182e-02 7.444719e-02 4.548819e-02 2.012135e-02 1.729466e-02 3.582284e-02 6.744005e-02 2.669882e-01 5.847616e-01 3.887975e-01 6.642031e-02 2.110589e-02 1.550838e-02 2.500402e-02 4.151177e-02 4.885087e-02 2.221377e-01 3.624241e-01 2.051326e-01 6.737647e-02 1.475687e-01 1.238258e-01 3.607366e-02 1.526534e-02 1.484154e-02 1.686343e-02 2.679999e-02 6.247663e-02 1.105939e-01 ) .

_:0c300b0e-66a4-4959-9a7f-0e42a6febaad a essentia:Median ;
    afo:value 1.100753e-01 .

_:0cf5eafa-0de2-4237-94b6-6489670150f5 a essentia:DerivativeVariance ;
    afo:value 2.794884e+01 .

_:0d11eddd-e139-482c-9b6f-1503bb56b7b0 a essentia:Variance ;
    afo:value 7.940242e-03 .

_:0d4fb777-0e6e-4069-9b7d-917e0579110f a essentia:SecondDerivativeVariance ;
    afo:value 1.564918e+02 .

_:0d6b7069-f2c4-4328-9880-a08baeaa5a24 a essentia:Entropy ;
    afo:feature [ a essentia:SecondDerivativeVariance ;
            afo:value 6.690344e-01 ],
        [ a essentia:Maximum ;
            afo:value 4.505719e+00 ],
        [ a essentia:DerivativeVariance ;
            afo:value 2.395732e-01 ],
        [ a essentia:Median ;
            afo:value 2.881985e+00 ],
        [ a essentia:SecondDerivativeMean ;
            afo:value 1.050105e+00 ],
        [ a essentia:Minimum ;
            afo:value 8.670007e-02 ],
        [ a essentia:Variance ;
            afo:value 4.289804e-01 ],
        [ a essentia:Mean ;
            afo:value 2.821723e+00 ],
        [ a essentia:DerivativeMean ;
            afo:value 6.186541e-01 ] .

_:0e033c1b-2874-4445-aa80-62ec55a11f74 rdf:first 3.891779e-03 ;
    rdf:rest ( 2.803825e-03 1.329186e-03 8.035991e-04 6.567569e-04 3.346417e-03 ) .

_:0e7e6bd8-81a9-40eb-b3a6-7aa94ab17cef rdf:first 1.617667e-03 ;
    rdf:rest ( 1.191935e-03 6.951274e-04 3.926455e-04 1.876464e-04 1.05802e-03 ) .

_:0e8d3835-759c-4657-bae0-65d92efd92e3 a essentia:Maximum ;
    afo:value 2.662237e-02 .

_:0e9856a1-a91f-40d9-b5d5-2e9e6e88fe1a a essentia:Mean ;
    afo:value 1.398767e+03 .

_:0f4d1e63-a1d2-450c-8b83-bac9ff93c9ae a essentia:Minimum ;
    afo:value 2.378673e-08 .

_:0f8fc8e8-fd7b-44db-9416-3aac8ad7b21f a essentia:Maximum ;
    afo:value 8.939931e+01 .

_:0ffed1cf-6f22-4380-a821-c8f841b9fa34 a essentia:Maximum ;
    afo:value 120 .

_:100c5db3-9930-4582-a64d-949b1fb0312e a essentia:Median ;
    afo:value 7.787477e+00 .

_:10c702a6-b62d-4ef9-a03c-9bf3ba29888e a essentia:SecondDerivativeVariance ;
    afo:value 9.195246e-04 .

_:110e0c9b-7ac7-49f7-9681-dc59b4fb8aeb a essentia:NonTemperedEnergyRatio ;
    event:time _:4d438cd7-763b-4b59-8114-7172efc42ae8 ;
    afo:value 8.496875e-01 .

_:119a34f5-8060-42ce-9bba-126c340cbfc6 a essentia:Maximum ;
    afo:value 8.115507e+00 .

_:11c938d0-36db-4f9f-93c0-9d8c23265dcb a essentia:Median ;
    afo:value 4.174964e+00 .

_:1288f00b-ea17-4d8d-89d7-9955e62aab8a a essentia:SecondDerivativeVariance ;
    afo:value 6.291072e+01 .

_:13563e6b-359a-43c7-b19a-a3ab29bb1598 a essentia:Median ;
    afo:value 1.362305e-01 .

_:137ee387-bd2a-4262-9454-4c4f5aa42657 a essentia:RMS ;
    event:time _:4d438cd7-763b-4b59-8114-7172efc42ae8 ;
    afo:computed_by _:LowLevelExtractor ;
    afo:feature [ a essentia:Variance ;
            afo:value 4.323593e-06 ],
        [ a essentia:Maximum ;
            afo:value 1.63416e-02 ],
        [ a essentia:SecondDerivativeVariance ;
            afo:value 3.112344e-06 ],
        [ a essentia:DerivativeVariance ;
            afo:value 1.07918e-06 ],
        [ a essentia:Mean ;
            afo:value 7.259587e-03 ],
        [ a essentia:SecondDerivativeMean ;
            afo:value 1.701937e-03 ],
        [ a essentia:Minimum ;
            afo:value 2.679413e-05 ],
        [ a essentia:Median ;
            afo:value 7.040847e-03 ],
        [ a essentia:DerivativeMean ;
            afo:value 1.070543e-03 ] .

_:1399a2ed-fb60-4f59-a7bc-b002c5a19636 a essentia:Maximum ;
    afo:value 63 .

_:13e86a1e-03b0-4fa2-bcc6-26b3b2751947 a essentia:Minimum ;
    afo:values ( 2.353242e-07 3.905458e-06 1.812925e-05 2.765075e-05 3.837722e-05 4.606764e-05 4.423275e-05 3.63623e-05 2.499424e-05 4.851535e-05 1.160246e-04 3.137017e-04 1.604507e-04 1.666379e-04 1.516164e-04 5.067484e-05 1.425072e-04 2.779899e-04 8.142184e-05 1.484657e-04 1.168838e-04 7.909832e-05 5.474228e-05 1.886404e-04 9.019318e-05 2.781605e-05 1.83779e-05 2.455741e-05 5.124833e-05 3.728803e-05 1.617634e-05 1.34864e-05 9.382084e-06 8.807239e-07 1.841944e-07 2.054529e-06 3.956393e-06 3.650941e-06 1.682703e-06 1.152048e-06 ) .

_:14c965d5-321c-4d8f-9af7-8a4bbce81d6a a essentia:Entropy ;
    event:time _:4d438cd7-763b-4b59-8114-7172efc42ae8 ;
    afo:computed_by _:LowLevelExtractor ;
    afo:feature _:100c5db3-9930-4582-a64d-949b1fb0312e,
        _:119a34f5-8060-42ce-9bba-126c340cbfc6,
        [ a essentia:DerivativeVariance ;
            afo:value 7.143725e-03 ],
        [ a essentia:Mean ;
            afo:value 7.720092e+00 ],
        [ a essentia:SecondDerivativeMean ;
            afo:value 1.278109e-01 ],
        [ a essentia:Minimum ;
            afo:value 6.137167e+00 ],
        [ a essentia:DerivativeMean ;
            afo:value 8.477757e-02 ],
        [ a essentia:SecondDerivativeVariance ;
            afo:value 1.568028e-02 ],
        [ a essentia:Variance ;
            afo:value 6.346627e-02 ] .

_:15eb087a-5783-48dc-ad74-e4a36c59fe91 rdf:first 2.28896e-01 ;
    rdf:rest ( 1.670569e-01 9.517422e-02 6.14798e-02 5.503875e-02 5.262964e-02 7.65563e-02 1.371153e-01 1.495115e-01 1.036389e-01 7.576464e-02 7.779269e-02 1.047888e-01 1.605385e-01 3.422588e-01 5.649084e-01 4.424167e-01 1.719537e-01 7.970285e-02 5.49725e-02 5.670499e-02 7.203055e-02 7.698467e-02 2.610475e-01 4.385439e-01 2.449303e-01 1.291651e-01 2.303606e-01 1.861492e-01 7.601292e-02 4.204826e-02 3.85799e-02 4.303584e-02 6.516393e-02 1.22162e-01 2.046878e-01 ) .

_:1657482e-1633-41b3-866d-32ec3683e20c a essentia:Median ;
    afo:value 2.193504e-01 .

_:16b1bf0f-9766-4796-a2ac-dc72915fe5d4 a essentia:Crest ;
    afo:feature [ a essentia:Median ;
            afo:value 1.032353e+01 ],
        [ a essentia:Maximum ;
            afo:value 2.326945e+01 ],
        [ a essentia:DerivativeMean ;
            afo:value 3.08537e+00 ],
        [ a essentia:Mean ;
            afo:value 1.076886e+01 ],
        [ a essentia:Minimum ;
            afo:value 2.452704e+00 ],
        [ a essentia:Variance ;
            afo:value 1.648834e+01 ],
        [ a essentia:DerivativeVariance ;
            afo:value 6.830846e+00 ],
        [ a essentia:SecondDerivativeVariance ;
            afo:value 2.146794e+01 ],
        [ a essentia:SecondDerivativeMean ;
            afo:value 4.980084e+00 ] .

_:17bb0de6-67d8-4795-b3e7-ce9eae75f8a2 a essentia:DerivativeVariance ;
    afo:value 2.512404e-02 .

_:17ed396b-426b-4c06-9f2e-ec0c3cc665a5 a essentia:Mean ;
    afo:value 2.411864e+01 .

_:182e2fb6-0901-4b1f-871d-dec6b8d4bc76 a essentia:Minimum ;
    afo:value -1.518651e+00 .

_:1847e269-ba0c-4d01-aac9-4a86a8db0e97 a essentia:Mean ;
    afo:value -3.057014e-01 .

_:18ef6ca0-0566-418f-a5fc-332f942a24eb a essentia:Median ;
    afo:value 1.094425e-01 .

_:191fe1e9-ac84-4e2f-b53f-6a433474f665 a essentia:Kurtosis ;
    event:time _:4d438cd7-763b-4b59-8114-7172efc42ae8 ;
    afo:computed_by _:LowLevelExtractor ;
    afo:feature [ a essentia:Median ;
            afo:value 9.484395e+00 ],
        [ a essentia:SecondDerivativeMean ;
            afo:value 2.16958e+00 ],
        [ a essentia:DerivativeVariance ;
            afo:value 3.577387e+00 ],
        [ a essentia:Minimum ;
            afo:value 4.379184e+00 ],
        [ a essentia:Maximum ;
            afo:value 4.329799e+01 ],
        [ a essentia:SecondDerivativeVariance ;
            afo:value 9.172175e+00 ],
        [ a essentia:Mean ;
            afo:value 1.03307e+01 ],
        [ a essentia:DerivativeMean ;
            afo:value 1.390793e+00 ],
        [ a essentia:Variance ;
            afo:value 1.262267e+01 ] .

_:1931d66e-0e87-44b7-9c55-caa4612ec8cd a essentia:SecondDerivativeMean ;
    afo:value 0 .

_:1934e7a6-9783-4602-8fef-d1b6e3202522 a essentia:SecondDerivativeVariance ;
    afo:value 7.82844e-17 .

_:19c2296f-6cfd-45f9-8e8a-b03fa1d7016c a essentia:Skewness ;
    afo:feature [ a essentia:SecondDerivativeVariance ;
            afo:value 7.539932e-02 ],
        [ a essentia:Variance ;
            afo:value 2.894552e-01 ],
        [ a essentia:SecondDerivativeMean ;
            afo:value 3.362855e-01 ],
        [ a essentia:Median ;
            afo:value -1.841899e-01 ],
        [ a essentia:Mean ;
            afo:value -1.6508e-01 ],
        [ a essentia:Maximum ;
            afo:value 2.753681e+00 ],
        [ a essentia:Minimum ;
            afo:value -2.054372e+00 ],
        [ a essentia:DerivativeMean ;
            afo:value 2.161468e-01 ],
        [ a essentia:DerivativeVariance ;
            afo:value 3.157274e-02 ] .

_:19e7dfbc-476c-4934-8922-ba944c8e8454 a essentia:FirstPeakSpread ;
    event:time _:4d438cd7-763b-4b59-8114-7172efc42ae8 ;
    afo:computed_by _:LowLevelExtractor ;
    afo:feature [ a essentia:DerivativeVariance ;
            afo:value 0 ],
        [ a essentia:Minimum ;
            afo:value 1.705263e-01 ],
        [ a essentia:SecondDerivativeMean ;
            afo:value 0 ],
        [ a essentia:Mean ;
            afo:value 1.705263e-01 ],
        [ a essentia:DerivativeMean ;
            afo:value 0 ],
        [ a essentia:Median ;
            afo:value 1.705263e-01 ],
        [ a essentia:SecondDerivativeVariance ;
            afo:value 0 ],
        [ a essentia:Maximum ;
            afo:value 1.705263e-01 ],
        [ a essentia:Variance ;
            afo:value 0 ] .

_:1b07d1ca-2fdd-4d53-a075-2b14e5e5d24a a essentia:Variance ;
    afo:value 8.380525e-02 .

_:1b25dd8d-d630-49c4-83c4-4282242d86fc a essentia:Variance ;
    afo:value 227416375296 .

_:1bd553f2-0b3d-449e-9245-d55e001e6eb9 a essentia:SecondDerivativeVariance ;
    afo:value 2.633693e-04 .

_:1c15bdb0-3a15-4756-a98d-6cb85f302091 a essentia:Median ;
    afo:values ( 5.382171e-03 2.977649e-03 1.193822e-03 6.056771e-04 5.341149e-04 3.633582e-04 1.997697e-04 1.76289e-04 8.632785e-05 5.9973e-05 7.168595e-05 8.691322e-05 5.912717e-05 5.026303e-05 5.226819e-05 6.50139e-05 4.664176e-05 4.910124e-05 5.458892e-05 5.208365e-05 3.669949e-05 2.479267e-05 5.059918e-05 2.487209e-05 2.400475e-05 1.908886e-05 1.143441e-05 1.001815e-05 7.627647e-06 4.325655e-06 3.371837e-06 2.340219e-06 1.681807e-06 1.199812e-06 8.561833e-07 5.907934e-07 3.162054e-07 1.908794e-07 5.61142e-08 8.694011e-09 ) .

_:1c410e8a-93dc-494d-adc7-9a094f93e173 a essentia:Mean ;
    afo:value 9.131753e-01 .

_:1c943c22-9d47-454d-9c28-5719d1928af7 a essentia:SecondDerivativeMean ;
    afo:value 0 .

_:1cb879fd-9488-46a2-85b4-b87d5ddad3d6 rdf:first 6.611463e-01 ;
    rdf:rest ( 1.185905e-01 5.429675e-02 6.009327e-02 5.374588e-02 7.264761e-02 ) .

_:1ccccba6-3c27-4287-a05d-52b069831345 rdf:first -6.116453e+00 ;
    rdf:rest ( -6.094265e+00 -6.63468e+00 -6.657073e+00 -6.546871e+00 -1.059906e+01 ) .

_:1d0a5a89-14e6-4578-82c3-2e43b421c904 a essentia:Minimum ;
    afo:value 7.358736e-07 .

_:1d2f54d4-041b-4b16-924a-11d967d65ae9 rdf:first 4.363482e-03 ;
    rdf:rest ( 3.242851e-03 2.049291e-03 1.132484e-03 5.39504e-04 2.72589e-03 ) .

_:1d61b5a4-1606-418f-bf73-e5dc4b2431fb rdf:first 3.07912e-09 ;
    rdf:rest ( 8.246642e-09 5.112624e-09 3.204683e-09 1.60727e-09 8.727034e-10 4.241705e-10 5.005334e-10 1.12091e-09 2.037464e-09 7.183016e-10 5.968073e-10 6.953663e-10 1.193602e-10 1.70566e-10 4.36762e-10 5.125755e-10 1.249967e-10 1.580542e-10 1.835645e-10 1.240187e-10 7.796493e-11 4.987308e-11 6.594636e-11 1.724135e-10 7.151633e-11 5.284029e-11 9.600054e-12 8.857524e-12 1.351229e-11 1.304364e-11 3.014537e-11 2.726128e-11 1.830973e-11 9.438878e-12 7.879792e-12 8.058442e-12 2.626884e-12 2.071423e-12 9.46409e-14 ) .

_:1e109102-84ef-4c01-987c-0749631dee5e rdf:first -9.28406e-01 ;
    rdf:rest ( -9.354787e-01 -9.19208e-01 -9.234483e-01 -8.968388e-01 -8.873368e-01 ) .

_:1f15c6d0-de0c-4a7d-9abb-f53e9210a4f9 a essentia:Median ;
    afo:values _:1ccccba6-3c27-4287-a05d-52b069831345 .

_:1f1b93e4-6a37-45cc-862b-557e2e726e8f a essentia:ChordsStrength ;
    event:time _:4d438cd7-763b-4b59-8114-7172efc42ae8 ;
    afo:computed_by _:LowLevelExtractor ;
    afo:feature [ a essentia:DerivativeVariance ;
            afo:value 3.617886e-05 ],
        [ a essentia:SecondDerivativeVariance ;
            afo:value 5.395604e-05 ],
        [ a essentia:Maximum ;
            afo:value 7.610056e-01 ],
        [ a essentia:Median ;
            afo:value 5.50391e-01 ],
        [ a essentia:SecondDerivativeMean ;
            afo:value 8.60367e-03 ],
        [ a essentia:Mean ;
            afo:value 5.521817e-01 ],
        [ a essentia:DerivativeMean ;
            afo:value 7.19953e-03 ],
        [ a essentia:Minimum ;
            afo:value 3.162111e-01 ],
        [ a essentia:Variance ;
            afo:value 6.740989e-03 ] .

_:204a8fb1-6b65-4dbe-bc69-c2faa0c7e0dd a essentia:SecondDerivativeMean ;
    afo:values ( 2.32491e-01 1.128913e-01 6.194229e-02 5.235909e-02 4.04472e-02 5.699797e-02 ) .

_:2095bab5-956f-46c0-a61d-4b73edcd3057 a essentia:DerivativeMean ;
    afo:value 1.348457e-03 .

_:21e6d616-35d2-46cd-a43c-ef03e4160d42 a essentia:Variance ;
    afo:value 1.4287e-05 .

_:21e888e2-941a-4869-9668-4326a95327cc a essentia:DerivativeVariance ;
    afo:value 2.709998e-04 .

_:22243235-f4fc-4bcc-8bc2-5b0ea6447cea a essentia:Maximum ;
    afo:value 8.529515e-01 .

_:2233269f-7474-4398-ad0a-1d18e8303bb3 a essentia:DerivativeVariance ;
    afo:value 0 .

_:22358a1d-8018-45da-8f07-2ceebdf8fff7 a essentia:Minimum ;
    afo:values _:1d61b5a4-1606-418f-bf73-e5dc4b2431fb .

_:234a1210-14e4-4d25-b7bc-33ccb8eb8f2d a essentia:TuningFrequency ;
    event:time _:4d438cd7-763b-4b59-8114-7172efc42ae8 ;
    afo:value 4.341931e+02 .

_:235b2175-6b62-4caa-aa12-248e3f8d069d a essentia:Minimum ;
    afo:value 1.773924e-01 .

_:23ebdb80-4d8e-457e-8abe-e91685c88e2b rdf:first 1 ;
    rdf:rest ( 1 1 1 1 1 1 1 1 1 1 1 1 1 1 1 1 1 1 1 1 1 1 1 1 1 1 1 1 1 1 1 1 1 1 1 ) .

_:240af2d5-3029-4f4d-9d4e-4f4220a0eefd rdf:first -6.155379e+00 ;
    rdf:rest ( -6.124867e+00 -6.679167e+00 -6.789889e+00 -6.824883e+00 -1.079184e+01 ) .

_:24bf595d-4e0a-48cd-bce9-ac330d9839d3 a essentia:DerivativeMean ;
    afo:value 9.344999e+02 .

_:24cd6018-dc08-46c7-9efb-4672483286f9 a essentia:Median ;
    afo:value 5.081286e-02 .

_:25082649-d9b0-4f33-955c-7501c423695a a essentia:InverseCovariance ;
    afo:dimensions ( 13 13 ) ;
    afo:values ( 1.266322e-03 2.272558e-03 -2.109901e-04 -1.183224e-04 9.196537e-04 2.250438e-04 6.40079e-04 -5.335465e-04 4.713876e-04 -9.75624e-04 6.344038e-04 -1.296219e-04 -2.750097e-04 2.272558e-03 6.855693e-03 -5.958765e-04 1.160038e-03 2.258816e-03 -1.239941e-03 1.502971e-03 -1.160825e-03 1.035085e-03 4.962149e-04 -1.88222e-03 1.451409e-03 -9.922676e-04 -2.109901e-04 -5.958765e-04 7.477654e-03 3.080796e-03 -1.673705e-03 -2.492662e-04 -1.733314e-03 2.939981e-03 -1.576447e-03 2.282426e-03 1.815329e-04 -3.374749e-03 3.924443e-03 -1.183224e-04 1.160038e-03 3.080796e-03 1.472629e-02 -1.703975e-03 -8.129422e-03 6.352151e-03 -8.615419e-04 -1.871678e-03 -1.234774e-03 9.062369e-04 4.167962e-04 -3.154187e-04 9.196537e-04 2.258816e-03 -1.673705e-03 -1.703975e-03 1.160231e-02 5.024514e-03 -6.098341e-03 1.546718e-03 1.164068e-03 -2.706476e-03 3.265816e-03 -8.442883e-04 6.721113e-04 2.250438e-04 -1.239941e-03 -2.492662e-04 -8.129422e-03 5.024514e-03 2.04941e-02 -1.115045e-02 -3.788601e-03 5.246479e-03 -1.453363e-03 9.688357e-04 -3.770385e-03 1.186155e-03 6.40079e-04 1.502971e-03 -1.733314e-03 6.352151e-03 -6.098341e-03 -1.115045e-02 3.644065e-02 -8.198181e-03 -1.061013e-02 1.18375e-02 -9.135184e-03 6.300033e-03 -2.528764e-03 -5.335465e-04 -1.160825e-03 2.939981e-03 -8.615419e-04 1.546718e-03 -3.788601e-03 -8.198181e-03 3.197443e-02 -7.331249e-03 -1.010345e-02 8.790835e-03 -8.419695e-03 6.450247e-03 4.713876e-04 1.035085e-03 -1.576447e-03 -1.871678e-03 1.164068e-03 5.246479e-03 -1.061013e-02 -7.331249e-03 3.694935e-02 -1.212361e-02 -7.01854e-03 1.440591e-02 -1.138965e-02 -9.75624e-04 4.962149e-04 2.282426e-03 -1.234774e-03 -2.706476e-03 -1.453363e-03 1.18375e-02 -1.010345e-02 -1.212361e-02 4.033306e-02 -9.238882e-03 -1.056516e-02 8.676266e-03 6.344038e-04 -1.88222e-03 1.815329e-04 9.062369e-04 3.265816e-03 9.688357e-04 -9.135184e-03 8.790835e-03 -7.01854e-03 -9.238882e-03 3.476952e-02 -1.073137e-02 -7.190577e-03 -1.296219e-04 1.451409e-03 -3.374749e-03 4.167962e-04 -8.442883e-04 -3.770385e-03 6.300033e-03 -8.419695e-03 1.440591e-02 -1.056516e-02 -1.073137e-02 4.343491e-02 -1.436901e-02 -2.750097e-04 -9.922676e-04 3.924443e-03 -3.154187e-04 6.721113e-04 1.186155e-03 -2.528764e-03 6.450247e-03 -1.138965e-02 8.676266e-03 -7.190577e-03 -1.436901e-02 4.11041e-02 ) .

_:253a520b-e289-4afc-be86-a0d3dc055f30 a essentia:SecondDerivativeVariance ;
    afo:value 1.405411e-01 .

_:25dd2db0-9d58-4f6f-8ce4-ccbc57f92051 a essentia:ERBBands ;
    event:time _:4d438cd7-763b-4b59-8114-7172efc42ae8 ;
    afo:computed_by _:LowLevelExtractor ;
    afo:feature [ a essentia:Kurtosis ;
            afo:feature _:182e2fb6-0901-4b1f-871d-dec6b8d4bc76,
                _:1847e269-ba0c-4d01-aac9-4a86a8db0e97,
                [ a essentia:DerivativeVariance ;
                    afo:value 2.244066e-01 ],
                [ a essentia:Median ;
                    afo:value -4.860767e-01 ],
                [ a essentia:SecondDerivativeVariance ;
                    afo:value 5.125437e-01 ],
                [ a essentia:Maximum ;
                    afo:value 8.424888e+00 ],
                [ a essentia:SecondDerivativeMean ;
                    afo:value 6.753672e-01 ],
                [ a essentia:DerivativeMean ;
                    afo:value 4.292866e-01 ],
                [ a essentia:Variance ;
                    afo:value 6.383464e-01 ] ] .

_:265b87a4-f15c-4223-ab3f-26d6ea7af573 a essentia:Variance ;
    afo:value 1.820738e-04 .

_:26be2e47-4ccd-4765-bcef-ee7b303fbb42 a essentia:DerivativeMean ;
    afo:values ( 3.754208e-03 2.814934e-03 1.210078e-03 4.812642e-04 4.216334e-04 2.347457e-04 1.557333e-04 1.933439e-04 7.430959e-05 4.57409e-05 5.041731e-05 7.593227e-05 4.878478e-05 3.49083e-05 4.074089e-05 3.576024e-05 2.606962e-05 2.829814e-05 2.660934e-05 2.8894e-05 1.994004e-05 1.051099e-05 2.54264e-05 1.005016e-05 1.020272e-05 8.634735e-06 5.159855e-06 5.137524e-06 4.100906e-06 2.778036e-06 2.124593e-06 1.386651e-06 8.451494e-07 6.11977e-07 3.97168e-07 2.887647e-07 1.800806e-07 1.502417e-07 6.058269e-08 2.464889e-08 ) .

_:26f4ff82-f0a4-4902-84b6-d44b71aa5949 rdf:first 5.623705e-01 ;
    rdf:rest ( 5.083817e-01 4.523127e-01 3.383511e-01 2.555399e-01 7.491089e-01 ) .

_:2735a452-f224-4701-b99d-828c8d11d99e a essentia:DerivativeMean ;
    afo:value 0 .

_:275070e9-0946-40ec-8cb7-e11979b9e127 a essentia:Mean ;
    afo:value 5.815595e+00 .

_:2751775d-483a-45de-b338-3aa6b49f6e87 a essentia:SecondDerivativeMean ;
    afo:value 2.999622e+02 .

_:28346f65-2060-4546-ad7f-a714316ab505 a essentia:Variance ;
    afo:value 0 .

_:28bc9a93-869c-487a-b0b3-4318a95e4da1 a essentia:Variance ;
    afo:value 2.593746e+03 .

_:291076f6-bf7e-4d44-8d21-7e5deb9501d5 a essentia:SecondDerivativeVariance ;
    afo:value 5.325468e-02 .

_:2a2de4e9-73ce-4eb6-966b-dba17628cee7 a essentia:Mean ;
    afo:value 1.15398e-01 .

_:2a306d5e-fba1-4a4f-8cb7-3d37f0167081 a essentia:SecondDerivativeMean ;
    afo:value 4.62194e+00 .

_:2a809d2c-795a-4d31-b121-02d2fe42668c a essentia:SecondDerivativeVariance ;
    afo:value 4.472202e-06 .

_:2b054fe8-9cce-4593-b8a6-d90011a5e964 a essentia:SecondDerivativeMean ;
    afo:value 7.299636e-09 .

_:2ba9205b-c597-4986-ab04-f2c1b1f42f40 a essentia:Variance ;
    afo:values ( 2.153887e-01 2.040195e-01 1.775023e-01 2.538126e-01 4.836223e-01 6.699004e-01 ) .

_:2bc8aa23-4550-4dec-8af8-d6afb451fef5 a essentia:DerivativeVariance ;
    afo:value 2.943264e-05 .

_:2bccbd88-6077-4678-8c24-dd1f0a32c10c a essentia:DerivativeMean ;
    afo:value 3.508331e+00 .

_:2d4c5d62-ede9-42f0-8554-cabcff72504c a essentia:DerivativeMean ;
    afo:value 1.052828e-02 .

_:2eb9028f-7946-46e0-a7eb-b52cf730cb25 a essentia:DerivativeMean ;
    afo:value 0 .

_:2f4de3bb-f981-4fb1-af15-c872ef79ed55 a essentia:DerivativeVariance ;
    afo:value 3.943178e-04 .

_:304d5739-9674-4743-af35-59ae3a8a3dea a essentia:EnergyBand ;
    event:time _:4d438cd7-763b-4b59-8114-7172efc42ae8 ;
    afo:computed_by _:LowLevelExtractor ;
    afo:feature _:0e8d3835-759c-4657-bae0-65d92efd92e3,
        _:2095bab5-956f-46c0-a61d-4b73edcd3057,
        _:21e6d616-35d2-46cd-a43c-ef03e4160d42,
        _:2a809d2c-795a-4d31-b121-02d2fe42668c,
        [ a essentia:Mean ;
            afo:value 7.051828e-03 ],
        [ a essentia:SecondDerivativeMean ;
            afo:value 2.205582e-03 ],
        [ a essentia:Minimum ;
            afo:value 2.688553e-08 ],
        [ a essentia:Median ;
            afo:value 7.651227e-03 ],
        [ a essentia:DerivativeVariance ;
            afo:value 1.761398e-06 ] .

_:3085d5a1-1f94-4002-b67c-cb926151546b a essentia:Variance ;
    afo:value 1.310886e+02 .

_:30ed9d80-ba8a-4d5f-95ca-146e8839275b a essentia:Maximum ;
    afo:value 3.828382e-01 .

_:319ec630-92ac-4723-a7f5-97715b97e24e rdf:first 6.10878e-02 ;
    rdf:rest ( 6.070302e-02 2.475132e-02 1.119687e-02 1.277436e-02 5.629666e-03 3.362694e-03 6.319463e-03 1.76099e-03 8.370805e-04 8.176629e-04 3.76405e-03 6.347323e-04 6.445412e-04 1.2344e-03 5.101485e-04 3.273436e-04 4.171749e-04 4.902835e-04 5.347661e-04 3.997705e-04 2.703353e-04 3.315896e-04 2.626758e-04 2.574828e-04 2.993093e-04 3.830003e-04 2.561414e-04 4.980957e-04 3.655324e-04 3.128842e-04 1.806588e-04 9.829494e-05 4.526665e-05 2.170076e-05 1.171726e-05 4.234845e-06 3.502719e-06 1.070412e-06 5.157852e-07 ) .

_:31a577a0-7613-4074-bc9f-a74ec8da5a22 a essentia:Variance ;
    afo:value 0 .

_:31f14659-d4eb-4caf-be44-f9d8e5feae20 a essentia:BeatsLoudnessBandRatio ;
    event:time _:4d438cd7-763b-4b59-8114-7172efc42ae8 ;
    afo:computed_by _:LowLevelExtractor ;
    afo:feature _:204a8fb1-6b65-4dbe-bc69-c2faa0c7e0dd,
        [ a essentia:SecondDerivativeVariance ;
            afo:values ( 3.293636e-02 1.207196e-02 4.415461e-03 2.281362e-03 1.321376e-03 2.798518e-03 ) ],
        [ a essentia:Median ;
            afo:values ( 6.758915e-01 9.906183e-02 4.104792e-02 5.163421e-02 4.632349e-02 6.666567e-02 ) ],
        [ a essentia:Minimum ;
            afo:values ( 1.856067e-01 1.225768e-02 4.74239e-03 4.003557e-03 2.47807e-03 5.361558e-03 ) ],
        [ a essentia:Mean ;
            afo:values _:1cb879fd-9488-46a2-85b4-b87d5ddad3d6 ],
        [ a essentia:Maximum ;
            afo:values ( 9.320056e-01 5.64123e-01 3.540746e-01 2.221761e-01 2.089257e-01 2.449965e-01 ) ],
        [ a essentia:DerivativeMean ;
            afo:values ( 1.36337e-01 6.71007e-02 3.559171e-02 2.974017e-02 2.352774e-02 3.273335e-02 ) ],
        [ a essentia:DerivativeVariance ;
            afo:values ( 1.190739e-02 4.592333e-03 1.650957e-03 7.473846e-04 4.926797e-04 1.023034e-03 ) ],
        [ a essentia:Variance ;
            afo:values ( 2.422276e-02 6.667473e-03 1.909958e-03 1.299645e-03 1.311565e-03 1.812084e-03 ) ] .

_:320470a3-5c87-4d39-8330-792e4b976e93 a essentia:MelBands ;
    event:time _:4d438cd7-763b-4b59-8114-7172efc42ae8 ;
    afo:computed_by _:LowLevelExtractor ;
    afo:feature [ a essentia:Kurtosis ;
            afo:feature _:0d4fb777-0e6e-4069-9b7d-917e0579110f,
                _:0f8fc8e8-fd7b-44db-9416-3aac8ad7b21f,
                [ a essentia:Median ;
                    afo:value 1.199648e+01 ],
                [ a essentia:DerivativeMean ;
                    afo:value 6.75546e+00 ],
                [ a essentia:Variance ;
                    afo:value 1.144101e+02 ],
                [ a essentia:Minimum ;
                    afo:value -1.089342e+00 ],
                [ a essentia:DerivativeVariance ;
                    afo:value 5.628741e+01 ],
                [ a essentia:SecondDerivativeMean ;
                    afo:value 1.105999e+01 ],
                [ a essentia:Mean ;
                    afo:value 1.458604e+01 ] ] .

_:32a26205-c00f-4106-8d8c-727fbdbd1536 a essentia:Mean ;
