@prefix afo: <https://w3id.org/afo/onto/1.1#> .
@prefix dc: <http://purl.org/dc/elements/1.1/> .
@prefix essentia: <http://sovarr.c4dm.eecs.qmul.ac.uk/af/essentia/> .
@prefix event: <http://purl.org/NET/c4dm/event.owl#> .
@prefix foaf: <http://xmlns.com/foaf/0.1/> .
@prefix mo: <http://purl.org/ontology/mo/> .
@prefix rdf: <http://www.w3.org/1999/02/22-rdf-syntax-ns#> .
@prefix rdfs: <http://www.w3.org/2000/01/rdf-schema#> .
@prefix tl: <http://purl.org/NET/c4dm/timeline.owl#> .
@prefix xml: <http://www.w3.org/XML/1998/namespace> .
@prefix xsd: <http://www.w3.org/2001/XMLSchema#> .

<http://musicbrainz.org/release/86c7166f-433c-47f1-a32d-1fa699d54b3f> a mo:Release ;
    dc:date "2005-06-06" ;
    dc:title "Get Behind Me Satan" ;
    mo:catalogue_number "XLCD 191" ;
    mo:publisher [ a mo:Label ;
            foaf:name "XL Recordings" ] ;
    mo:track <http://musicbrainz.org/recording/de77f93d-fa3a-44bb-9a0b-396c0337c3d4> ;
    essentia:asin "B0009EK69W" ;
    essentia:barcode "634904019129" ;
    foaf:maker <http://musicbrainz.org/artist/11ae9fbb-f3d7-4a47-936f-4c0a04d3b3b5> .

<02+The+Nurse.flac> a mo:AudioFile ;
    mo:encodes [ a essentia:Signal ;
            mo:time _:d1ade453-b23b-421c-aa4f-865d64bbc528 ;
            essentia:bit_rate "0"^^xsd:float ;
            essentia:codec "flac"^^xsd:string ;
            essentia:downmix "mix"^^xsd:string ;
            essentia:equal_loudness "0"^^xsd:float ;
            essentia:lossless true ;
            essentia:md5_encoded "5dad87e9264332c12252ea7ec72e24f5"^^xsd:string ;
            essentia:replay_gain "-12.2958545685"^^xsd:float ] .

<http://musicbrainz.org/artist/11ae9fbb-f3d7-4a47-936f-4c0a04d3b3b5> a mo:MusicArtist ;
    foaf:name "The White Stripes" .

<http://musicbrainz.org/recording/de77f93d-fa3a-44bb-9a0b-396c0337c3d4> a mo:Track ;
    dc:title "The Nurse" ;
    mo:available_as <02+The+Nurse.flac> ;
    mo:genre [ a mo:Genre ;
            rdfs:label "Rock" ] ;
    mo:track_number "2" .

[] a essentia:VersionInfo .

_:009bac93-94cf-4582-9c1b-240d8b183362 a essentia:DerivativeVariance ;
    afo:value 3.583048e+01 .

_:00e21006-9b78-4e6e-91a2-01a8cfabe150 a essentia:SecondDerivativeMean ;
    afo:value 9.755581e-01 .

_:010d36d8-92da-4b48-b135-f97be0cf2a89 a essentia:DerivativeVariance ;
    afo:value 6.071345e-05 .

_:013401d5-9335-45ce-9105-a3a135269056 a essentia:Minimum ;
    afo:value 7.557802e-02 .

_:013acb61-3798-416b-b86a-971424176baf a essentia:Median ;
    afo:value 0 .

_:01dabc0f-cf22-48a8-85e5-8a5073be9af7 rdf:first 4.919404e-02 ;
    rdf:rest ( 4.57918e-02 3.558919e-02 3.132687e-02 2.125278e-02 1.740302e-02 ) .

_:01dddc13-dea4-4208-ba3b-820179b440d2 a essentia:DerivativeMean ;
    afo:value 2.883952e-09 .

_:01ea3036-99eb-4e1e-87fe-80f95034b5c9 a essentia:SecondDerivativeVariance ;
    afo:values ( 8.752009e-02 7.741892e-02 3.899863e-02 4.146371e-02 9.528245e-03 1.044215e-02 ) .

_:022f40f8-fc45-4792-b7d8-155bd93e10ac a essentia:DerivativeMean ;
    afo:value 2.001044e-02 .

_:02a79644-2075-40df-987b-c9a9738f4db9 a essentia:Maximum ;
    afo:value 1.4396e-01 .

_:02b4935a-f967-4e37-9d5d-788aa959fc5b a essentia:Variance ;
    afo:values ( 9.941541e-03 9.218832e-03 1.056882e-02 3.592651e-02 4.641604e-02 3.71013e-02 1.124427e-01 1.208634e-01 5.333289e-02 8.323037e-02 5.917712e-02 2.177194e-02 1.53825e-02 1.825241e-02 3.981845e-02 1.017291e-01 9.438396e-02 3.366697e-02 2.852851e-02 2.214626e-02 1.068089e-02 2.857933e-02 1.957191e-02 2.54092e-02 9.18974e-02 6.316203e-02 1.420729e-02 1.187957e-02 1.721051e-02 5.325116e-02 1.553684e-01 1.202256e-01 3.873426e-02 1.685428e-02 8.962149e-03 9.03467e-03 ) .

_:02b4dfc4-9e0c-4475-8ddb-b384bb52e321 a essentia:SecondDerivativeMean ;
    afo:value 2.131443e+02 .

_:0423e194-db16-42e8-a31c-83324647ffa5 a essentia:Crest ;
    afo:feature [ a essentia:DerivativeMean ;
            afo:value 3.663729e+00 ],
        [ a essentia:Mean ;
            afo:value 1.701186e+01 ],
        [ a essentia:Maximum ;
            afo:value 3.261556e+01 ],
        [ a essentia:DerivativeVariance ;
            afo:value 9.850706e+00 ],
        [ a essentia:SecondDerivativeVariance ;
            afo:value 2.940846e+01 ],
        [ a essentia:Minimum ;
            afo:value 5.134703e+00 ],
        [ a essentia:Median ;
            afo:value 1.640612e+01 ],
        [ a essentia:SecondDerivativeMean ;
            afo:value 6.211234e+00 ],
        [ a essentia:Variance ;
            afo:value 2.252715e+01 ] .

_:04dddaa8-4682-488d-a614-e538337aca2c a essentia:Maximum ;
    afo:value 6.538797e+02 .

_:04f65452-1029-4de9-9312-f7e031c2e316 rdf:first 13 ;
    rdf:rest ( 13 ) .

_:05085696-6298-46a2-af4c-4b2c45f7a6ea a essentia:Mean ;
    afo:value 1.234504e+01 .

_:05571cfe-cb60-452b-b342-0386543542c2 a essentia:SecondDerivativeVariance ;
    afo:value 1.844807e-07 .

_:0559b5c3-975a-47fd-996c-99cb26aa9288 a essentia:Minimum ;
    afo:value 1.947226e-04 .

_:06f47756-e676-4968-bf18-b7b5326ecd7c rdf:first 5.71256e-01 ;
    rdf:rest ( 3.226506e-01 8.147489e-02 5.818381e-02 2.527674e-02 1.908615e-02 ) .

_:0707e55a-5662-45ba-ad1c-ac7fc694c31e a essentia:InverseCovariance ;
    afo:dimensions ( 13 13 ) ;
    afo:values ( 7.92208e-04 -1.750723e-03 1.469245e-03 -1.793056e-03 1.634736e-03 -1.506049e-03 1.904822e-03 -1.376666e-03 1.678845e-03 -1.034325e-03 8.643647e-04 -4.637357e-04 3.031646e-04 -1.750723e-03 1.282905e-02 -4.35965e-03 1.081027e-02 -6.877173e-03 7.431831e-03 -8.83719e-03 7.283412e-03 -1.147739e-02 8.523316e-03 -1.102089e-02 5.731442e-03 -6.263555e-03 1.469245e-03 -4.35965e-03 3.61226e-03 -4.135748e-03 3.436388e-03 -3.634311e-03 4.04181e-03 -2.262998e-03 4.373009e-03 -2.542683e-03 3.299945e-03 -1.563065e-03 1.265608e-03 -1.793056e-03 1.081027e-02 -4.135748e-03 1.031295e-02 -6.068079e-03 6.520797e-03 -7.504466e-03 5.730123e-03 -9.751546e-03 6.983864e-03 -8.572073e-03 4.412805e-03 -5.809406e-03 1.634736e-03 -6.877173e-03 3.436388e-03 -6.068079e-03 6.502671e-03 -3.541884e-03 4.710992e-03 -3.934497e-03 6.030092e-03 -4.007086e-03 4.663014e-03 -2.755253e-03 2.356612e-03 -1.506049e-03 7.431831e-03 -3.634311e-03 6.520797e-03 -3.541884e-03 8.687868e-03 -7.397167e-03 5.49524e-03 -6.6809e-03 3.372944e-03 -4.828298e-03 6.295579e-04 -2.905392e-03 1.904822e-03 -8.83719e-03 4.04181e-03 -7.504466e-03 4.710992e-03 -7.397167e-03 1.267953e-02 -7.107251e-03 9.649183e-03 -4.383439e-03 4.96175e-03 -2.953098e-03 2.216362e-03 -1.376666e-03 7.283412e-03 -2.262998e-03 5.730123e-03 -3.934497e-03 5.49524e-03 -7.107251e-03 1.068519e-02 -8.890145e-03 4.572795e-03 -4.289803e-03 9.491655e-04 -1.288872e-03 1.678845e-03 -1.147739e-02 4.373009e-03 -9.751546e-03 6.030092e-03 -6.6809e-03 9.649183e-03 -8.890145e-03 1.853519e-02 -9.754219e-03 9.650525e-03 -3.225761e-03 3.471754e-03 -1.034325e-03 8.523316e-03 -2.542683e-03 6.983864e-03 -4.007086e-03 3.372944e-03 -4.383439e-03 4.572795e-03 -9.754219e-03 1.644666e-02 -1.007433e-02 4.799671e-03 -1.664144e-03 8.643647e-04 -1.102089e-02 3.299945e-03 -8.572073e-03 4.663014e-03 -4.828298e-03 4.96175e-03 -4.289803e-03 9.650525e-03 -1.007433e-02 2.252781e-02 -9.982152e-03 9.485398e-03 -4.637357e-04 5.731442e-03 -1.563065e-03 4.412805e-03 -2.755253e-03 6.295579e-04 -2.953098e-03 9.491655e-04 -3.225761e-03 4.799671e-03 -9.982152e-03 1.894109e-02 -1.142225e-02 3.031646e-04 -6.263555e-03 1.265608e-03 -5.809406e-03 2.356612e-03 -2.905392e-03 2.216362e-03 -1.288872e-03 3.471754e-03 -1.664144e-03 9.485398e-03 -1.142225e-02 1.975412e-02 ) .

_:07135276-ffdb-42c2-8c80-76719b25714a rdf:first -7.999965e+01 ;
    rdf:rest ( 1.420652e+02 -7.825187e+01 4.049353e+01 -5.732106e+01 1.337721e+01 -3.775767e+01 -1.644058e+01 -2.88551e+01 -1.671521e+01 -1.253e+01 -9.045236e+00 -8.24923e+00 ) .

_:07703ebe-a84c-423f-b4ea-06f04c0eea74 a essentia:SecondDerivativeVariance ;
    afo:value 9.88177e+04 .

_:07836616-e585-4fe7-bfa8-e435d7aabc2c a essentia:DerivativeMean ;
    afo:value 3.669114e-01 .

_:0826ad8f-e065-4967-b452-e8168c2bf7b5 a essentia:Variance ;
    afo:value 6.013168e-04 .

_:08d02e68-f087-438d-afd8-cfd657cb4baa a essentia:SilenceRate ;
    event:time _:d1ade453-b23b-421c-aa4f-865d64bbc528 ;
    afo:computed_by _:LowLevelExtractor ;
    afo:feature [ a essentia:Minimum ;
            afo:value 0 ],
        [ a essentia:Median ;
            afo:value 1 ],
        [ a essentia:DerivativeMean ;
            afo:value 9.395425e-03 ],
        [ a essentia:SecondDerivativeVariance ;
            afo:value 2.640534e-02 ],
        [ a essentia:Maximum ;
            afo:value 1 ],
        [ a essentia:SecondDerivativeMean ;
            afo:value 1.879277e-02 ],
        [ a essentia:DerivativeVariance ;
            afo:value 9.307124e-03 ],
        [ a essentia:Mean ;
            afo:value 9.944859e-01 ],
        [ a essentia:Variance ;
            afo:value 5.483833e-03 ] .

_:08e82653-321c-4ccf-abd3-71260f2d7a29 a essentia:EnergyBand ;
    event:time _:d1ade453-b23b-421c-aa4f-865d64bbc528 ;
    afo:computed_by _:LowLevelExtractor ;
    afo:feature [ a essentia:Mean ;
            afo:value 1.52954e-02 ],
        [ a essentia:Minimum ;
            afo:value 5.357313e-09 ],
        [ a essentia:Variance ;
            afo:value 2.523653e-04 ],
        [ a essentia:DerivativeMean ;
            afo:value 8.059272e-03 ],
        [ a essentia:DerivativeVariance ;
            afo:value 1.705672e-04 ],
        [ a essentia:Maximum ;
            afo:value 1.649998e-01 ],
        [ a essentia:Median ;
            afo:value 1.118713e-02 ],
        [ a essentia:SecondDerivativeVariance ;
            afo:value 4.663711e-04 ],
        [ a essentia:SecondDerivativeMean ;
            afo:value 1.371105e-02 ] .

_:0903ccf9-8ac7-4c8f-bd20-8763c01dcc95 a essentia:SecondDerivativeVariance ;
    afo:value 5.870902e+01 .

_:09805c95-3f96-4e9e-a65b-9b92835b9277 a essentia:MelBands ;
    event:time _:d1ade453-b23b-421c-aa4f-865d64bbc528 ;
    afo:computed_by _:LowLevelExtractor ;
    afo:feature [ a essentia:FlatnessDB ;
            afo:feature _:013401d5-9335-45ce-9105-a3a135269056,
                [ a essentia:DerivativeVariance ;
                    afo:value 1.230516e-03 ],
                [ a essentia:SecondDerivativeMean ;
                    afo:value 5.33076e-02 ],
                [ a essentia:Mean ;
                    afo:value 3.554383e-01 ],
                [ a essentia:Maximum ;
                    afo:value 8.687112e-01 ],
                [ a essentia:Variance ;
                    afo:value 1.645897e-02 ],
                [ a essentia:DerivativeMean ;
                    afo:value 3.583157e-02 ],
                [ a essentia:Median ;
                    afo:value 3.400789e-01 ],
                [ a essentia:SecondDerivativeVariance ;
                    afo:value 2.615455e-03 ] ] .

_:098602ea-14d2-431f-94d6-381b8504db3b a essentia:Median ;
    afo:value 9.699429e-04 .

_:09df08fa-5e71-429e-807b-e2bc91729a7d a essentia:SecondDerivativeVariance ;
    afo:value 1.906556e-03 .

_:0a3ac32e-1f62-4068-925e-cf4db0f69f7c rdf:first 1.155239e-02 ;
    rdf:rest ( 5.293476e-01 4.857613e+00 1.163701e+01 1.590436e+01 1.656751e+01 1.439425e+01 9.031664e+00 4.137174e+00 3.611081e+00 2.259892e+00 2.035178e+00 2.366549e+00 2.991006e+00 4.065494e+00 3.094891e+00 2.455209e+00 1.771942e+00 1.334141e+00 8.572251e-01 7.933861e-01 5.92881e-01 5.517222e-01 4.533156e-01 3.203319e-01 2.297919e-01 3.584627e-01 4.431575e-01 4.458703e-01 4.45982e-01 3.195352e-01 1.897543e-01 1.013066e-01 4.012919e-02 1.112898e-02 2.567014e-03 3.702916e-04 4.583052e-05 2.323451e-05 3.615738e-05 ) .

_:0a901193-1d1c-47c2-ae48-1bb461b04bc6 a essentia:Minimum ;
    afo:values ( 3.963502e-10 4.208252e-10 7.20863e-10 3.312128e-09 4.288884e-09 6.661441e-10 3.995395e-10 3.092508e-10 3.580186e-10 1.931404e-10 7.548145e-11 2.639031e-10 2.905262e-10 6.745153e-11 6.439099e-11 1.402386e-10 2.099484e-10 2.654604e-10 1.229839e-10 3.72154e-11 3.465818e-11 6.873084e-11 1.221381e-10 7.96488e-11 1.332555e-10 1.197694e-10 2.118863e-10 ) .

_:0abfb313-80bd-4b07-a28e-1aba17d9fdf6 a essentia:Mean ;
    afo:values _:07135276-ffdb-42c2-8c80-76719b25714a .

_:0b12514e-1cd0-4170-aa6f-b08f2bb8b991 a essentia:Maximum ;
    afo:value 1.668593e+02 .

_:0b5cef42-a1fa-4e28-8f5c-09f4c3766b16 a essentia:SecondDerivativeMean ;
    afo:value 5.178817e+00 .

_:0ba4d574-21ad-46bf-9cd1-c6be35fe1540 a essentia:DerivativeMean ;
    afo:values ( 7.206908e-04 1.809587e-03 1.65931e-03 9.21702e-04 4.327175e-04 1.90417e-04 9.050911e-05 1.136856e-04 7.393827e-05 2.953008e-05 2.372905e-05 2.45744e-05 4.749796e-05 1.951678e-05 2.511561e-05 1.814575e-05 1.446672e-05 8.99035e-06 6.482533e-06 4.921688e-06 7.937033e-06 5.534866e-06 4.919255e-06 4.760135e-06 2.967181e-06 4.753206e-06 3.613224e-06 1.331949e-06 1.38025e-06 1.194269e-06 8.359016e-07 7.51866e-07 6.410959e-07 5.576317e-07 4.760644e-07 4.017178e-07 3.148849e-07 2.22587e-07 1.430115e-07 1.030607e-07 ) .

_:0bcdc5b4-7230-4179-9931-4808880af63e a essentia:Variance ;
    afo:value 7.240591e+05 .

_:0c0f7b40-3dd1-436a-8f5b-f7673b73055c a essentia:Maximum ;
    afo:value 5.000002e-01 .

_:0c95fb12-7724-4b73-877a-53bc72137e3b a essentia:Median ;
    afo:value 2.516053e-01 .

_:0cf5a9bf-b87a-497c-a3e1-842105d3cd41 a essentia:Maximum ;
    afo:value 4.509137e+00 .

_:0d140a54-720f-4c00-883a-bbfc0dfc3a90 a essentia:Minimum ;
    afo:value 4.75188e-02 .

_:0d24f302-ee68-4abc-ae8d-8b7f8e05bee1 a essentia:DerivativeMean ;
    afo:values ( 3.657684e-01 3.804536e-01 3.450627e-01 3.259297e-01 2.909112e-01 3.045425e-01 ) .

_:0d73d6a6-1c3d-417b-954d-d7b3e0ce0728 rdf:first 1.499028e-01 ;
    rdf:rest ( 4.543474e+00 4.900512e+01 2.901729e+02 1.368797e+03 1.021708e+03 1.237179e+03 1.285048e+03 3.94943e+02 1.455885e+03 2.250939e+03 4.193797e+02 3.269238e+02 4.925839e+02 1.506119e+03 1.034932e+03 1.07892e+03 1.766005e+03 8.110788e+02 5.318344e+02 2.33651e+03 7.482109e+02 5.945806e+02 5.449931e+02 1.044888e+03 2.207615e+02 1.145428e+02 7.862027e+01 5.151951e+01 3.276283e+01 2.628205e+01 1.818363e+01 5.611053e+00 2.023842e+00 4.660923e-01 1.354486e-02 7.566301e-05 4.46352e-07 3.010503e-09 6.782952e-10 ) .

_:0db7f344-a33c-475b-b14d-3ea6dea3a26a a essentia:SecondDerivativeMean ;
    afo:value 1.289869e+00 .

_:0dd6b8f2-8024-4bdf-b32f-328ed42af457 a essentia:BarkBands ;
    event:time _:d1ade453-b23b-421c-aa4f-865d64bbc528 ;
    afo:computed_by _:LowLevelExtractor ;
    afo:feature [ a essentia:Spread ;
            afo:feature _:0903ccf9-8ac7-4c8f-bd20-8763c01dcc95,
                _:0b5cef42-a1fa-4e28-8f5c-09f4c3766b16,
                [ a essentia:Minimum ;
                    afo:value 2.717776e-01 ],
                [ a essentia:Median ;
                    afo:value 5.597597e+00 ],
                [ a essentia:Variance ;
                    afo:value 1.406092e+02 ],
                [ a essentia:DerivativeVariance ;
                    afo:value 2.817021e+01 ],
                [ a essentia:Maximum ;
                    afo:value 9.805826e+01 ],
                [ a essentia:Mean ;
                    afo:value 1.007562e+01 ],
                [ a essentia:DerivativeMean ;
                    afo:value 3.416349e+00 ] ] .

_:0e1106d6-3dd7-44d1-b088-b4dc16a1738b a essentia:SecondDerivativeVariance ;
    afo:value 1.758163e+01 .

_:0ff18817-a5f6-49a2-a7a5-b6f87634f260 a essentia:Mean ;
    afo:value 6.149271e+02 .

_:10503ae1-484b-4e89-84ed-4bf0afb69932 a essentia:DerivativeVariance ;
    afo:value 1.549504e+01 .

_:10f0063c-6302-42ef-9722-cd546a0be83b a essentia:Maximum ;
    afo:value 1.568991e+02 .

_:113c6c97-1975-4e0b-86ed-9de03ea8d923 a essentia:Maximum ;
    afo:value 2.59097e+01 .

_:1165b8d9-8861-477f-b8d7-dec3db82f2ae a essentia:Variance ;
    afo:value 0 .

_:12293086-0aab-43a8-b3c3-1e6000d168c0 a essentia:Median ;
    afo:value 5e-01 .

_:1233d38a-668d-4e8f-b115-734cdf4d45ed a essentia:Maximum ;
    afo:value 5.35663e-01 .

_:12f1ec61-1a33-44e8-b25c-46d5f342519c a essentia:Median ;
    afo:value 2.021236e+00 .

_:12f4fd54-b667-4d62-a2a4-5c764af7eff2 a essentia:Maximum ;
    afo:values ( 9.797719e-01 8.567775e-01 6.672142e-01 7.220434e-01 4.942322e-01 5.151826e-01 ) .

_:131831cd-bd84-4ac3-82bb-836310c89c01 rdf:first 3.41627e-06 ;
    rdf:rest ( 1.491676e-03 5.064662e-03 3.078514e-03 6.200455e-03 1.229694e-03 1.944064e-04 9.768739e-05 8.071396e-05 5.532657e-05 9.909367e-05 6.806976e-05 4.22616e-05 2.523228e-05 1.73168e-05 1.442242e-05 1.007112e-05 9.777291e-06 6.585632e-06 4.843289e-06 1.080972e-05 1.336163e-05 1.130979e-05 7.490469e-06 2.473889e-06 3.016767e-07 3.859337e-08 ) .

_:1326b0e7-8521-4b07-8005-eeac0a1d7c58 a essentia:BarkBands ;
    event:time _:d1ade453-b23b-421c-aa4f-865d64bbc528 ;
    afo:computed_by _:LowLevelExtractor ;
    afo:feature [ a essentia:FlatnessDB ;
            afo:feature _:09df08fa-5e71-429e-807b-e2bc91729a7d,
                _:0c95fb12-7724-4b73-877a-53bc72137e3b,
                [ a essentia:Minimum ;
                    afo:value 5.641056e-02 ],
                [ a essentia:Variance ;
                    afo:value 1.096503e-02 ],
                [ a essentia:DerivativeVariance ;
                    afo:value 8.698876e-04 ],
                [ a essentia:Maximum ;
                    afo:value 7.018955e-01 ],
                [ a essentia:DerivativeMean ;
                    afo:value 3.029581e-02 ],
                [ a essentia:Mean ;
                    afo:value 2.655925e-01 ],
                [ a essentia:SecondDerivativeMean ;
                    afo:value 4.559136e-02 ] ] .

_:1364b1e3-dc40-47d0-8ad4-9c54471676cd rdf:first 1 ;
    rdf:rest ( 1 1 1 1 1 1 1 1 1 1 1 1 1 1 1 1 1 1 1 1 1 1 1 1 1 1 1 1 1 1 1 1 1 1 1 ) .

_:139071cb-b460-4d9e-99b6-f0bf2d70d030 a essentia:Minimum ;
    afo:value -4.624414e-08 .

_:140bf01c-107c-482c-85df-b0019a50e2e8 a essentia:SecondDerivativeMean ;
    afo:values ( 8.092025e-02 7.394974e-02 5.76643e-02 4.828287e-02 3.369994e-02 2.733671e-02 ) .

_:144c0cca-38d8-4b24-ad9c-bcebc80b824a a essentia:SecondDerivativeVariance ;
    afo:value 3.028835e+01 .

_:14db84c4-017b-44a8-abe9-9b36893e32a0 a essentia:Minimum ;
    afo:value 98 .

_:15475945-ac93-481f-b9b6-dfd3976486b1 rdf:first 1 ;
    rdf:rest ( 8.465861e-01 2.822918e-01 1.067583e-01 6.474722e-02 6.413937e-02 7.109555e-02 6.427299e-02 7.141671e-02 1.396286e-01 1.810722e-01 2.411185e-01 5.033313e-01 5.369165e-01 3.482467e-01 3.398851e-01 2.595439e-01 1.248959e-01 9.013817e-02 1.11605e-01 2.53477e-01 4.976408e-01 4.618429e-01 2.123224e-01 1.285455e-01 9.955981e-02 8.471778e-02 1.202009e-01 1.188053e-01 2.047098e-01 3.636999e-01 2.748353e-01 1.035702e-01 8.59488e-02 1.28048e-01 4.435655e-01 ) .

_:1767de68-8f9c-4790-9d28-3196e8520722 a essentia:Skewness ;
    afo:feature _:0db7f344-a33c-475b-b14d-3ea6dea3a26a,
        [ a essentia:Minimum ;
            afo:value -4.978239e+00 ],
        [ a essentia:DerivativeVariance ;
            afo:value 7.862738e-01 ],
        [ a essentia:DerivativeMean ;
            afo:value 8.292739e-01 ],
        [ a essentia:Variance ;
            afo:value 2.975947e+00 ],
        [ a essentia:Mean ;
            afo:value 2.727232e+00 ],
        [ a essentia:Median ;
            afo:value 2.442001e+00 ],
        [ a essentia:SecondDerivativeVariance ;
            afo:value 1.843701e+00 ],
        [ a essentia:Maximum ;
            afo:value 1.292365e+01 ] .

_:182ed09e-a3c3-4503-a942-87e76a9df54d a essentia:SecondDerivativeMean ;
    afo:value 0 .

_:1847194b-ee89-4b16-9e6d-c423b59d532b a essentia:DerivativeMean ;
    afo:value 3.066198e+00 .

_:19721937-b39e-490b-90b1-f56533fbc932 a essentia:EnergyBand ;
    event:time _:d1ade453-b23b-421c-aa4f-865d64bbc528 ;
    afo:computed_by _:LowLevelExtractor ;
    afo:feature _:098602ea-14d2-431f-94d6-381b8504db3b,
        [ a essentia:Mean ;
            afo:value 2.485044e-03 ],
        [ a essentia:DerivativeVariance ;
            afo:value 3.070963e-06 ],
        [ a essentia:SecondDerivativeVariance ;
            afo:value 6.238584e-06 ],
        [ a essentia:SecondDerivativeMean ;
            afo:value 1.41751e-03 ],
        [ a essentia:Minimum ;
            afo:value 2.81245e-09 ],
        [ a essentia:Variance ;
            afo:value 1.154683e-05 ],
        [ a essentia:DerivativeMean ;
            afo:value 9.86567e-04 ],
        [ a essentia:Maximum ;
            afo:value 2.673096e-02 ] .

_:19aab49c-8a9a-4e65-95df-f68f06c6c511 a essentia:SecondDerivativeMean ;
    afo:value 1.235998e-01 .

_:19c3fc3b-a6fe-4b71-9bdd-5cbecc50d236 a essentia:Covariance ;
    afo:dimensions ( 13 13 ) ;
    afo:values ( 1.196646e+04 -2.498338e+03 -2.834697e+03 6.047144e+02 -4.924969e+02 -7.748012e+02 -7.19207e+02 9.825063e+01 7.321844e+01 4.297375e+02 2.203047e+02 2.608736e+02 3.336723e+02 -2.498338e+03 2.44391e+03 -6.843236e+01 -7.371867e+02 6.887312e+01 -4.49526e+01 1.647336e+02 -8.99975e+01 -1.622242e+02 -9.507316e+01 4.953107e+01 -5.677749e+01 -7.816544e+01 -2.834697e+03 -6.843236e+01 1.909528e+03 -2.369857e+02 -8.417703e+01 4.587168e+02 1.372607e+02 -1.94172e+01 -3.238991e+00 -1.812504e+02 -1.34564e+02 -6.838438e+01 -1.17904e+02 6.047144e+02 -7.371867e+02 -2.369857e+02 8.44243e+02 2.10611e+02 -9.029237e+01 -3.015645e+01 7.306956e+01 9.444413e+01 5.194042e+01 -3.834732e+01 7.378215e+00 4.982427e+01 -4.924969e+02 6.887312e+01 -8.417703e+01 2.10611e+02 3.382021e+02 2.575063e+01 -8.158815e+00 1.030384e+01 2.606616e+01 4.257467e+00 -6.226764e+00 2.205457e-01 -1.15866e+01 -7.748012e+02 -4.49526e+01 4.587168e+02 -9.029237e+01 2.575063e+01 3.731031e+02 1.418672e+02 2.772577e+01 2.639896e+01 -8.000973e+01 -5.553027e+01 2.091133e+00 2.208405e+00 -7.19207e+02 1.647336e+02 1.372607e+02 -3.015645e+01 -8.158815e+00 1.418672e+02 3.046768e+02 1.053383e+02 2.087165e+00 -4.376043e+01 -2.986325e+01 -2.650611e+00 3.656707e+01 9.825063e+01 -8.99975e+01 -1.94172e+01 7.306956e+01 1.030384e+01 2.772577e+01 1.053383e+02 2.007636e+02 9.208018e+01 -6.646441e+00 -3.398333e+01 1.223475e+01 6.752589e+01 7.321844e+01 -1.622242e+02 -3.238991e+00 9.444413e+01 2.606616e+01 2.639896e+01 2.087165e+00 9.208018e+01 1.682939e+02 3.985923e+01 -4.236638e+01 -5.915133e+00 4.356265e+01 4.297375e+02 -9.507316e+01 -1.812504e+02 5.194042e+01 4.257467e+00 -8.000973e+01 -4.376043e+01 -6.646441e+00 3.985923e+01 1.472145e+02 7.747614e+01 -1.607326e+00 -5.723797e-01 2.203047e+02 4.953107e+01 -1.34564e+02 -3.834732e+01 -6.226764e+00 -5.553027e+01 -2.986325e+01 -3.398333e+01 -4.236638e+01 7.747614e+01 1.543895e+02 5.207905e+01 -3.243616e+01 2.608736e+02 -5.677749e+01 -6.838438e+01 7.378215e+00 2.205457e-01 2.091133e+00 -2.650611e+00 1.223475e+01 -5.915133e+00 -1.607326e+00 5.207905e+01 1.100985e+02 4.298373e+01 3.336723e+02 -7.816544e+01 -1.17904e+02 4.982427e+01 -1.15866e+01 2.208405e+00 3.656707e+01 6.752589e+01 4.356265e+01 -5.723797e-01 -3.243616e+01 4.298373e+01 1.329735e+02 ) .

_:1a53cce9-92af-4dcc-b8e5-525dd4816e82 a essentia:SecondDerivativeVariance ;
    afo:value 8.251269e+01 .

_:1ab103d6-1108-41f6-83cd-cf42d9f75594 a essentia:Mean ;
    afo:value 3.800359e+00 .

_:1afcc2b5-a913-4ab5-91c7-f36bbc393a24 a essentia:Maximum ;
    afo:value 1.315251e-02 .

_:1b9e4da5-48ce-47bf-a272-596ef34f339e a essentia:Median ;
    afo:value 3.375769e+00 .

_:1c3a0cbe-dad2-4e80-a9e0-18b993117f33 a essentia:DerivativeMean ;
    afo:value 5.718954e-03 .

_:1c5e4dc5-4b11-4c4c-b2ef-9ec46e46dd06 a essentia:SecondDerivativeMean ;
    afo:values ( 1.360168e-01 1.263937e+00 7.776103e+00 1.547271e+01 2.449597e+01 1.838124e+01 1.648599e+01 1.318075e+01 9.520695e+00 1.550699e+01 1.59607e+01 7.068714e+00 7.609966e+00 1.026629e+01 1.652982e+01 1.274156e+01 1.268723e+01 1.178304e+01 7.882588e+00 6.088645e+00 8.693172e+00 7.549382e+00 6.757777e+00 5.409696e+00 8.52779e+00 3.956484e+00 2.89169e+00 2.310298e+00 1.891436e+00 1.416614e+00 1.09394e+00 7.264408e-01 3.896351e-01 1.816122e-01 7.344339e-02 1.583592e-02 1.659825e-03 1.536736e-04 1.857774e-05 2.069457e-05 ) .

_:1e023787-3f3c-4e7b-8daa-de4c860daf7a a essentia:Median ;
    afo:value -7.830922e-09 .

_:1e4f224a-4a15-4c0c-b33a-81ac522c5569 a essentia:Variance ;
    afo:value 3.65241e-06 .

_:1e9bd648-a467-443e-894f-910694eb41f7 a essentia:Median ;
    afo:value 2.649716e+01 .

_:1f378445-6071-44e8-91d0-5ba252764240 rdf:first 9.013406e-06 ;
    rdf:rest ( 1.015495e-05 9.387208e-06 4.641033e-06 1.332831e-06 5.465553e-07 9.031335e-08 1.955568e-07 1.23718e-07 1.749479e-08 8.061069e-09 6.928735e-09 3.137626e-08 7.346502e-09 9.636822e-09 7.356278e-09 5.626869e-09 2.544387e-09 1.245617e-09 1.075858e-09 4.317559e-09 1.100084e-09 6.421036e-10 6.400558e-10 3.665064e-10 7.320231e-10 4.135499e-10 5.071218e-11 5.482841e-11 3.688384e-11 2.425041e-11 1.745204e-11 1.304921e-11 9.545261e-12 7.78349e-12 1.178996e-11 6.570748e-12 3.93205e-12 1.456314e-12 1.485203e-12 ) .

_:1f91a298-75a1-4752-8655-281e44ac3a05 a essentia:DerivativeMean ;
    afo:value 5.902651e-01 .

_:1fa1721c-cb9e-4af1-8c2c-b3e93d5bc90d a essentia:Variance ;
    afo:value 2.663972e+00 .

_:1fbbd5e5-f8b7-42e9-b88d-7c70bb718cef a essentia:Minimum ;
    afo:value 0 .

_:1fd540f5-22da-42a1-adca-b99035e0ed8a rdf:first 2.272986e-01 ;
    rdf:rest ( 2.129687e-01 8.293317e-02 7.410768e-02 2.898248e-02 2.233578e-02 ) .

_:206c263f-3de1-4572-a5fd-0151c63f4383 a essentia:DerivativeMean ;
    afo:value 7.019559e-03 .

_:20773dc1-4aac-47a1-8e68-dd941cf012c5 a essentia:Minimum ;
    afo:value 1.22807e-01 .

_:20bfad0f-90a3-4880-90a7-3f07b3601e9e a essentia:SecondDerivativeMean ;
    afo:value 4.870212e-09 .

_:20c950bd-7b1c-489c-835b-02d725d64860 a essentia:Variance ;
    afo:value 0 .

_:21590b84-1bbd-4d03-9d3f-1131c3126d9d a essentia:DerivativeVariance ;
    afo:value 0 .

_:21e133a4-6181-4fb9-86cd-00d3ca54febc a essentia:Mean ;
    afo:value 1.16262e+01 .

_:224f4862-892f-4b99-8087-fbf67115a5f6 a essentia:Variance ;
    afo:value 9.545083e-01 .

_:2270fa00-93e0-4324-ba1b-5c00b689be1a a essentia:Maximum ;
    afo:value 2.583008e-01 .

_:236ab5d5-725f-44e9-8d92-ff3d529c142c a essentia:Variance ;
    afo:value 6.1586e+02 .

_:23aee5dc-aa68-4d7a-b1b6-19434b11df06 a essentia:Median ;
    afo:value 5.811966e-01 .

_:23be8732-af50-48ea-b4b0-1f2bbd73706c a essentia:SecondDerivativeMean ;
    afo:value 0 .

_:24f31c8e-479a-43d1-9563-c7b66ae3d20a a essentia:DynamicComplexity ;
    event:time _:d1ade453-b23b-421c-aa4f-865d64bbc528 ;
    afo:value 2.656017e+00 .

_:257d5d94-e06d-4d3c-abeb-f3ea15f6ac50 a essentia:Mean ;
    afo:value 1.148286e+00 .

_:268c5812-060d-42ea-a8d3-c2cb4e9f9944 a essentia:Minimum ;
    afo:value 1.038809e-01 .

_:27d4d8b0-4f46-4d4e-ba4a-0c4b414675b5 a essentia:SecondDerivativeVariance ;
    afo:value 1.595716e+01 .

_:281b156a-6d66-461d-8177-aa3ae3516491 rdf:first 3.492726e-02 ;
    rdf:rest ( 3.897792e-02 2.746441e-02 1.815888e-02 1.39365e-02 7.443113e-03 6.342174e-03 8.721942e-03 7.349751e-03 3.271853e-03 2.040073e-03 1.424684e-03 2.639717e-03 1.756903e-03 1.526471e-03 2.03545e-03 1.571089e-03 1.461231e-03 1.270545e-03 9.734649e-04 2.002447e-03 9.493001e-04 7.098797e-04 3.524703e-04 6.68628e-04 3.146955e-04 3.37928e-04 9.366689e-05 8.759956e-05 1.430236e-04 2.18431e-04 8.814907e-05 7.260028e-05 4.934792e-05 8.573609e-05 1.283114e-04 7.875516e-05 9.832012e-05 4.773702e-05 6.457427e-05 ) .

_:2a715f67-3b9d-457c-b653-0869112eb7b7 a essentia:SecondDerivativeVariance ;
    afo:value 1.250488e+00 .

_:2aa0d185-5826-46f1-89f8-65efdc85ae14 a essentia:DerivativeVariance ;
    afo:value 618484334592 .

_:2ac79be4-0aed-46f3-9da1-d977f167f751 a essentia:Median ;
    afo:value 2.204067e+00 .

_:2b98159e-568b-4162-8c53-fc984a308c12 rdf:first 1.768434e-10 ;
    rdf:rest ( 6.938137e-10 1.417312e-09 9.432822e-10 3.115998e-10 1.553343e-10 8.085049e-11 2.726984e-11 4.408201e-11 5.149083e-11 9.657234e-12 2.481065e-11 1.308938e-11 2.454564e-11 4.268142e-11 1.922808e-11 4.510749e-12 8.834929e-12 4.644684e-12 4.02109e-12 1.290304e-11 1.094314e-11 1.005619e-11 8.672313e-12 5.529504e-12 4.901322e-12 1.389641e-12 9.659055e-13 7.807479e-13 1.168663e-12 8.387204e-13 6.422647e-13 1.93941e-12 1.896187e-12 2.514074e-12 9.940941e-13 5.563124e-13 1.292458e-12 1.629058e-12 1.064172e-12 ) .

_:2bcd1ec7-e43a-4450-ab66-1fbe54f4184b a essentia:BarkBands ;
    event:time _:d1ade453-b23b-421c-aa4f-865d64bbc528 ;
    afo:computed_by _:LowLevelExtractor ;
    afo:feature [ a essentia:Crest ;
            afo:feature _:113c6c97-1975-4e0b-86ed-9de03ea8d923,
                _:27d4d8b0-4f46-4d4e-ba4a-0c4b414675b5,
                [ a essentia:DerivativeVariance ;
                    afo:value 5.638254e+00 ],
                [ a essentia:Median ;
                    afo:value 1.140663e+01 ],
                [ a essentia:DerivativeMean ;
                    afo:value 2.703337e+00 ],
                [ a essentia:SecondDerivativeMean ;
                    afo:value 4.508174e+00 ],
                [ a essentia:Minimum ;
                    afo:value 3.103423e+00 ],
                [ a essentia:Variance ;
                    afo:value 1.346779e+01 ],
                [ a essentia:Mean ;
                    afo:value 1.176465e+01 ] ] .

_:2c535f0b-1d7a-4a5a-93e7-ea7b62c594db a essentia:Mean ;
    afo:values ( -7.204002e+00 -7.398824e+00 -8.083094e+00 -8.843642e+00 -8.891618e+00 -1.108764e+01 ) .

_:2cbbea7a-5116-498c-96f2-810e13c51e30 a essentia:Minimum ;
    afo:value 1.999083e-05 .

_:2ce94980-b0b9-4a0f-b0b3-68393b34adaa a essentia:Key ;
    event:time _:d1ade453-b23b-421c-aa4f-865d64bbc528 ;
    afo:value "C" .

_:2d53845d-2696-4aff-a6ac-10a85c23fc6c a essentia:SecondDerivativeMean ;
    afo:value 3.141363e-02 .

_:2dc350c7-86c7-4d23-a721-46f0ca5b217e a essentia:DerivativeMean ;
    afo:value 6.309629e+05 .

_:2e1bad66-b43a-43bd-a3cd-847858bbc260 a essentia:Median ;
    afo:value 9.655406e-01 .

_:2e655587-d33c-4a4d-8ba6-822577479180 a essentia:Mean ;
    afo:value 4.044511e-02 .

_:2eeef829-c219-406d-9b67-6b1e67d9b149 a essentia:Median ;
    afo:value 112 .

_:2f38655a-7e39-4e8d-b1c0-f61ddc4afba7 a essentia:Maximum ;
    afo:value 1 .

_:2f3bf1ef-7e3f-48a1-9c0e-b151417d351f a essentia:DerivativeVariance ;
    afo:value 8.483016e-02 .

_:2fe2eb75-f295-4978-ad08-c6e558dd990c a essentia:Minimum ;
    afo:value 2.525778e-08 .

_:304eb569-f175-446b-974b-f58ca4101945 a essentia:SecondDerivativeVariance ;
    afo:value 8.730128e-01 .

_:305d7b38-2958-4081-b65b-8134f432dda7 rdf:first 5.032735e-02 ;
    rdf:rest ( 3.721999e-02 1.236714e-02 9.224761e-03 3.105252e-03 2.561392e-03 ) .

_:30d5087f-01ab-45df-a2f2-db358b9ea4cd a essentia:SecondDerivativeVariance ;
    afo:values ( 4.423763e-03 4.048855e-03 2.381485e-03 1.729162e-03 8.116604e-04 6.413277e-04 ) .

_:30eb65f7-cfaa-4101-8d47-142d8413ec61 a essentia:Median ;
    afo:value 1 .

_:3125dd98-8175-4980-ae1e-f851cec05194 a essentia:SecondDerivativeMean ;
    afo:value 2.935177e-02 .

_:3153009b-7483-454d-94fc-51b4da5bd556 a essentia:Median ;
    afo:value 2.099609e-02 .

_:31e62d63-16d1-409a-aee5-b34f991eefc8 a essentia:Median ;
    afo:value 5.504425e-01 .

_:33370649-2383-4e1e-9caf-c37985635455 a essentia:Variance ;
    afo:value 5.114673e+00 .

_:33d8753c-43b2-4930-9853-b6020760245d a essentia:BarkBands ;
    event:time _:d1ade453-b23b-421c-aa4f-865d64bbc528 ;
    afo:computed_by _:LowLevelExtractor ;
    afo:feature _:0a901193-1d1c-47c2-ae48-1bb461b04bc6,
        [ a essentia:SecondDerivativeMean ;
            afo:values ( 3.182942e-04 4.699881e-03 8.118636e-03 6.061438e-03 6.306249e-03 1.619569e-03 7.415093e-04 8.640225e-04 3.180998e-04 1.955189e-04 5.461479e-04 3.156112e-04 2.763e-04 2.098368e-04 1.518718e-04 1.436914e-04 1.530928e-04 1.339107e-04 1.490562e-04 1.032015e-04 6.669538e-05 4.737218e-05 3.939831e-05 2.745605e-05 1.272682e-05 1.70989e-06 7.095284e-08 ) ],
        [ a essentia:Mean ;
            afo:values ( 3.188562e-04 4.24222e-03 7.287397e-03 6.12746e-03 9.118844e-03 2.758345e-03 7.905872e-04 8.415826e-04 3.317192e-04 1.979143e-04 4.996174e-04 3.2233e-04 2.569094e-04 2.062896e-04 1.49079e-04 1.857928e-04 2.110744e-04 1.892753e-04 2.213353e-04 1.415378e-04 1.019531e-04 7.442664e-05 5.616027e-05 3.703741e-05 1.540862e-05 1.797541e-06 8.454319e-08 ) ],
        [ a essentia:Maximum ;
            afo:values ( 1.524713e-02 1.314357e-01 9.378844e-02 6.72161e-02 8.549729e-02 3.578256e-02 3.543583e-02 4.142061e-02 1.936621e-02 1.060626e-02 2.003984e-02 1.296205e-02 1.694234e-02 1.339164e-02 1.805161e-02 1.995694e-02 1.169974e-02 5.076297e-03 8.808392e-03 5.404256e-03 6.209653e-03 3.367952e-03 4.869913e-03 5.606611e-03 5.478594e-03 3.956379e-04 7.482138e-06 ) ],
        [ a essentia:DerivativeVariance ;
            afo:values ( 8.324252e-07 9.309648e-05 4.285479e-05 2.955202e-05 3.219461e-05 3.616805e-06 1.172053e-06 2.740972e-06 3.893076e-07 1.192083e-07 1.083827e-06 3.810842e-07 3.258747e-07 2.764198e-07 1.645089e-07 1.245618e-07 8.594019e-08 5.471921e-08 7.643057e-08 3.685323e-08 1.672189e-08 9.627771e-09 1.005697e-08 8.177353e-09 3.377013e-09 3.829283e-11 3.042645e-14 ) ],
        [ a essentia:Median ;
            afo:values _:131831cd-bd84-4ac3-82bb-836310c89c01 ],
        [ a essentia:Variance ;
            afo:values ( 1.657282e-06 1.026132e-04 5.066434e-05 5.423813e-05 8.346294e-05 1.544207e-05 2.451717e-06 5.489915e-06 7.554655e-07 2.231464e-07 1.609889e-06 6.413565e-07 5.806396e-07 4.760608e-07 2.808915e-07 5.585962e-07 3.289807e-07 2.082142e-07 3.131913e-07 1.276407e-07 6.217878e-08 3.494545e-08 3.151946e-08 2.87209e-08 1.232652e-08 1.062421e-10 7.1188e-14 ) ],
        [ a essentia:SecondDerivativeVariance ;
            afo:values ( 1.503769e-06 2.41698e-04 1.320166e-04 9.197915e-05 9.397035e-05 8.466373e-06 2.883849e-06 6.60972e-06 8.30584e-07 2.863569e-07 2.474359e-06 8.889045e-07 6.652739e-07 5.78532e-07 3.476316e-07 2.351242e-07 2.001121e-07 1.235044e-07 1.793161e-07 9.296927e-08 3.64862e-08 1.885952e-08 1.821516e-08 1.282272e-08 4.950123e-09 6.830665e-11 6.052296e-14 ) ],
        [ a essentia:DerivativeMean ;
            afo:values ( 2.285011e-04 2.872773e-03 4.600699e-03 3.54428e-03 4.054455e-03 1.08236e-03 4.63038e-04 5.535456e-04 2.055658e-04 1.226543e-04 3.482884e-04 2.061773e-04 1.827913e-04 1.40971e-04 9.75709e-05 9.386149e-05 9.678632e-05 8.792771e-05 9.528797e-05 6.521254e-05 4.311711e-05 3.191476e-05 2.726364e-05 1.979592e-05 9.285093e-06 1.177603e-06 4.59871e-08 ) ] .

_:346df031-dbbd-4fe7-b9d6-5f5c65ae5d61 a essentia:SecondDerivativeVariance ;
    afo:value 3.933738e+00 .

_:35055717-b554-446f-8e7f-cee833883ec5 rdf:first 8.772195e-03 ;
    rdf:rest ( 8.60632e-03 4.377305e-03 4.0175e-03 2.445574e-03 3.301446e-03 ) .

_:35568e5f-4fdc-4d7a-8520-0ed3e474bc3d a essentia:Median ;
    afo:value 1.645388e-02 .

_:3566b15e-1dc3-4825-9321-a2adc860b10e a essentia:Median ;
    afo:value 5.735338e-01 .

_:358983c5-ba16-46ec-a6c2-e59210145d76 a essentia:Minimum ;
    afo:value 3.345068e+00 .

_:35a5d721-33b9-4236-8f9d-714507302363 a essentia:Mean ;
    afo:value 6.495055e+00 .

_:367c8049-c36b-4f0e-a14c-ace546898946 a essentia:SecondDerivativeVariance ;
    afo:value 5.900747e-05 .

_:36b45843-350a-4508-92f0-6b5dbd8506f3 a essentia:SecondPeakSpread ;
    event:time _:d1ade453-b23b-421c-aa4f-865d64bbc528 ;
    afo:computed_by _:LowLevelExtractor ;
    afo:feature _:1165b8d9-8861-477f-b8d7-dec3db82f2ae,
        _:23aee5dc-aa68-4d7a-b1b6-19434b11df06,
        _:23be8732-af50-48ea-b4b0-1f2bbd73706c,
        [ a essentia:DerivativeMean ;
            afo:value 0 ],
        [ a essentia:Maximum ;
            afo:value 5.811966e-01 ],
        [ a essentia:DerivativeVariance ;
            afo:value 0 ],
        [ a essentia:Minimum ;
            afo:value 5.811966e-01 ],
        [ a essentia:Mean ;
            afo:value 5.811966e-01 ],
        [ a essentia:SecondDerivativeVariance ;
            afo:value 0 ] .

_:36edf020-b9be-4d73-829b-477db2b9087d a essentia:SecondDerivativeMean ;
    afo:value 1.864986e-02 .

_:373ca919-fce8-4c40-8267-4b8d94aaeb8c a essentia:Median ;
    afo:value 3.08222e-02 .

_:3783583a-2bf5-4b7c-8f81-80dfe1a02064 a essentia:DerivativeVariance ;
    afo:value 1.971336e-04 .

_:378b3441-445c-4a0b-9453-d72c8da4c39b a essentia:Variance ;
    afo:value 1.08818e+02 .

_:37fae394-031c-41f4-830a-bda3d15ba709 a essentia:BarkBands ;
    event:time _:d1ade453-b23b-421c-aa4f-865d64bbc528 ;
    afo:computed_by _:LowLevelExtractor ;
    afo:feature _:1767de68-8f9c-4790-9d28-3196e8520722 .

_:384d85bd-9811-4d6c-b0be-e08123816c7a a essentia:Mean ;
    afo:value 2.055138e-01 .

_:38610407-bc06-4bde-91bb-6525a0010e9b a essentia:Mean ;
    afo:value 6.38225e+02 .

_:38eaffe8-4854-4853-a487-4ebb441320db a essentia:Mean ;
    afo:value 5.058015e-01 .

_:3998cd37-7835-4591-b82c-4bbb2865b76b a essentia:Variance ;
    afo:values ( 9.553549e-01 1.309695e+00 1.307664e+00 1.761419e+00 2.615416e+00 1.972974e+00 ) .

_:39a280bd-110f-4f21-a43c-225b9e3353b2 a essentia:Maximum ;
    afo:value 1.773132e-01 .

_:39e9bd01-e864-41c2-b56a-5e7af1f0f7b0 a essentia:Skewness ;
    event:time _:d1ade453-b23b-421c-aa4f-865d64bbc528 ;
    afo:computed_by _:LowLevelExtractor ;
    afo:feature _:2a715f67-3b9d-457c-b653-0869112eb7b7,
        _:2ac79be4-0aed-46f3-9da1-d977f167f751,
        [ a essentia:DerivativeVariance ;
            afo:value 5.856755e-01 ],
        [ a essentia:Minimum ;
            afo:value -8.502144e-02 ],
        [ a essentia:DerivativeMean ;
            afo:value 5.29146e-01 ],
        [ a essentia:Maximum ;
            afo:value 1.988225e+01 ],
        [ a essentia:Variance ;
            afo:value 6.938474e+00 ],
        [ a essentia:SecondDerivativeMean ;
            afo:value 8.066915e-01 ],
        [ a essentia:Mean ;
            afo:value 2.891341e+00 ] .

_:39fb847a-1d55-43a2-a1ae-8e390f7e9ffc rdf:first -5.354173e-01 ;
    rdf:rest ( -6.90054e-01 -7.75987e-01 -7.809517e-01 -8.11483e-01 -7.832375e-01 ) .

_:3a65ae49-771d-4b7c-ac93-3b764f93a379 a essentia:Mean ;
    afo:values _:39fb847a-1d55-43a2-a1ae-8e390f7e9ffc .

_:3ab9fefa-0863-48fe-9ed5-0cf934b0dd5a a essentia:TuningFrequency ;
    event:time _:d1ade453-b23b-421c-aa4f-865d64bbc528 ;
    afo:value 4.341931e+02 .

_:3c9edeae-38c8-4e07-8e1a-e722582a32fa a essentia:Variance ;
    afo:value 1.291576e+02 .

_:3ccf7ca2-0866-4673-b2d3-c1e9d6f0b04a a essentia:Variance ;
    afo:value 8.808602e-03 .

_:3d8ce665-2360-43c5-8ac5-8ccc6c3574e6 a essentia:Kurtosis ;
    afo:feature [ a essentia:Maximum ;
            afo:value 2.137703e+02 ],
        [ a essentia:Median ;
            afo:value 1.282635e+00 ],
        [ a essentia:Mean ;
            afo:value 4.945585e+00 ],
        [ a essentia:SecondDerivativeVariance ;
            afo:value 8.205766e+01 ],
        [ a essentia:DerivativeMean ;
            afo:value 3.075428e+00 ],
        [ a essentia:Variance ;
            afo:value 1.225017e+02 ],
        [ a essentia:Minimum ;
            afo:value -1.93613e+00 ],
        [ a essentia:SecondDerivativeMean ;
            afo:value 4.75295e+00 ],
        [ a essentia:DerivativeVariance ;
            afo:value 3.52275e+01 ] .

_:3dcf56ac-cad4-4aa0-82c3-4137e8238fea rdf:first 3.158481e-02 ;
    rdf:rest ( 2.855383e-02 3.172749e-02 6.203119e-02 8.04429e-02 1.07119e-01 2.236093e-01 2.385298e-01 1.547116e-01 1.509969e-01 1.153046e-01 5.548611e-02 4.004466e-02 4.958149e-02 1.126094e-01 2.210813e-01 2.051777e-01 9.432604e-02 5.710744e-02 4.42303e-02 3.763661e-02 5.34003e-02 5.278027e-02 9.094412e-02 1.615768e-01 1.22098e-01 4.601194e-02 3.81835e-02 5.688644e-02 1.970578e-01 4.442587e-01 3.761032e-01 1.254106e-01 4.742829e-02 2.876451e-02 2.849447e-02 ) .

_:3e379bc3-c5d6-49c6-b100-def0a471c5c8 a essentia:Variance ;
    afo:value 3.462058e-17 .

_:3e459f97-83ad-4404-bf9a-75a91a1de270 a essentia:Variance ;
    afo:value 2.280585e-03 .

_:3e7d02dc-30ac-4dd7-8bab-99d5f5ba89bd a essentia:SecondDerivativeVariance ;
    afo:value 3.600614e+02 .

_:3eff0396-a808-4454-a23f-e54902c8e4cd a essentia:Mean ;
    afo:value 5e-01 .

_:3f32d7ab-f0ce-42e0-ba42-dad8d0fa0cd6 a essentia:DerivativeMean ;
    afo:value 2.884873e-02 .

_:3f49b909-be7d-4f7e-9a00-74afcb3a7158 a essentia:Variance ;
    afo:value 6.346639e-01 .

_:3f4cf083-5473-4865-8ad4-d74851407186 a essentia:SecondDerivativeMean ;
