@prefix afo: <https://w3id.org/afo/onto/1.1#> .
@prefix dc: <http://purl.org/dc/elements/1.1/> .
@prefix essentia: <http://sovarr.c4dm.eecs.qmul.ac.uk/af/essentia/> .
@prefix event: <http://purl.org/NET/c4dm/event.owl#> .
@prefix foaf: <http://xmlns.com/foaf/0.1/> .
@prefix mo: <http://purl.org/ontology/mo/> .
@prefix rdf: <http://www.w3.org/1999/02/22-rdf-syntax-ns#> .
@prefix rdfs: <http://www.w3.org/2000/01/rdf-schema#> .
@prefix tl: <http://purl.org/NET/c4dm/timeline.owl#> .
@prefix xml: <http://www.w3.org/XML/1998/namespace> .
@prefix xsd: <http://www.w3.org/2001/XMLSchema#> .

<http://musicbrainz.org/release/68ed66c6-ae5f-4b17-ad7f-63e1e0163d76> a mo:Release ;
    dc:date "2013-06-25" ;
    dc:title "Queensrÿche" ;
    mo:catalogue_number "9044-8" ;
    mo:publisher [ a mo:Label ;
            foaf:name "Century Media" ] ;
    mo:track <http://musicbrainz.org/recording/e31ac5be-bf45-4447-9227-bf2da6095096> ;
    essentia:asin "B00CM9JKQM" ;
    essentia:barcode "727701904481" ;
    foaf:maker <http://musicbrainz.org/artist/deeea939-7f89-4762-b09f-79269cd70d3b> .

<07+-+Midnight+Lullaby.flac> a mo:AudioFile ;
    mo:encodes [ a essentia:Signal ;
            mo:time _:e50d3a33-f3ca-40cb-840d-92734c071a9b ;
            essentia:bit_rate "0"^^xsd:float ;
            essentia:codec "flac"^^xsd:string ;
            essentia:downmix "mix"^^xsd:string ;
            essentia:equal_loudness "0"^^xsd:float ;
            essentia:lossless true ;
            essentia:md5_encoded "bb1e73f4d091add222f92eb55c96695a"^^xsd:string ;
            essentia:replay_gain "-0.000576019287109"^^xsd:float ] .

<http://musicbrainz.org/artist/deeea939-7f89-4762-b09f-79269cd70d3b> a mo:MusicArtist ;
    foaf:name "Queensrÿche" .

<http://musicbrainz.org/recording/e31ac5be-bf45-4447-9227-bf2da6095096> a mo:Track ;
    dc:title "Midnight Lullaby" ;
    mo:available_as <07+-+Midnight+Lullaby.flac> ;
    mo:genre [ a mo:Genre ] ;
    mo:track_number "7" .

[] a essentia:VersionInfo .

_:0041c24f-13e1-46dc-943e-c2dc25372be3 rdf:first 1 ;
    rdf:rest ( 6.071401e-01 1.446095e-01 9.002768e-02 1.235938e-01 1.120133e-01 8.586553e-02 4.949111e-02 3.440966e-02 5.404659e-02 4.967332e-02 6.172471e-02 7.659449e-02 4.735042e-02 2.186688e-02 1.480084e-02 1.560489e-02 3.074824e-02 7.57276e-02 1.137965e-01 1.782206e-01 2.668738e-01 2.299906e-01 1.336932e-01 7.617495e-02 3.478105e-02 1.758395e-02 1.323851e-02 1.319214e-02 2.253232e-02 3.283574e-02 3.181938e-02 5.001685e-02 8.874432e-02 2.066672e-01 6.598052e-01 ) .

_:00e407d7-cd16-4ec1-b872-bf201e909fbc a essentia:SecondDerivativeMean ;
    afo:value 0 .

_:00e85344-6c0d-4839-8b4c-65f447dfa799 a essentia:TuningFrequency ;
    event:time _:e50d3a33-f3ca-40cb-840d-92734c071a9b ;
    afo:value 4.382245e+02 .

_:01a6d987-0969-4a5b-9b13-e62129b174a7 a essentia:Mean ;
    afo:value 9.258951e+00 .

_:023962ea-23f9-447e-81f7-9b7be45b93fe a essentia:Median ;
    afo:value 3.218756e+01 .

_:02c559af-ace9-4d48-a727-26d1f39fd427 a essentia:Median ;
    afo:value 3.231914e+00 .

_:0384c6a0-c0f7-472f-85a4-0612a7150005 rdf:first 1.083185e-08 ;
    rdf:rest ( 8.92169e-10 1.610548e-10 1.926082e-10 4.647257e-09 3.107705e-08 7.323285e-10 6.338395e-10 9.408329e-10 6.499479e-10 7.042401e-10 1.176582e-09 2.529355e-09 1.070515e-10 3.66484e-09 1.908797e-09 9.801469e-10 1.171397e-10 9.962568e-11 1.538713e-10 1.736871e-10 2.226336e-11 2.97422e-11 2.877349e-11 4.532991e-11 6.447264e-11 1.979336e-09 ) .

_:03c696c2-942d-44fd-ab3c-fdfe1ba02956 a essentia:Variance ;
    afo:values ( 1.413891e-01 1.164908e-01 3.372332e-02 3.069376e-02 5.82853e-02 3.511863e-02 2.543051e-02 8.840734e-03 4.94124e-03 1.367049e-02 7.140802e-03 7.204481e-03 1.328658e-02 7.882204e-03 4.324045e-03 2.90065e-03 2.601854e-03 7.522977e-03 2.716372e-02 4.380452e-02 4.49158e-02 7.53338e-02 5.723374e-02 3.211035e-02 2.46715e-02 8.554039e-03 3.190535e-03 1.469844e-03 1.315512e-03 1.659797e-03 7.676708e-03 8.448556e-03 1.218459e-02 2.452579e-02 4.791173e-02 1.158855e-01 ) .

_:03edb6ef-481b-445a-81d1-e4cc928b0bda a essentia:DerivativeVariance ;
    afo:value 9.243386e+04 .

_:04216cd1-5e7c-4113-b681-52d6c9eda436 a essentia:DerivativeMean ;
    afo:values ( 1.71106e-01 3.055031e-01 1.322413e-01 5.059027e-02 4.127797e-02 4.095645e-02 3.53439e-02 2.398115e-02 1.560957e-02 2.150087e-02 2.493512e-02 3.530122e-02 3.464016e-02 2.82705e-02 1.678073e-02 1.243072e-02 1.224722e-02 2.026157e-02 3.689507e-02 4.973959e-02 9.069905e-02 1.103486e-01 9.641805e-02 9.647802e-02 5.353922e-02 2.518441e-02 1.550416e-02 1.066794e-02 8.96288e-03 1.292427e-02 1.993454e-02 1.987081e-02 3.503168e-02 6.853898e-02 1.703963e-01 3.115077e-01 ) .

_:052b0249-5ebe-4420-9142-125a6dbac1d1 a essentia:HFC ;
    event:time _:e50d3a33-f3ca-40cb-840d-92734c071a9b ;
    afo:computed_by _:LowLevelExtractor ;
    afo:feature [ a essentia:Variance ;
            afo:value 3.499414e+02 ],
        [ a essentia:DerivativeVariance ;
            afo:value 8.369566e+01 ],
        [ a essentia:SecondDerivativeMean ;
            afo:value 5.390467e+00 ],
        [ a essentia:Median ;
            afo:value 7.082448e+00 ],
        [ a essentia:Minimum ;
            afo:value 9.642034e-05 ],
        [ a essentia:Mean ;
            afo:value 1.146272e+01 ],
        [ a essentia:DerivativeMean ;
            afo:value 3.452682e+00 ],
        [ a essentia:Maximum ;
            afo:value 4.146288e+02 ],
        [ a essentia:SecondDerivativeVariance ;
            afo:value 1.054061e+02 ] .

_:05607798-3504-432f-97f1-c7b64f253c73 a essentia:DerivativeVariance ;
    afo:value 4.494107e-07 .

_:05615bf5-f69c-4a6a-9cbb-e5753284f7f9 rdf:first 1.080654e-09 ;
    rdf:rest ( 8.006601e-11 7.440273e-11 1.609705e-10 5.098792e-09 5.37953e-09 3.52311e-10 1.8815e-10 1.254277e-10 1.485924e-10 4.762294e-11 1.666388e-10 6.052171e-11 4.826946e-11 4.328206e-10 1.056068e-10 8.744607e-12 1.41806e-11 2.711779e-10 2.453181e-10 6.814312e-11 5.084581e-11 3.083553e-11 5.475041e-12 4.334503e-12 3.404358e-12 7.516029e-12 3.286543e-12 4.603543e-12 4.681387e-12 1.36141e-12 5.435998e-13 2.833974e-13 3.57332e-13 5.358399e-13 4.768507e-13 3.42178e-13 3.522667e-13 2.693552e-13 3.29193e-13 ) .

_:06ad28c8-97cc-42dd-a5d1-310f20588796 a essentia:SecondDerivativeVariance ;
    afo:value 1.571676e-02 .

_:06ebee6c-73ec-404e-8dfa-9a520561e808 a essentia:Maximum ;
    afo:value 3.854756e+01 .

_:07706993-da46-4ebe-b77f-5dfa28a2da14 a essentia:DerivativeMean ;
    afo:value 8.609935e+00 .

_:07c0fe78-4b98-444a-a67a-4b4bede5781b a essentia:DerivativeVariance ;
    afo:value 5.141707e-04 .

_:07ed3a28-c913-4751-8627-30df8517382e a essentia:Mean ;
    afo:values ( -9.678601e+01 1.379218e+02 -9.95113e+01 3.538326e+01 -2.329837e+01 9.204383e+00 -9.316709e+00 1.217957e+01 -9.79447e+00 2.586451e+00 -1.23359e+00 -4.590358e-01 3.329057e+00 ) .

_:083c649f-e690-45f7-8f0b-cf5839114d2e a essentia:Variance ;
    afo:value 1.871785e-03 .

_:08731426-98ff-4a7f-8314-c367ac46c247 a essentia:Variance ;
    afo:value 5.873556e-01 .

_:089ec140-58c0-46b0-89aa-c111d294decc a essentia:DerivativeVariance ;
    afo:value 0 .

_:08bc20b0-510d-42dc-8863-89bb65b77552 a essentia:Mean ;
    afo:values ( -7.063838e+00 -7.751251e+00 -8.583093e+00 -8.959532e+00 -8.879595e+00 -1.189513e+01 ) .

_:08c475bd-607d-4cfd-ac72-201863cae741 a essentia:Variance ;
    afo:value 2.089677e+01 .

_:09127e55-77ac-4d17-a0b6-73385663e86c rdf:first 8.145356e-01 ;
    rdf:rest ( 3.283308e+00 3.375597e+00 2.352662e+00 3.185369e+00 3.976482e+00 3.700118e+00 7.855499e+00 9.462543e+00 6.503904e+00 6.100878e+00 1.140561e+01 6.542347e+00 2.005534e+01 1.603218e+01 6.860174e+00 1.23723e+01 3.855254e+00 4.220138e+00 1.409448e+01 8.436177e+00 2.477894e+00 4.507382e+00 5.696103e+00 5.156155e+00 1.767012e+00 2.499687e+00 1.02546e+00 8.178692e-01 4.474415e-01 4.300873e-01 2.047271e-01 1.562466e-01 1.254705e-01 9.614445e-02 3.152409e-02 1.675131e-02 7.084342e-03 8.221316e-04 6.554976e-05 ) .

_:09b54e65-a66e-4d80-ba23-17aa99a5fb70 a essentia:ERBBands ;
    event:time _:e50d3a33-f3ca-40cb-840d-92734c071a9b ;
    afo:computed_by _:LowLevelExtractor ;
    afo:feature [ a essentia:FlatnessDB ;
            afo:feature [ a essentia:Mean ;
                    afo:value 2.008881e-01 ],
                [ a essentia:SecondDerivativeVariance ;
                    afo:value 7.508224e-04 ],
                [ a essentia:Median ;
                    afo:value 1.999041e-01 ],
                [ a essentia:SecondDerivativeMean ;
                    afo:value 2.804592e-02 ],
                [ a essentia:Variance ;
                    afo:value 4.684603e-03 ],
                [ a essentia:Minimum ;
                    afo:value 4.677034e-02 ],
                [ a essentia:Maximum ;
                    afo:value 4.149652e-01 ],
                [ a essentia:DerivativeVariance ;
                    afo:value 2.831148e-04 ],
                [ a essentia:DerivativeMean ;
                    afo:value 1.721116e-02 ] ] .

_:09c22f5a-fbe4-4fa2-a35d-c66040ef53cf a essentia:Median ;
    afo:value 6.863844e+00 .

_:09de6c29-e6e9-43d1-97c3-9af97194d78c a essentia:DerivativeVariance ;
    afo:value 4.228673e-03 .

_:0a27f3f5-4b60-4c84-ae0a-6a2ed9a573ee a essentia:Maximum ;
    afo:value 1.504425e-01 .

_:0a3fe970-712d-43d7-a8af-25aa7010892f a essentia:Median ;
    afo:value 1.273616e-03 .

_:0b02d81e-3108-4c55-a967-cdcb9deaf2d9 a essentia:Mean ;
    afo:value 2.286975e+01 .

_:0b3d2f4f-34b6-49d4-89c8-060b6bf0aa17 a essentia:SecondDerivativeVariance ;
    afo:value 0 .

_:0b42caa8-8524-448a-b75a-60f0f40291ef a essentia:SecondDerivativeMean ;
    afo:value 1.004113e-08 .

_:0baa0b07-22e9-4cc8-b0db-8cd2cb6881be a essentia:Variance ;
    afo:value 0 .

_:0bbd47c5-34ac-4700-abf4-17115efc75f4 a essentia:SilenceRate ;
    event:time _:e50d3a33-f3ca-40cb-840d-92734c071a9b ;
    afo:computed_by _:LowLevelExtractor ;
    afo:feature _:06ad28c8-97cc-42dd-a5d1-310f20588796,
        [ a essentia:DerivativeMean ;
            afo:value 5.41441e-03 ],
        [ a essentia:Median ;
            afo:value 0 ],
        [ a essentia:Minimum ;
            afo:value 0 ],
        [ a essentia:Maximum ;
            afo:value 1 ],
        [ a essentia:SecondDerivativeMean ;
            afo:value 1.083333e-02 ],
        [ a essentia:Mean ;
            afo:value 8.243131e-02 ],
        [ a essentia:DerivativeVariance ;
            afo:value 5.385302e-03 ],
        [ a essentia:Variance ;
            afo:value 7.563235e-02 ] .

_:0cf77bea-9b6d-4788-8eba-1f3e78075889 rdf:first 3.622588e-03 ;
    rdf:rest ( 1.687778e-02 2.766835e-03 6.760057e-04 1.097553e-03 8.044473e-04 6.279576e-04 3.091939e-04 4.544218e-04 3.307346e-04 6.606904e-04 1.338265e-04 2.663289e-04 8.001891e-05 1.733422e-04 2.121699e-04 4.583449e-05 1.025361e-04 1.24335e-04 3.775711e-05 4.670046e-05 1.951022e-05 1.488328e-05 9.304619e-06 1.162118e-05 7.948812e-06 6.37337e-06 ) .

_:0d1d2016-822a-4c1a-bd7f-fa53b82afd6f a essentia:MelBands ;
    event:time _:e50d3a33-f3ca-40cb-840d-92734c071a9b ;
    afo:computed_by _:LowLevelExtractor ;
    afo:feature [ a essentia:Kurtosis ;
            afo:feature _:023962ea-23f9-447e-81f7-9b7be45b93fe,
                [ a essentia:SecondDerivativeVariance ;
                    afo:value 1.146794e+04 ],
                [ a essentia:DerivativeVariance ;
                    afo:value 3.990108e+03 ],
                [ a essentia:Variance ;
                    afo:value 1.552517e+04 ],
                [ a essentia:SecondDerivativeMean ;
                    afo:value 6.263503e+01 ],
                [ a essentia:Mean ;
                    afo:value 7.775702e+01 ],
                [ a essentia:DerivativeMean ;
                    afo:value 3.652594e+01 ],
                [ a essentia:Maximum ;
                    afo:value 1.038839e+03 ],
                [ a essentia:Minimum ;
                    afo:value -1.406151e+00 ] ] .

_:0d2c90c1-1fbf-47a6-8c03-3b4ee324ddfe a essentia:Mean ;
    afo:value 7.044e-03 .

_:0da2a450-b494-4bda-b1d0-fcbc63c0bf8d a essentia:Minimum ;
    afo:value 1.095109e-01 .

_:0e4fb7d2-8571-4a2f-91e1-a2962fe1e023 a essentia:Variance ;
    afo:value 0 .

_:0e9e1522-bdb5-46be-a754-843a1d539a24 a essentia:SecondDerivativeVariance ;
    afo:value 1.990617e-03 .

_:0eda66f1-9ec3-47b1-ae3b-4f9f59ddd6d7 a essentia:Loudness ;
    event:time _:e50d3a33-f3ca-40cb-840d-92734c071a9b ;
    afo:feature [ a essentia:Mean ;
            afo:value 6.364418e-01 ] .

_:0f35374e-8a16-4eb3-baa2-6acec25bd7ea a essentia:Mean ;
    afo:value 1.093837e+01 .

_:10234aba-4b98-4db3-921b-4a82c565f283 a essentia:SecondPeakBPM ;
    event:time _:e50d3a33-f3ca-40cb-840d-92734c071a9b ;
    afo:computed_by _:LowLevelExtractor ;
    afo:feature [ a essentia:Minimum ;
            afo:value 161 ],
        [ a essentia:Variance ;
            afo:value 0 ],
        [ a essentia:Maximum ;
            afo:value 161 ],
        [ a essentia:SecondDerivativeMean ;
            afo:value 0 ],
        [ a essentia:DerivativeVariance ;
            afo:value 0 ],
        [ a essentia:Median ;
            afo:value 161 ],
        [ a essentia:SecondDerivativeVariance ;
            afo:value 0 ],
        [ a essentia:Mean ;
            afo:value 161 ],
        [ a essentia:DerivativeMean ;
            afo:value 0 ] .

_:10749889-4bc3-404f-b4b2-38ece3c46c22 a essentia:SpectralComplexity ;
    event:time _:e50d3a33-f3ca-40cb-840d-92734c071a9b ;
    afo:computed_by _:LowLevelExtractor ;
    afo:feature _:01a6d987-0969-4a5b-9b13-e62129b174a7,
        [ a essentia:Maximum ;
            afo:value 54 ],
        [ a essentia:DerivativeVariance ;
            afo:value 6.417503e+00 ],
        [ a essentia:DerivativeMean ;
            afo:value 1.960017e+00 ],
        [ a essentia:Variance ;
            afo:value 4.482885e+01 ],
        [ a essentia:Median ;
            afo:value 8 ],
        [ a essentia:SecondDerivativeVariance ;
            afo:value 1.489066e+01 ],
        [ a essentia:Minimum ;
            afo:value 0 ],
        [ a essentia:SecondDerivativeMean ;
            afo:value 3.261667e+00 ] .

_:1084fe33-f093-49d6-9f38-5f503322fd20 a essentia:ChordsNumberRate ;
    event:time _:e50d3a33-f3ca-40cb-840d-92734c071a9b ;
    afo:value 6.655574e-03 .

_:10dc5c3f-7e86-48c6-975a-104911ed9944 a essentia:SecondDerivativeMean ;
    afo:value 6.600855e+00 .

_:110138e8-652f-408d-bf9d-a7f3014c4387 a essentia:Median ;
    afo:value 1.687093e+01 .

_:112b8607-1412-412a-bc1a-82d0a8fe59c2 a essentia:Minimum ;
    afo:value -1.245774e+00 .

_:11e74630-9656-4109-8d1d-e5f2d8ff44d4 a essentia:PitchSalience ;
    event:time _:e50d3a33-f3ca-40cb-840d-92734c071a9b ;
    afo:computed_by _:LowLevelExtractor ;
    afo:feature _:09de6c29-e6e9-43d1-97c3-9af97194d78c,
        [ a essentia:SecondDerivativeMean ;
            afo:value 1.411177e-01 ],
        [ a essentia:Maximum ;
            afo:value 7.897736e-01 ],
        [ a essentia:SecondDerivativeVariance ;
            afo:value 1.307579e-02 ],
        [ a essentia:Variance ;
            afo:value 2.27312e-02 ],
        [ a essentia:DerivativeMean ;
            afo:value 8.107337e-02 ],
        [ a essentia:Median ;
            afo:value 3.589579e-01 ],
        [ a essentia:Mean ;
            afo:value 3.626234e-01 ],
        [ a essentia:Minimum ;
            afo:value 4.064427e-02 ] .

_:1243dcff-aba4-46b3-876d-4f6816095e6a rdf:first 3.388908e-03 ;
    rdf:rest ( 2.105225e-02 2.078647e-03 3.821811e-04 3.001805e-04 1.629525e-04 1.459138e-04 1.835336e-05 8.123684e-05 9.552429e-05 3.657356e-05 1.523599e-05 5.736563e-05 2.72832e-05 5.215566e-05 5.554574e-05 2.132376e-05 2.769039e-05 3.70432e-05 7.739871e-06 1.136507e-05 1.494653e-06 6.820419e-07 3.875628e-07 1.217474e-07 7.22172e-08 5.343519e-08 ) .

_:124bed7e-aeeb-4b97-95e1-77705dd78b5a a essentia:FlatnessDB ;
    afo:feature [ a essentia:DerivativeMean ;
            afo:value 3.328355e-02 ],
        [ a essentia:Minimum ;
            afo:value 3.623173e-02 ],
        [ a essentia:SecondDerivativeMean ;
            afo:value 5.669682e-02 ],
        [ a essentia:Mean ;
            afo:value 2.800242e-01 ],
        [ a essentia:Maximum ;
            afo:value 6.87142e-01 ],
        [ a essentia:Median ;
            afo:value 2.632822e-01 ],
        [ a essentia:Variance ;
            afo:value 1.210547e-02 ],
        [ a essentia:DerivativeVariance ;
            afo:value 8.663868e-04 ],
        [ a essentia:SecondDerivativeVariance ;
            afo:value 2.440908e-03 ] .

_:127348ac-44f5-456f-a0c9-0a2a719c35fa a essentia:Median ;
    afo:value 3.318837e+01 .

_:127fa67d-ad3c-4513-849c-4f0ffb1394b1 a essentia:ERBBands ;
    event:time _:e50d3a33-f3ca-40cb-840d-92734c071a9b ;
    afo:computed_by _:LowLevelExtractor ;
    afo:feature [ a essentia:Spread ;
            afo:feature _:07706993-da46-4ebe-b77f-5dfa28a2da14,
                _:127348ac-44f5-456f-a0c9-0a2a719c35fa,
                [ a essentia:DerivativeVariance ;
                    afo:value 9.797497e+01 ],
                [ a essentia:SecondDerivativeMean ;
                    afo:value 1.399391e+01 ],
                [ a essentia:Maximum ;
                    afo:value 1.312656e+02 ],
                [ a essentia:Variance ;
                    afo:value 6.408003e+02 ],
                [ a essentia:Mean ;
                    afo:value 3.862864e+01 ],
                [ a essentia:SecondDerivativeVariance ;
                    afo:value 2.573397e+02 ],
                [ a essentia:Minimum ;
                    afo:value 1.937473e+00 ] ] .

_:12e11aac-5072-48f6-bad0-d3bef9ab9784 a essentia:Maximum ;
    afo:value 8.717911e-01 .

_:1305cf27-ffbe-4f98-96f1-8ed516ea11b6 a essentia:DerivativeMean ;
    afo:value 3.686398e-02 .

_:136fb344-eefd-492a-9049-378ce632a21b a essentia:DerivativeMean ;
    afo:value 3.418502e+05 .

_:13e26fc0-f029-4df3-a72c-4802eed82b70 rdf:first 7.010447e-01 ;
    rdf:rest ( 4.256323e-01 1.013777e-01 6.311342e-02 8.664481e-02 7.85263e-02 6.019557e-02 3.469548e-02 2.412271e-02 3.788907e-02 3.482321e-02 4.327178e-02 5.369616e-02 3.319476e-02 1.532966e-02 1.037605e-02 1.093973e-02 2.155589e-02 5.308843e-02 7.977642e-02 1.249406e-01 1.870905e-01 1.612337e-01 9.372491e-02 5.340204e-02 2.438307e-02 1.232713e-02 9.28079e-03 9.248283e-03 1.579616e-02 2.301932e-02 2.230681e-02 3.506405e-02 6.221373e-02 1.448829e-01 4.62553e-01 ) .

_:143e8e97-9362-4757-b228-ba76cb5d070e a essentia:SpectralContrast ;
    event:time _:e50d3a33-f3ca-40cb-840d-92734c071a9b ;
    afo:computed_by _:LowLevelExtractor ;
    afo:feature [ a essentia:DerivativeMean ;
            afo:values ( 4.666022e-02 4.659487e-02 4.137208e-02 3.149431e-02 2.417479e-02 1.592899e-02 ) ],
        [ a essentia:Minimum ;
            afo:values ( -9.172585e-01 -9.56604e-01 -9.256443e-01 -9.311873e-01 -9.243901e-01 -9.035968e-01 ) ],
        [ a essentia:Mean ;
            afo:values ( -7.227796e-01 -7.051587e-01 -7.143299e-01 -7.39528e-01 -7.780693e-01 -7.735707e-01 ) ],
        [ a essentia:SecondDerivativeVariance ;
            afo:values ( 3.804726e-03 3.695571e-03 3.267351e-03 1.869852e-03 1.461636e-03 5.439129e-04 ) ],
        [ a essentia:DerivativeVariance ;
            afo:values ( 1.279145e-03 1.332589e-03 1.200355e-03 7.09356e-04 6.22989e-04 2.580878e-04 ) ],
        [ a essentia:Maximum ;
            afo:values ( -4.161397e-01 -4.249154e-01 -4.282963e-01 -5.148883e-01 -5.914965e-01 -5.614752e-01 ) ],
        [ a essentia:Variance ;
            afo:values ( 3.977343e-03 1.005403e-02 1.023725e-02 7.082473e-03 3.305903e-03 3.016762e-03 ) ],
        [ a essentia:SecondDerivativeMean ;
            afo:values ( 8.190656e-02 7.806802e-02 6.880278e-02 5.271388e-02 3.913746e-02 2.535054e-02 ) ],
        [ a essentia:Median ;
            afo:values ( -7.252139e-01 -7.105196e-01 -7.215168e-01 -7.46739e-01 -7.738516e-01 -7.660061e-01 ) ] .

_:149050b3-1e00-4125-9a12-1299f22a2329 a essentia:Spread ;
    afo:feature _:0da2a450-b494-4bda-b1d0-fcbc63c0bf8d,
        _:10dc5c3f-7e86-48c6-975a-104911ed9944,
        [ a essentia:DerivativeVariance ;
            afo:value 3.03971e+01 ],
        [ a essentia:Median ;
            afo:value 6.904868e+00 ],
        [ a essentia:Variance ;
            afo:value 8.410057e+01 ],
        [ a essentia:DerivativeMean ;
            afo:value 3.881772e+00 ],
        [ a essentia:SecondDerivativeVariance ;
            afo:value 8.22331e+01 ],
        [ a essentia:Maximum ;
            afo:value 6.572041e+01 ],
        [ a essentia:Mean ;
            afo:value 9.364039e+00 ] .

_:15710f83-6327-496b-8097-de7e21f05e7e a essentia:Minimum ;
    afo:value 3.953878e+00 .

_:15cb3eeb-033d-4f21-9031-07e979aaf8e2 a essentia:Mean ;
    afo:value 5.59325e+00 .

_:1683eaa8-44e9-44bc-88f1-f36180b12d35 a essentia:DerivativeMean ;
    afo:value 3.027864e+00 .

_:171b9499-43dc-4cfa-8b1c-37e32c14dac4 a essentia:DerivativeMean ;
    afo:values ( 5.65243e-03 2.474591e-03 4.113104e-04 2.663409e-04 1.422339e-04 1.672575e-04 1.40164e-04 7.074634e-05 6.060695e-05 6.391876e-05 3.451067e-05 8.041364e-05 7.556465e-05 1.289171e-05 3.80752e-05 1.455506e-05 7.175909e-06 6.739606e-06 1.199929e-05 2.210561e-05 7.585943e-06 2.62822e-06 3.097377e-06 5.756617e-06 4.691891e-06 5.818368e-06 1.645771e-06 1.229565e-06 1.593729e-06 1.509328e-06 3.808035e-07 5.048063e-07 3.481181e-07 2.511085e-07 2.968588e-07 1.897673e-07 1.161975e-07 1.019796e-07 1.451791e-07 1.058568e-07 ) .

_:17c03dce-156d-408e-9a05-adc02731ac71 a essentia:ERBBands ;
    event:time _:e50d3a33-f3ca-40cb-840d-92734c071a9b ;
    afo:computed_by _:LowLevelExtractor ;
    afo:feature [ a essentia:Skewness ;
            afo:feature [ a essentia:DerivativeMean ;
                    afo:value 4.55355e-01 ],
                [ a essentia:Median ;
                    afo:value 1.412705e-01 ],
                [ a essentia:Variance ;
                    afo:value 1.155054e+00 ],
                [ a essentia:Maximum ;
                    afo:value 5.119053e+00 ],
                [ a essentia:Mean ;
                    afo:value 2.569215e-01 ],
                [ a essentia:SecondDerivativeVariance ;
                    afo:value 4.878626e-01 ],
                [ a essentia:Minimum ;
                    afo:value -3.344429e+00 ],
                [ a essentia:SecondDerivativeMean ;
                    afo:value 7.338064e-01 ],
                [ a essentia:DerivativeVariance ;
                    afo:value 1.929294e-01 ] ] .

_:17f31ddf-1542-47c0-bfaa-e3b3a41b1a2f a essentia:Median ;
    afo:values ( 8.728839e-01 2.036439e-02 2.542447e-02 2.039516e-02 1.513195e-02 6.094685e-03 ) .

_:18840674-6525-4e4e-8543-71485203a4b4 a essentia:Mean ;
    afo:value 1.28858e+01 .

_:1999cb21-67ac-416e-aa13-d522e2153a53 a essentia:DerivativeMean ;
    afo:values ( 3.32735e-01 3.531902e-01 3.310909e-01 2.565903e-01 2.148625e-01 1.919118e-01 ) .

_:1a43b127-c555-4445-9f72-784005cf07f6 rdf:first 1.17215e-02 ;
    rdf:rest ( 4.37838e-03 7.153489e-04 3.691086e-04 2.82146e-04 3.607189e-04 2.408868e-04 1.431033e-04 1.300863e-04 1.402098e-04 6.16605e-05 1.421911e-04 1.252631e-04 1.868508e-05 5.054591e-05 2.137464e-05 1.032239e-05 1.089813e-05 1.77903e-05 3.219454e-05 1.105605e-05 3.856007e-06 4.557302e-06 7.253876e-06 6.48912e-06 7.493713e-06 2.50492e-06 1.792556e-06 2.04897e-06 1.904418e-06 5.982816e-07 6.248072e-07 4.401001e-07 4.990296e-07 5.395842e-07 2.949685e-07 2.044269e-07 1.7446e-07 1.973188e-07 1.650719e-07 ) .

_:1b07f5e3-1d07-49ca-98ba-c191df99e6d8 a essentia:Median ;
    afo:values ( 9.378124e-01 4.008185e-01 1.66362e-02 1.133011e-03 1.015011e-03 2.877051e-03 4.280981e-03 3.917077e-03 3.647099e-03 3.292291e-03 5.970401e-03 1.153065e-02 1.409646e-02 8.846417e-03 2.151576e-03 1.116752e-03 1.297395e-03 2.044927e-03 1.718166e-03 3.425057e-03 2.343422e-02 5.249285e-02 4.740641e-02 1.149929e-02 3.270827e-03 1.906987e-03 1.2958e-03 1.391795e-03 3.251527e-03 5.364697e-03 5.295668e-03 3.041027e-03 4.184399e-03 6.577463e-03 4.068936e-02 4.280317e-01 ) .

_:1b1676ae-b59c-4649-ba0f-82786960b026 a essentia:Mean ;
    afo:value 3.461539e-01 .

_:1ba7de6d-5ef0-42d3-ac81-f6497e946562 rdf:first 1.139925e-01 ;
    rdf:rest ( 4.941144e-02 5.909676e-02 6.534449e-02 3.454185e-02 1.404077e-02 ) .

_:1c3876f0-c15c-4664-88c7-bbdfda6e803b a essentia:BeatsLoudness ;
    event:time _:e50d3a33-f3ca-40cb-840d-92734c071a9b ;
    afo:computed_by _:LowLevelExtractor ;
    afo:feature _:083c649f-e690-45f7-8f0b-cf5839114d2e,
        [ a essentia:SecondDerivativeVariance ;
            afo:value 2.068229e-03 ],
        [ a essentia:DerivativeMean ;
            afo:value 2.560754e-02 ],
        [ a essentia:Minimum ;
            afo:value 1.036784e-04 ],
        [ a essentia:Median ;
            afo:value 3.254063e-02 ],
        [ a essentia:DerivativeVariance ;
            afo:value 9.033285e-04 ],
        [ a essentia:Maximum ;
            afo:value 2.01993e-01 ],
        [ a essentia:Mean ;
            afo:value 4.542551e-02 ],
        [ a essentia:SecondDerivativeMean ;
            afo:value 4.232725e-02 ] .

_:1d16ab42-e906-4519-be47-1d869d2d6f0f a essentia:DerivativeMean ;
    afo:value 5.364613e-01 .

_:1d591032-8713-4703-a5e1-844ca9bb8321 a essentia:Minimum ;
    afo:value 8.072086e-06 .

_:1d69f5d9-7e00-4cb1-a896-6a7e1eb60c42 a essentia:InverseCovariance ;
    afo:dimensions ( 13 13 ) ;
    afo:values ( 2.927994e-04 -6.681936e-04 4.394304e-04 -6.806295e-04 5.656522e-04 -7.025661e-04 5.158501e-04 -8.085771e-04 4.907627e-04 -6.724712e-04 2.277961e-04 -6.142283e-04 3.577867e-04 -6.681936e-04 4.282571e-03 -1.174073e-03 3.255609e-03 -3.458026e-03 3.154139e-03 -2.732611e-03 4.094548e-03 -3.372742e-03 4.160151e-03 -1.678333e-03 3.307829e-03 1.167629e-04 4.394304e-04 -1.174073e-03 1.269106e-03 -1.242724e-03 7.899747e-04 -1.377459e-03 6.163964e-04 -1.087401e-03 7.261851e-04 -9.033872e-04 4.277239e-04 -6.165063e-04 1.450917e-03 -6.806295e-04 3.255609e-03 -1.242724e-03 5.043718e-03 -3.698632e-03 1.631698e-03 -1.31245e-03 1.614898e-03 -2.928876e-03 2.773003e-03 -1.817241e-03 3.497083e-03 2.244485e-04 5.656522e-04 -3.458026e-03 7.899747e-04 -3.698632e-03 6.434299e-03 -3.25128e-03 3.421263e-04 -1.263381e-03 2.221457e-03 -2.24502e-03 -1.78338e-04 -1.864274e-03 -1.137022e-03 -7.025661e-04 3.154139e-03 -1.377459e-03 1.631698e-03 -3.25128e-03 8.306385e-03 -2.961894e-03 2.210526e-03 -3.148294e-03 2.305204e-03 1.412675e-03 2.759317e-03 1.16118e-03 5.158501e-04 -2.732611e-03 6.163964e-04 -1.31245e-03 3.421263e-04 -2.961894e-03 9.860208e-03 -3.895614e-03 2.496773e-03 -1.71774e-04 -1.258141e-03 -2.059899e-03 -1.615001e-03 -8.085771e-04 4.094548e-03 -1.087401e-03 1.614898e-03 -1.263381e-03 2.210526e-03 -3.895614e-03 1.354995e-02 -2.905147e-03 2.32144e-03 -1.691296e-03 5.616424e-03 -9.422113e-05 4.907627e-04 -3.372742e-03 7.261851e-04 -2.928876e-03 2.221457e-03 -3.148294e-03 2.496773e-03 -2.905147e-03 1.284684e-02 -5.161355e-03 2.135337e-03 -1.470642e-03 -2.256304e-03 -6.724712e-04 4.160151e-03 -9.033872e-04 2.773003e-03 -2.24502e-03 2.305204e-03 -1.71774e-04 2.32144e-03 -5.161355e-03 2.024042e-02 -4.626619e-03 3.755456e-03 1.722241e-03 2.277961e-04 -1.678333e-03 4.277239e-04 -1.817241e-03 -1.78338e-04 1.412675e-03 -1.258141e-03 -1.691296e-03 2.135337e-03 -4.626619e-03 1.321565e-02 -3.176884e-03 1.50482e-04 -6.142283e-04 3.307829e-03 -6.165063e-04 3.497083e-03 -1.864274e-03 2.759317e-03 -2.059899e-03 5.616424e-03 -1.470642e-03 3.755456e-03 -3.176884e-03 1.588131e-02 -5.539997e-03 3.577867e-04 1.167629e-04 1.450917e-03 2.244485e-04 -1.137022e-03 1.16118e-03 -1.615001e-03 -9.422113e-05 -2.256304e-03 1.722241e-03 1.50482e-04 -5.539997e-03 1.544258e-02 ) .

_:1da23f9b-438b-4184-8c82-754c064b9702 a essentia:DerivativeMean ;
    afo:value 4.603998e-03 .

_:1eb66fc6-1f44-4940-a148-7442c1e873d2 a essentia:SecondDerivativeMean ;
    afo:value 2.190181e+00 .

_:1ebcb04c-7438-43a6-90ec-2d38f0aa3b4c a essentia:Mean ;
    afo:value 4.379802e-02 .

_:1f53f608-2261-4cd1-ac9b-cd5691766d43 a essentia:Mean ;
    afo:values _:13e26fc0-f029-4df3-a72c-4802eed82b70 .

_:20381496-819b-4852-88b6-e4f471a28cc5 a essentia:Variance ;
    afo:value 3.368148e-04 .

_:20ded630-4876-425a-aeac-b4c2dd75b11d a essentia:DerivativeMean ;
    afo:value 2.005948e-02 .

_:214e068a-40cc-4000-8e54-f4b82522b668 rdf:first 1.115426e-01 ;
    rdf:rest ( 1.288343e-02 8.824159e-03 3.521153e-02 3.08819e-03 5.274889e-04 ) .

_:21809e2c-76d3-49f7-bd44-d34f44a75814 a essentia:SecondDerivativeMean ;
    afo:value 3.816568e+02 .

_:21965b27-9ac8-4296-a736-c2a20a82977b a essentia:Maximum ;
    afo:value 1.222771e+01 .

_:2260b603-90c4-4d00-b0ed-134a88031c31 a essentia:DerivativeMean ;
    afo:value 1.375569e-03 .

_:22743daa-c742-4835-804c-444b62589177 a essentia:Minimum ;
    afo:value 3.781522e-01 .

_:22afbe2c-70ef-4ff3-b979-c364fef19dbb rdf:first -7.508807e+02 ;
    rdf:rest ( 1.667031e+02 -2.897303e-01 4.251996e+01 1.487126e+01 1.151237e+01 1.526583e+01 1.172015e+01 9.623346e+00 1.044329e+01 1.285097e+00 3.845071e+00 5.098883e+00 ) .

_:22fbf2c4-9970-44aa-b28e-032ca421baf1 a essentia:Maximum ;
    afo:value 5.720085e+01 .

_:23bcb145-23cb-4a00-9d3a-318135442351 a essentia:Median ;
    afo:value 1.001636e+01 .

_:23f3c2c5-cbe1-4537-8c03-539c579caab3 a essentia:Mean ;
    afo:value -1.423539e-08 .

_:24e6c10d-1b77-464e-8f30-36400482168b a essentia:Variance ;
    afo:value 1.01384e-06 .

_:250619a7-b779-460e-84a3-73371881af38 a essentia:SecondDerivativeVariance ;
    afo:value 0 .

_:255064cd-d671-4143-827a-1141486018d4 a essentia:SecondDerivativeMean ;
    afo:value 7.171411e+00 .

_:256969f5-cb64-497f-b9c5-78da4f50efe3 a essentia:Median ;
    afo:value 5.465732e+00 .

_:25b747ce-41a5-4e70-970e-a69ae17b9700 rdf:first 13 ;
    rdf:rest ( 13 ) .

_:25ba5bf9-d722-4851-a5f3-5e9e0a25ff76 a essentia:SecondDerivativeMean ;
    afo:value 3.299978e+02 .

_:25c04c24-2ad5-45da-83f1-577a2f622e45 a essentia:DerivativeVariance ;
    afo:value 3.696594e+01 .

_:25dc0e74-7d6e-4bb0-819a-542874727059 a essentia:EqualTemperedDeviation ;
    event:time _:e50d3a33-f3ca-40cb-840d-92734c071a9b ;
    afo:value 9.261026e-02 .

_:2630096e-9231-4932-a993-59c04b366ec8 a essentia:SecondDerivativeMean ;
    afo:value 6.286753e-02 .

_:266714bd-6e05-4605-a684-372bf36d79e2 a essentia:SecondDerivativeMean ;
    afo:value 0 .

_:274a65fa-72c4-4af2-8cec-c50dabf7ac8d a essentia:SecondDerivativeVariance ;
    afo:value 394996776960 .

_:275f0d9a-5149-461d-9086-9d32afa4d775 a essentia:Median ;
    afo:value 99 .

_:2765fe61-718b-4618-85e6-cb07d924dac1 a essentia:SecondDerivativeVariance ;
    afo:values ( 5.955508e-05 1.226862e-03 7.594944e-05 1.371076e-05 1.715837e-04 2.277994e-05 1.688668e-05 3.189293e-06 5.189577e-06 2.069222e-06 8.060763e-06 4.268155e-07 1.369861e-06 1.371641e-07 7.827202e-07 1.157185e-06 9.425753e-08 3.488454e-07 3.652148e-07 3.550575e-08 9.825349e-08 3.357361e-08 1.4615e-08 4.059006e-09 2.010318e-08 1.6215e-08 2.08446e-08 ) .

_:2794f928-2eee-4690-b0e1-e94266dbe505 a essentia:Mean ;
    afo:value 2.360378e-02 .

_:27f8b6b6-bacb-44b1-9cf2-bdc4a9ef0d6c a essentia:DerivativeVariance ;
    afo:value 0 .

_:287dd804-10ec-4361-8de7-2d62726d3f44 a essentia:Mean ;
    afo:value 99 .

_:28b67bc2-b786-45a0-b5e8-14f2f7217059 a essentia:Maximum ;
    afo:value 2.06852e+03 .

_:292f8985-6d0a-42e4-b271-2c5815df22ca rdf:first 1.010034e-02 ;
    rdf:rest ( 4.50174e-03 7.24279e-04 4.983171e-04 2.454341e-04 2.721316e-04 2.426958e-04 1.160072e-04 9.368798e-05 1.029903e-04 5.383643e-05 1.232738e-04 1.19293e-04 2.236553e-05 6.421952e-05 2.451431e-05 1.232082e-05 1.087584e-05 2.031006e-05 3.655937e-05 1.261129e-05 4.558831e-06 5.115581e-06 9.519809e-06 7.754927e-06 9.650142e-06 2.611771e-06 1.975508e-06 2.692917e-06 2.392988e-06 6.296642e-07 8.011237e-07 5.389953e-07 3.760828e-07 4.640099e-07 2.774596e-07 1.672568e-07 1.424641e-07 2.176618e-07 1.569159e-07 ) .

_:29f2ebec-f393-4141-8136-ac0b67a4bb22 rdf:first 8.767826e-01 ;
    rdf:rest ( 1.503793e+01 2.230418e+01 2.381306e+01 4.580763e+02 6.477319e+02 1.296955e+02 1.159506e+03 9.933659e+02 7.386382e+02 3.106607e+02 1.499839e+03 3.394756e+02 3.075798e+03 1.942714e+03 2.71404e+02 1.055346e+03 1.250147e+02 1.430617e+02 1.638057e+03 7.166722e+02 6.640351e+01 3.319844e+02 2.292334e+02 3.74914e+02 3.58411e+01 1.032186e+02 2.193071e+01 4.420478e+01 4.353881e+00 6.751864e+00 2.144112e+00 1.042609e+00 6.121119e-01 1.74197e+00 3.607866e-01 9.832366e-02 1.877131e-02 2.808384e-04 8.330969e-07 ) .

_:2a17f076-0d8b-48ae-bb2e-4773a024926e a essentia:Minimum ;
    afo:values ( 1.190091e-03 7.327613e-04 9.041507e-05 1.072828e-05 1.580608e-06 3.75665e-06 ) .

_:2a44dbbf-49fa-4f43-a3b1-05ac99379aef a essentia:SecondDerivativeMean ;
    afo:value 8.291667e-02 .

_:2baed02e-5594-403d-bccc-f5f797bc920b a essentia:DerivativeMean ;
    afo:value 0 .

_:2bd248d7-3986-44ab-84f5-7c42ec5e40cb a essentia:Mean ;
    afo:value 3.333333e-01 .

_:2bd6dceb-eda7-4c26-843d-96f8ef1e5ed7 rdf:first 1.104235e+04 ;
    rdf:rest ( -1.12104e+03 -2.108717e+03 -1.332613e+02 -3.595769e+02 -1.111681e+02 -3.500125e+02 -1.615642e+01 -4.63901e+01 1.763809e+02 1.225747e+02 5.734704e+01 -1.316343e+02 -1.12104e+03 2.07811e+03 -3.504498e+02 -3.459115e+01 -5.440137e+01 5.360693e+01 5.328622e+01 2.660654e+01 -6.671822e+01 -2.720625e+02 -2.053576e+02 1.678419e+01 9.361254e+01 -2.108717e+03 -3.504498e+02 2.234611e+03 4.6392e+02 5.442526e+02 2.915499e+02 2.248113e+02 1.38858e+02 5.027679e+01 3.227667e+02 3.547868e+02 -3.472576e+01 -1.36163e+02 -1.332613e+02 -3.459115e+01 4.6392e+02 5.142227e+02 3.480958e+02 1.854547e+02 1.357195e+02 7.085132e+01 2.85738e+01 9.952418e+01 1.21733e+02 4.033442e+00 -3.665605e+01 -3.595769e+02 -5.440137e+01 5.442526e+02 3.480958e+02 4.787303e+02 2.349197e+02 1.522719e+02 6.420045e+01 4.962498e+01 1.341216e+02 1.507376e+02 2.313032e+01 -6.714414e+01 -1.111681e+02 5.360693e+01 2.915499e+02 1.854547e+02 2.349197e+02 2.680673e+02 9.961056e+01 5.75702e+01 3.89505e+01 5.04216e+01 7.321225e+01 2.555112e+01 -3.849569e+01 -3.500125e+02 5.328622e+01 2.248113e+02 1.357195e+02 1.522719e+02 9.961056e+01 2.129456e+02 6.173212e+01 1.9683e+01 3.667953e+01 6.878779e+01 5.819242e+00 -2.191168e+01 -1.615642e+01 2.660654e+01 1.38858e+02 7.085132e+01 6.420045e+01 5.75702e+01 6.173212e+01 1.010668e+02 3.088984e+01 7.562557e+00 2.89637e+01 1.496657e+01 -1.703583e+01 -4.63901e+01 -6.671822e+01 5.027679e+01 2.85738e+01 4.962498e+01 3.89505e+01 1.9683e+01 3.088984e+01 9.901453e+01 2.840234e+01 1.133693e+01 1.606753e+01 -1.538792e+01 1.763809e+02 -2.720625e+02 3.227667e+02 9.952418e+01 1.341216e+02 5.04216e+01 3.667953e+01 7.562557e+00 2.840234e+01 2.211561e+02 1.292997e+02 -4.578495e+01 -4.440176e+01 1.225747e+02 -2.053576e+02 3.547868e+02 1.21733e+02 1.507376e+02 7.321225e+01 6.878779e+01 2.89637e+01 1.133693e+01 1.292997e+02 1.881957e+02 1.132397e+01 -8.44594e+01 5.734704e+01 1.678419e+01 -3.472576e+01 4.033442e+00 2.313032e+01 2.555112e+01 5.819242e+00 1.496657e+01 1.606753e+01 -4.578495e+01 1.132397e+01 1.07391e+02 -1.391548e+01 -1.316343e+02 9.361254e+01 -1.36163e+02 -3.665605e+01 -6.714414e+01 -3.849569e+01 -2.191168e+01 -1.703583e+01 -1.538792e+01 -4.440176e+01 -8.44594e+01 -1.391548e+01 1.3892e+02 ) .

_:2c442c0a-1950-4995-b7d5-ea8ad9e8ec5c a essentia:SecondDerivativeMean ;
    afo:value 4.322321e-01 .

_:2ca7f8bb-de25-4d1b-b122-8e7b28a0a25c rdf:first 3.377704e+01 ;
    rdf:rest [ rdf:first 0 ;
            rdf:rest ( 1.913478e+00 7.487521e-01 0 0 0 0 0 0 7.487521e-01 0 9.650582e+00 0 0 9.983361e-01 9.151414e+00 2.828619e+01 0 1.41431e+00 0 0 4.326123e+00 8.985025e+00 ) ] .

_:2d77958e-3726-4dd1-b31e-0d9fd281d984 a essentia:ChordsChangesRate ;
    event:time _:e50d3a33-f3ca-40cb-840d-92734c071a9b ;
    afo:value 5.823627e-02 .

_:2e6c50d5-f655-4a65-85ae-40bf808eb532 a essentia:Minimum ;
    afo:value 1.173258e-01 .

_:2ef8edc7-3ce8-490c-8ee0-c6dcd0d46766 a essentia:MFCC ;
    event:time _:e50d3a33-f3ca-40cb-840d-92734c071a9b ;
    afo:computed_by _:LowLevelExtractor ;
    afo:feature [ a essentia:Mean ;
            afo:values _:22afbe2c-70ef-4ff3-b979-c364fef19dbb ],
        [ a essentia:Covariance ;
            afo:dimensions ( 13 13 ) ;
            afo:values _:2bd6dceb-eda7-4c26-843d-96f8ef1e5ed7 ],
        [ a essentia:InverseCovariance ;
            afo:dimensions _:25b747ce-41a5-4e70-970e-a69ae17b9700 ;
            afo:values ( 1.728526e-04 7.5023e-05 2.801955e-04 -1.268651e-04 1.374985e-04 -1.73455e-04 2.906446e-04 -3.876072e-04 2.475065e-04 -3.280999e-04 -3.059086e-04 -9.061862e-05 9.858129e-05 7.5023e-05 6.72217e-04 1.408588e-04 -2.092885e-05 -6.429318e-05 -3.394288e-04 -1.193594e-04 -3.516119e-04 5.212282e-04 4.808341e-04 3.424776e-04 1.418533e-04 -2.58183e-06 2.801955e-04 1.408588e-04 1.239671e-03 -2.824882e-04 -1.92429e-04 -4.005798e-04 4.883696e-04 -1.196037e-03 5.542858e-04 -7.794075e-04 -1.358636e-03 2.511805e-04 4.889132e-05 -1.268651e-04 -2.092885e-05 -2.824882e-04 4.175246e-03 -2.699282e-03 -1.557074e-04 -4.434475e-04 -7.095112e-04 2.310038e-04 5.935283e-04 -4.173132e-04 7.293177e-04 -7.514018e-04 1.374985e-04 -6.429318e-05 -1.92429e-04 -2.699282e-03 6.908641e-03 -2.909781e-03 -1.018044e-03 8.669405e-04 -5.511589e-04 -1.888799e-03 -5.128024e-04 -1.473028e-03 6.27254e-04 -1.73455e-04 -3.394288e-04 -4.005798e-04 -1.557074e-04 -2.909781e-03 7.372842e-03 -8.861364e-04 -7.586674e-04 -1.141619e-03 4.835548e-04 3.783377e-04 -5.84323e-04 2.341171e-04 2.906446e-04 -1.193594e-04 4.883696e-04 -4.434475e-04 -1.018044e-03 -8.861364e-04 7.819962e-03 -3.483165e-03 3.089571e-04 3.28471e-04 -2.691346e-03 8.260334e-04 -6.28124e-04 -3.876072e-04 -3.516119e-04 -1.196037e-03 -7.095112e-04 8.669405e-04 -7.586674e-04 -3.483165e-03 1.534408e-02 -4.343424e-03 2.140223e-03 9.949234e-06 -4.651315e-04 2.135899e-04 2.475065e-04 5.212282e-04 5.542858e-04 2.310038e-04 -5.511589e-04 -1.141619e-03 3.089571e-04 -4.343424e-03 1.360185e-02 -3.668541e-03 3.146906e-03 -2.815483e-03 1.386199e-03 -3.280999e-04 4.808341e-04 -7.794075e-04 5.935283e-04 -1.888799e-03 4.835548e-04 3.28471e-04 2.140223e-03 -3.668541e-03 1.257364e-02 -6.818508e-03 6.220423e-03 -1.61681e-03 -3.059086e-04 3.424776e-04 -1.358636e-03 -4.173132e-04 -5.128024e-04 3.783377e-04 -2.691346e-03 9.949234e-06 3.146906e-03 -6.818508e-03 1.728986e-02 -4.612591e-03 5.690214e-03 -9.061862e-05 1.418533e-04 2.511805e-04 7.293177e-04 -1.473028e-03 -5.84323e-04 8.260334e-04 -4.651315e-04 -2.815483e-03 6.220423e-03 -4.612591e-03 1.338496e-02 -3.307014e-04 9.858129e-05 -2.58183e-06 4.889132e-05 -7.514018e-04 6.27254e-04 2.341171e-04 -6.28124e-04 2.135899e-04 1.386199e-03 -1.61681e-03 5.690214e-03 -3.307014e-04 1.05015e-02 ) ] .

_:2f302520-f584-498c-8dd9-2ea66e46d493 a essentia:Mean ;
    afo:value 8.567228e+00 .

_:2f77dc68-2921-4b7a-b2d8-8b06ee0203ea a essentia:Maximum ;
    afo:values ( 1 1 1 1 1 1 1 8.471286e-01 6.888874e-01 1 7.345812e-01 9.08422e-01 1 1 9.916796e-01 1 1 1 1 1 1 1 1 1 1 1 1 6.88644e-01 1 6.115337e-01 1 1 1 1 1 1 ) .

_:2fcea9fc-8087-468e-aa06-963f01adcacc a essentia:Median ;
    afo:value 3.159726e-02 .

_:3074058f-08e3-44f9-bbeb-031ca3b244a3 a essentia:Maximum ;
    afo:value 2.960325e+01 .

_:3126c692-d5b4-4e3e-802c-c34d69ef7f0d a essentia:Minimum ;
    afo:values ( 9.399811e-08 5.53282e-08 1.925214e-07 4.572835e-07 6.3166e-07 1.313947e-05 1.794684e-04 2.410848e-04 2.916263e-05 1.885571e-05 1.48373e-05 2.516984e-05 1.076438e-05 4.138023e-05 1.365576e-05 7.08819e-05 1.132762e-04 9.317579e-06 3.657414e-05 2.370014e-04 8.363958e-05 5.626914e-05 1.759641e-05 5.778496e-06 6.322618e-06 6.915402e-06 8.868916e-06 3.312995e-06 9.268416e-07 5.955432e-07 8.737417e-07 6.562401e-07 4.921388e-07 3.73459e-07 4.320312e-07 2.650517e-07 9.446557e-08 6.058013e-08 3.967931e-08 5.47893e-08 ) .

_:31c3592c-b4da-4a08-ac58-69da5671ec72 rdf:first 1.914392e-05 ;
    rdf:rest ( 3.777745e-04 2.157256e-05 4.819437e-06 4.870119e-05 9.295456e-06 5.261329e-06 1.446975e-06 2.133507e-06 9.47286e-07 3.795932e-06 1.46898e-07 5.167485e-07 4.765557e-08 2.706257e-07 4.7044e-07 2.975115e-08 1.343811e-07 1.423908e-07 1.702558e-08 4.151972e-08 1.604142e-08 8.069148e-09 2.908304e-09 1.541723e-08 2.103406e-08 1.791453e-08 ) .

