@prefix afo: <https://w3id.org/afo/onto/1.1#> .
@prefix dc: <http://purl.org/dc/elements/1.1/> .
@prefix essentia: <http://sovarr.c4dm.eecs.qmul.ac.uk/af/essentia/> .
@prefix event: <http://purl.org/NET/c4dm/event.owl#> .
@prefix foaf: <http://xmlns.com/foaf/0.1/> .
@prefix mo: <http://purl.org/ontology/mo/> .
@prefix rdf: <http://www.w3.org/1999/02/22-rdf-syntax-ns#> .
@prefix rdfs: <http://www.w3.org/2000/01/rdf-schema#> .
@prefix tl: <http://purl.org/NET/c4dm/timeline.owl#> .
@prefix xml: <http://www.w3.org/XML/1998/namespace> .
@prefix xsd: <http://www.w3.org/2001/XMLSchema#> .

<http://musicbrainz.org/release/f71927b9-bfa3-4e6b-8d3e-38d8712ecb20> a mo:Release ;
    dc:date "2007" ;
    dc:title "We the Kings" ;
    mo:catalogue_number "80731 52001 2 1" ;
    mo:publisher [ a mo:Label ;
            foaf:name "S-Curve Records" ] ;
    mo:publishing_location "US" ;
    mo:release_status mo:official ;
    mo:release_type mo:album ;
    mo:track <http://musicbrainz.org/recording/e53bd504-9db6-4cc6-a0e1-ae0c0c0f937a> ;
    essentia:asin "B000VN76I0" ;
    essentia:barcode "807315200121" ;
    essentia:replay_gain "0.00 dB" ;
    foaf:maker <http://musicbrainz.org/artist/6ec79457-b06b-4e3b-83f9-9b26fc7a99bc> .

<01+Secret+Valentine.mp3> a mo:AudioFile ;
    mo:encodes [ a essentia:Signal ;
            mo:sample_rate "44100"^^xsd:interger ;
            mo:time _:ac64c3c7-d7e2-43c3-a363-5aaed154ed87 ;
            essentia:bit_rate "178975"^^xsd:float ;
            essentia:codec "mp3"^^xsd:string ;
            essentia:downmix "mix"^^xsd:string ;
            essentia:equal_loudness "0"^^xsd:float ;
            essentia:lossless false ;
            essentia:md5_encoded "5ece52f42c4a8227a8d05bfc13d2b37b"^^xsd:string ;
            essentia:replay_gain "-11.8451957703"^^xsd:float ] .

<http://musicbrainz.org/artist/6ec79457-b06b-4e3b-83f9-9b26fc7a99bc> a mo:MusicArtist ;
    foaf:name "We the Kings" .

<http://musicbrainz.org/recording/e53bd504-9db6-4cc6-a0e1-ae0c0c0f937a> a mo:Track ;
    dc:title "Secret Valentine" ;
    mo:available_as <01+Secret+Valentine.mp3> ;
    mo:genre [ a mo:Genre ;
            rdfs:label "Power Pop" ] ;
    mo:track_number "1/11" ;
    essentia:replay_gain "0.00 dB" ;
    essentia:replay_peak "0.000000" .

[] a essentia:VersionInfo .

_:00458e69-497e-49d1-b742-52d82f897a31 rdf:first 9.000504e-02 ;
    rdf:rest ( 8.493166e-02 6.481066e-02 4.495859e-02 3.447002e-02 5.723324e-02 ) .

_:0063c08f-2a73-4125-a13f-80f904263b00 a essentia:SecondDerivativeMean ;
    afo:value 3.945795e+00 .

_:00c404c2-5cfb-4a0b-8e37-7d4b37a27459 a essentia:Minimum ;
    afo:value -1.885303e+00 .

_:021a381f-a191-419c-8fb1-98bc98845c13 a essentia:Variance ;
    afo:value 2.700279e-17 .

_:022ced66-7645-4431-890c-10329d4b26a0 a essentia:Maximum ;
    afo:value 1.185917e+01 .

_:032e124b-7f04-4a4a-a5aa-81c07d87db62 a essentia:DerivativeMean ;
    afo:value 0 .

_:039cc47b-3278-4754-b8f5-2df4e7f66e53 a essentia:SecondDerivativeMean ;
    afo:values ( 5.864338e-03 1.082434e-02 3.930548e-03 2.00541e-03 2.670956e-03 3.656671e-03 2.1142e-03 7.739214e-04 1.291877e-03 1.286893e-03 7.410411e-04 7.08615e-04 5.868706e-04 4.707956e-04 5.693529e-04 3.169481e-04 2.400773e-04 2.631861e-04 2.19133e-04 1.952584e-04 1.478135e-04 7.603004e-05 2.923203e-05 1.235487e-05 3.830167e-06 1.530978e-05 3.837004e-04 ) .

_:03bfcbee-0c7e-4f13-970a-eead6df84d25 a essentia:DerivativeMean ;
    afo:value 5.631219e-01 .

_:03ce3606-f1e8-455d-8e99-72ec5e6301d5 a essentia:Median ;
    afo:value 5.092664e-03 .

_:049533b9-b04b-4bed-bd6d-05b99725900e a essentia:Maximum ;
    afo:value 3.3704e-01 .

_:04c70d32-6fe7-4d91-914d-be5ff4a9bee2 a essentia:Median ;
    afo:value 1.153351e-02 .

_:04c9318b-6430-404c-951b-b935ef11e233 a essentia:Minimum ;
    afo:value 0 .

_:04ef0979-6047-4ef4-a67c-82e58a98628b a essentia:Minimum ;
    afo:value 161 .

_:05b06544-b127-49ad-9b44-8fba5db7777f rdf:first 1.230023e-05 ;
    rdf:rest ( 3.382509e-06 6.677332e-07 2.887633e-07 3.620967e-07 6.729144e-07 3.003939e-07 7.016812e-08 3.830592e-08 7.529741e-08 4.036039e-08 5.164735e-08 2.153149e-08 8.027174e-09 5.263708e-09 5.446035e-09 1.258274e-09 1.295895e-09 2.235576e-09 4.622776e-10 1.478789e-10 1.367601e-10 1.14624e-10 1.896103e-10 1.950198e-10 1.340596e-10 9.723952e-11 1.12285e-10 1.715224e-10 8.266191e-11 5.559372e-11 2.427698e-11 9.364339e-12 4.21348e-12 1.049068e-12 3.017365e-13 9.664823e-14 2.853999e-14 2.523485e-15 1.155317e-15 ) .

_:06257f2d-8d2e-41c3-bcba-71e4821896a5 a essentia:SecondDerivativeVariance ;
    afo:values ( 1.186721e-04 1.996186e-04 3.410804e-05 1.047076e-05 1.580384e-05 3.180438e-05 1.332339e-05 2.137278e-06 5.737061e-06 7.010862e-06 3.226231e-06 1.435057e-06 9.543455e-07 3.356755e-07 7.395894e-07 1.545744e-07 9.16928e-08 1.595088e-07 1.627558e-07 1.983991e-07 2.380227e-07 7.092091e-08 8.35861e-09 5.527205e-10 3.332108e-11 9.986351e-10 2.42549e-07 ) .

_:062a2fe3-8fa5-4585-964c-fde968bde6e6 a essentia:Maximum ;
    afo:value 5.579682e-01 .

_:0630786c-6efa-44fc-adb3-10c7073c9c0c a essentia:Variance ;
    afo:value 2.701199e-03 .

_:06c6a3bc-99ae-4903-8d6f-98ab0440528c a essentia:Minimum ;
    afo:value 2.586277e-03 .

_:0720d7c8-9fba-4e87-8c31-8214c45cf036 a essentia:Minimum ;
    afo:value 3.575639e-01 .

_:07c3d673-9e89-43b1-9cfa-33e70ffaa740 a essentia:Minimum ;
    afo:value 6.320421e-11 .

_:07d8e9a9-929d-4dc5-b3e9-83bebf2ae06c a essentia:SecondDerivativeMean ;
    afo:value 3.592356e-02 .

_:07f798e3-be5b-4993-a71e-05996d240b46 a essentia:Entropy ;
    event:time _:ac64c3c7-d7e2-43c3-a363-5aaed154ed87 ;
    afo:computed_by _:LowLevelExtractor ;
    afo:feature [ a essentia:SecondDerivativeVariance ;
            afo:value 6.677388e-02 ],
        [ a essentia:SecondDerivativeMean ;
            afo:value 2.131747e-01 ],
        [ a essentia:DerivativeVariance ;
            afo:value 2.888227e-02 ],
        [ a essentia:Variance ;
            afo:value 1.721327e-01 ],
        [ a essentia:Maximum ;
            afo:value 9.818845e+00 ],
        [ a essentia:Minimum ;
            afo:value 5.261454e+00 ],
        [ a essentia:DerivativeMean ;
            afo:value 1.446042e-01 ],
        [ a essentia:Mean ;
            afo:value 7.534271e+00 ],
        [ a essentia:Median ;
            afo:value 7.582308e+00 ] .

_:0866d22f-3b81-446d-bfd9-f8854b9eb473 a essentia:Variance ;
    afo:value 4.831519e-03 .

_:089fef11-4677-42fd-9c7f-9d90faa8d1fb a essentia:Maximum ;
    afo:value 4.668236e+00 .

_:093b7e9e-2cc4-4b1e-88ce-a983c430a276 a essentia:ZeroCrossingRate ;
    event:time _:ac64c3c7-d7e2-43c3-a363-5aaed154ed87 ;
    afo:computed_by _:LowLevelExtractor ;
    afo:feature [ a essentia:Minimum ;
            afo:value 2.441406e-03 ],
        [ a essentia:SecondDerivativeMean ;
            afo:value 4.541919e-02 ],
        [ a essentia:Variance ;
            afo:value 6.976834e-03 ],
        [ a essentia:SecondDerivativeVariance ;
            afo:value 1.385142e-03 ],
        [ a essentia:Median ;
            afo:value 2.519531e-01 ],
        [ a essentia:Maximum ;
            afo:value 5.791016e-01 ],
        [ a essentia:DerivativeVariance ;
            afo:value 8.558193e-04 ],
        [ a essentia:DerivativeMean ;
            afo:value 3.500343e-02 ],
        [ a essentia:Mean ;
            afo:value 2.556975e-01 ] .

_:09f6f928-01b3-4bf7-9caa-145e923ad8eb a essentia:Median ;
    afo:value 2.704772e+01 .

_:0a9fd86b-7f89-4c1a-81c4-c5a2865dbeb2 a essentia:SecondDerivativeVariance ;
    afo:value 0 .

_:0aa226db-c9c8-4afa-8c85-bfc29a9419fa a essentia:SecondDerivativeMean ;
    afo:value 7.312028e-03 .

_:0b29c54e-ed45-4416-86cc-d5b7ff617618 rdf:first 7.929169e-02 ;
    rdf:rest ( 7.924353e-02 6.449819e-02 4.742404e-02 5.894456e-02 7.664655e-02 7.092825e-02 1.845884e-02 3.666435e-02 3.894667e-02 3.298183e-02 1.381064e-02 1.55689e-02 5.598729e-03 1.757437e-02 5.053787e-03 2.940044e-03 8.204972e-03 1.100977e-02 7.069075e-03 1.572086e-02 5.388741e-03 2.775817e-03 4.659148e-04 5.898651e-05 5.143062e-04 9.689868e-03 ) .

_:0b2a06fc-c41f-4cdd-9000-bebbc02eb621 a essentia:Maximum ;
    afo:value 5.066131e+00 .

_:0c7dac3a-5ba1-4b17-a4c2-0e58b746ee3e a essentia:Maximum ;
    afo:value 8.932195e-01 .

_:0d2a026a-f61d-46b0-aeff-7b1f442ba38d a essentia:ERBBands ;
    event:time _:ac64c3c7-d7e2-43c3-a363-5aaed154ed87 ;
    afo:computed_by _:LowLevelExtractor ;
    afo:feature [ a essentia:Kurtosis ;
            afo:feature [ a essentia:Median ;
                    afo:value -1.982763e-01 ],
                [ a essentia:Maximum ;
                    afo:value 3.231253e+01 ],
                [ a essentia:DerivativeVariance ;
                    afo:value 2.08209e+00 ],
                [ a essentia:Variance ;
                    afo:value 4.978761e+00 ],
                [ a essentia:DerivativeMean ;
                    afo:value 8.973229e-01 ],
                [ a essentia:Mean ;
                    afo:value 4.203236e-01 ],
                [ a essentia:Minimum ;
                    afo:value -1.720595e+00 ],
                [ a essentia:SecondDerivativeMean ;
                    afo:value 1.42033e+00 ],
                [ a essentia:SecondDerivativeVariance ;
                    afo:value 4.985195e+00 ] ] .

_:0d61efc8-55f0-431b-a271-1d918ef2a662 a essentia:Maximum ;
    afo:value 2.580882e+01 .

_:0d97ff87-39dd-4820-a378-1ce7bb752faa a essentia:Kurtosis ;
    afo:feature _:00c404c2-5cfb-4a0b-8e37-7d4b37a27459,
        [ a essentia:Mean ;
            afo:value 1.101068e+01 ],
        [ a essentia:SecondDerivativeVariance ;
            afo:value 4.566603e+02 ],
        [ a essentia:DerivativeVariance ;
            afo:value 1.707943e+02 ],
        [ a essentia:Variance ;
            afo:value 3.548349e+02 ],
        [ a essentia:Maximum ;
            afo:value 4.56045e+02 ],
        [ a essentia:DerivativeMean ;
            afo:value 6.142859e+00 ],
        [ a essentia:SecondDerivativeMean ;
            afo:value 1.003405e+01 ],
        [ a essentia:Median ;
            afo:value 5.837396e+00 ] .

_:0d9da3cb-dee0-480f-90ed-1b196cf680a0 a essentia:SecondDerivativeVariance ;
    afo:value 0 .

_:0df44e2c-c06c-4c34-8d81-c84300c226e3 a essentia:Variance ;
    afo:value 1.187976e-02 .

_:0e204fde-c9b8-4ae5-ae72-2c5d18a4d6fc a essentia:Median ;
    afo:values ( 1.918901e-03 1.198747e-03 4.514754e-04 2.909821e-04 4.613762e-04 5.585052e-04 2.679112e-04 9.668771e-05 7.452433e-05 7.005296e-05 6.3326e-05 6.007931e-05 4.617991e-05 5.544505e-05 3.510646e-05 3.729309e-05 3.734396e-05 4.249061e-05 3.993737e-05 2.567464e-05 1.58749e-05 1.428385e-05 1.365179e-05 1.262709e-05 8.005276e-06 6.360483e-06 5.389175e-06 3.241498e-06 2.099153e-06 1.611304e-06 6.43878e-07 5.586366e-07 3.657556e-07 2.572428e-07 1.523872e-07 1.037386e-07 8.524303e-08 4.792278e-08 1.764383e-08 9.388697e-09 ) .

_:0ea4a363-15cf-4cd2-893e-34af05207cb2 a essentia:Minimum ;
    afo:value -1.250894e+00 .

_:0ec70d35-70ee-4ddb-b752-6d7dbe45aa51 a essentia:SecondDerivativeVariance ;
    afo:value 4.231026e+01 .

_:0ed220c2-b88a-4280-97e7-dcb2e2f10ee7 a essentia:Variance ;
    afo:value 2.995596e+02 .

_:0f7e2cc9-4c42-440c-a781-77cc01c64ff0 a essentia:GFCC ;
    event:time _:ac64c3c7-d7e2-43c3-a363-5aaed154ed87 ;
    afo:computed_by _:LowLevelExtractor ;
    afo:feature [ a essentia:Covariance ;
            afo:dimensions ( 13 13 ) ;
            afo:values ( 1.945174e+04 1.591826e+02 -2.114185e+03 2.404816e+01 -1.076463e+02 -6.196753e+02 3.007951e+02 -2.9663e+02 1.455177e+02 -8.854513e+01 1.888489e+01 5.367429e+01 -1.500312e+02 1.591826e+02 8.381901e+02 -4.146321e+00 -2.638299e+02 6.346952e+01 -3.647608e+01 -9.555782e+01 1.67727e+01 2.498352e+01 -5.638844e+00 4.111118e+01 -6.636954e+01 7.955563e+01 -2.114185e+03 -4.146321e+00 5.610914e+02 1.247347e+02 -5.176511e+01 1.963545e+02 -1.039166e+02 9.349445e+01 -3.070423e+01 3.598814e+01 -3.202551e+01 9.784666e-01 4.163829e+00 2.404816e+01 -2.638299e+02 1.247347e+02 3.206108e+02 4.0451e+01 5.187178e+01 6.743696e+01 -2.63503e+01 -1.676011e+01 -4.502743e+00 -3.002075e+01 3.679232e+01 -6.421693e+01 -1.076463e+02 6.346952e+01 -5.176511e+01 4.0451e+01 2.286207e+02 3.164507e+01 4.622646e+01 -1.344371e+01 1.397243e+01 -2.754115e+01 3.201621e+01 5.127038e+00 1.174227e+01 -6.196753e+02 -3.647608e+01 1.963545e+02 5.187178e+01 3.164507e+01 2.372886e+02 -2.977729e+01 6.961596e+01 -4.533522e+01 4.797098e+00 -1.126868e+01 1.899963e+01 8.197296e+00 3.007951e+02 -9.555782e+01 -1.039166e+02 6.743696e+01 4.622646e+01 -2.977729e+01 1.704574e+02 -1.722453e+01 3.086616e+01 -2.057206e+01 1.101118e+00 1.93154e+01 -1.903519e+01 -2.9663e+02 1.67727e+01 9.349445e+01 -2.63503e+01 -1.344371e+01 6.961596e+01 -1.722453e+01 1.536229e+02 3.063112e+01 2.976105e+01 3.438921e+00 -1.864e+01 2.535891e+01 1.455177e+02 2.498352e+01 -3.070423e+01 -1.676011e+01 1.397243e+01 -4.533522e+01 3.086616e+01 3.063112e+01 1.177615e+02 3.716334e+01 1.034108e+01 4.176757e+00 -6.546831e-01 -8.854513e+01 -5.638844e+00 3.598814e+01 -4.502743e+00 -2.754115e+01 4.797098e+00 -2.057206e+01 2.976105e+01 3.716334e+01 7.4686e+01 2.915509e+01 4.407711e+00 1.537403e+01 1.888489e+01 4.111118e+01 -3.202551e+01 -3.002075e+01 3.201621e+01 -1.126868e+01 1.101118e+00 3.438921e+00 1.034108e+01 2.915509e+01 6.830624e+01 2.627593e+01 2.173483e+01 5.367429e+01 -6.636954e+01 9.784666e-01 3.679232e+01 5.127038e+00 1.899963e+01 1.93154e+01 -1.864e+01 4.176757e+00 4.407711e+00 2.627593e+01 6.537833e+01 1.273112e+01 -1.500312e+02 7.955563e+01 4.163829e+00 -6.421693e+01 1.174227e+01 8.197296e+00 -1.903519e+01 2.535891e+01 -6.546831e-01 1.537403e+01 2.173483e+01 1.273112e+01 7.403955e+01 ) ],
        [ a essentia:InverseCovariance ;
            afo:dimensions ( 13 13 ) ;
            afo:values ( 1.289436e-04 -2.047829e-04 7.699091e-04 -5.401561e-04 3.833189e-04 -2.269328e-04 2.432666e-04 -1.251456e-04 -1.824732e-04 9.17378e-05 1.280239e-05 -9.882807e-05 3.184438e-05 -2.047829e-04 2.487119e-03 -1.778917e-03 1.906671e-03 -8.396013e-04 7.013039e-05 1.691787e-04 1.302543e-03 -1.229589e-03 1.861939e-03 -2.375384e-03 3.286471e-03 -1.876156e-03 7.699091e-04 -1.778917e-03 8.501459e-03 -5.937873e-03 3.905464e-03 -4.099453e-03 3.548962e-03 -1.394972e-03 -2.102373e-03 8.814466e-04 -1.666327e-04 5.880052e-04 -1.18577e-03 -5.401561e-04 1.906671e-03 -5.937873e-03 1.143498e-02 -6.534579e-03 3.875232e-03 -3.99209e-03 -5.475751e-04 5.822386e-03 -7.635366e-03 8.160517e-03 -8.159293e-03 7.521451e-03 3.833189e-04 -8.396013e-04 3.905464e-03 -6.534579e-03 1.140369e-02 -6.19324e-03 9.613992e-04 3.233775e-03 -7.896628e-03 1.130955e-02 -1.258347e-02 1.008991e-02 -6.650892e-03 -2.269328e-04 7.013039e-05 -4.099453e-03 3.875232e-03 -6.19324e-03 1.151441e-02 -1.224941e-03 -5.856393e-03 8.719387e-03 -7.486769e-03 9.302501e-03 -1.083768e-02 5.219196e-03 2.432666e-04 1.691787e-04 3.548962e-03 -3.99209e-03 9.613992e-04 -1.224941e-03 1.002005e-02 -4.188023e-04 -4.500391e-03 5.077097e-03 -2.364022e-03 4.819572e-04 -1.131132e-03 -1.251456e-04 1.302543e-03 -1.394972e-03 -5.475751e-04 3.233775e-03 -5.856393e-03 -4.188023e-04 1.327104e-02 -7.720944e-03 4.421841e-03 -7.730137e-03 1.183715e-02 -7.319807e-03 -1.824732e-04 -1.229589e-03 -2.102373e-03 5.822386e-03 -7.896628e-03 8.719387e-03 -4.500391e-03 -7.720944e-03 2.187086e-02 -1.860776e-02 1.530048e-02 -1.539e-02 1.010602e-02 9.17378e-05 1.861939e-03 8.814466e-04 -7.635366e-03 1.130955e-02 -7.486769e-03 5.077097e-03 4.421841e-03 -1.860776e-02 3.876761e-02 -2.803088e-02 1.95211e-02 -1.300316e-02 1.280239e-05 -2.375384e-03 -1.666327e-04 8.160517e-03 -1.258347e-02 9.302501e-03 -2.364022e-03 -7.730137e-03 1.530048e-02 -2.803088e-02 4.509606e-02 -2.948251e-02 1.045818e-02 -9.882807e-05 3.286471e-03 5.880052e-04 -8.159293e-03 1.008991e-02 -1.083768e-02 4.819572e-04 1.183715e-02 -1.539e-02 1.95211e-02 -2.948251e-02 4.395995e-02 -1.826585e-02 3.184438e-05 -1.876156e-03 -1.18577e-03 7.521451e-03 -6.650892e-03 5.219196e-03 -1.131132e-03 -7.319807e-03 1.010602e-02 -1.300316e-02 1.045818e-02 -1.826585e-02 2.773042e-02 ) ],
        [ a essentia:Mean ;
            afo:values ( 5.888605e+00 9.661522e+01 -9.467509e+01 1.493225e+00 -1.234124e+01 -2.36883e+01 -2.583655e+00 -1.898483e+01 7.079618e-01 -4.945439e+00 1.337231e+00 1.407324e-01 -2.999471e+00 ) ] .

_:0fa574c1-9efc-490d-944d-3194dc86e5c1 a essentia:DerivativeVariance ;
    afo:value 0 .

_:0fc1abdc-8018-49a6-b5f6-f23474048597 a essentia:Maximum ;
    afo:value 1.080756e+02 .

_:0fcf8122-1464-43a9-ab71-f52b99a6e6cb a essentia:RollOff ;
    event:time _:ac64c3c7-d7e2-43c3-a363-5aaed154ed87 ;
    afo:computed_by _:LowLevelExtractor ;
    afo:feature [ a essentia:SecondDerivativeVariance ;
            afo:value 131952200 ],
        [ a essentia:Minimum ;
            afo:value 6.459961e+01 ],
        [ a essentia:Variance ;
            afo:value 93450464 ],
        [ a essentia:SecondDerivativeMean ;
            afo:value 9.349311e+03 ],
        [ a essentia:Mean ;
            afo:value 1.173137e+04 ],
        [ a essentia:DerivativeVariance ;
            afo:value 58066568 ],
        [ a essentia:Maximum ;
            afo:value 2.200693e+04 ],
        [ a essentia:DerivativeMean ;
            afo:value 4.917414e+03 ],
        [ a essentia:Median ;
            afo:value 1.831399e+04 ] .

_:104393f7-5c87-40a5-8a5e-f0f393634c69 a essentia:SecondDerivativeMean ;
    afo:value 1.242771e+00 .

_:10abd400-ebcb-46c8-a7f8-8cbdd9d91146 a essentia:SecondDerivativeVariance ;
    afo:value 8.813174e+01 .

_:1101a094-6b33-455e-ab20-50c70c81cb25 a essentia:Median ;
    afo:value 1.418792e-01 .

_:1124e61d-2399-4c9a-8b99-1aa834568ce3 a essentia:Mean ;
    afo:value 9.597735e+00 .

_:112fbf16-48df-4ef8-a3a2-4828db8843fd a essentia:ChordsScale ;
    event:time _:ac64c3c7-d7e2-43c3-a363-5aaed154ed87 ;
    afo:value "minor" .

_:12279d8f-f567-4acf-9613-fcf6d1cb4431 rdf:first -9.805972e-01 ;
    rdf:rest ( -9.783048e-01 -9.841414e-01 -9.898635e-01 -9.857221e-01 -9.650658e-01 ) .

_:125422df-8ea5-4cee-bdc4-80897960c790 a essentia:HFC ;
    event:time _:ac64c3c7-d7e2-43c3-a363-5aaed154ed87 ;
    afo:computed_by _:LowLevelExtractor ;
    afo:feature [ a essentia:DerivativeVariance ;
            afo:value 1.16717e+03 ],
        [ a essentia:Maximum ;
            afo:value 7.141085e+02 ],
        [ a essentia:DerivativeMean ;
            afo:value 3.310884e+01 ],
        [ a essentia:SecondDerivativeMean ;
            afo:value 5.287771e+01 ],
        [ a essentia:Mean ;
            afo:value 1.582903e+02 ],
        [ a essentia:Median ;
            afo:value 1.541909e+02 ],
        [ a essentia:SecondDerivativeVariance ;
            afo:value 2.913395e+03 ],
        [ a essentia:Minimum ;
            afo:value 1.070577e-16 ],
        [ a essentia:Variance ;
            afo:value 9.356546e+03 ] .

_:12b2c802-748e-4d7a-bf46-14c491b5a8a0 a essentia:SecondPeakSpread ;
    event:time _:ac64c3c7-d7e2-43c3-a363-5aaed154ed87 ;
    afo:computed_by _:LowLevelExtractor ;
    afo:feature _:032e124b-7f04-4a4a-a5aa-81c07d87db62,
        _:0fa574c1-9efc-490d-944d-3194dc86e5c1,
        [ a essentia:Median ;
            afo:value 0 ],
        [ a essentia:SecondDerivativeMean ;
            afo:value 0 ],
        [ a essentia:Maximum ;
            afo:value 0 ],
        [ a essentia:Mean ;
            afo:value 0 ],
        [ a essentia:Minimum ;
            afo:value 0 ],
        [ a essentia:Variance ;
            afo:value 0 ],
        [ a essentia:SecondDerivativeVariance ;
            afo:value 0 ] .

_:131d49d0-e69f-41cd-b811-aeb22d7659f6 a essentia:TuningFrequency ;
    event:time _:ac64c3c7-d7e2-43c3-a363-5aaed154ed87 ;
    afo:value 4.341931e+02 .

_:13d8b807-2d9f-46ce-9139-707715d68ecd a essentia:Minimum ;
    afo:value 2.854052e-02 .

_:14100214-ed1d-4230-847c-09aa79235d45 a essentia:Mean ;
    afo:value 2.696065e+00 .

_:14546a58-75e0-4605-8ab5-ee641714984e a essentia:SecondDerivativeVariance ;
    afo:value 7.143083e-05 .

_:14e023d6-4519-47af-84cc-2a215328987f rdf:first 4.956109e-03 ;
    rdf:rest ( 4.313059e-03 2.623863e-03 1.219963e-03 7.715634e-04 2.385909e-03 ) .

_:1569c873-dd3d-4729-9b06-8b899e905e99 a essentia:SecondDerivativeMean ;
    afo:value 2.880063e-02 .

_:1570b554-2773-4635-80f7-59073a77fd08 a essentia:SpectralValley ;
    event:time _:ac64c3c7-d7e2-43c3-a363-5aaed154ed87 ;
    afo:computed_by _:LowLevelExtractor ;
    afo:feature [ a essentia:Minimum ;
            afo:values ( -2.876382e+01 -2.79558e+01 -2.789138e+01 -2.766725e+01 -2.749801e+01 -2.744799e+01 ) ],
        [ a essentia:Median ;
            afo:values ( -6.605664e+00 -6.187441e+00 -6.671352e+00 -6.812507e+00 -7.091988e+00 -1.090207e+01 ) ],
        [ a essentia:SecondDerivativeVariance ;
            afo:values ( 2.719453e-01 2.23728e-01 1.801303e-01 1.631544e-01 2.109848e-01 5.307379e-01 ) ],
        [ a essentia:DerivativeVariance ;
            afo:values ( 1.088135e-01 9.10721e-02 7.783516e-02 7.174002e-02 1.011496e-01 2.060103e-01 ) ],
        [ a essentia:SecondDerivativeMean ;
            afo:values ( 6.689289e-01 5.865535e-01 4.972204e-01 4.175727e-01 3.857714e-01 8.083825e-01 ) ],
        [ a essentia:Maximum ;
            afo:values ( -5.291871e+00 -4.505686e+00 -5.295356e+00 -5.891681e+00 -5.472854e+00 -9.056382e+00 ) ],
        [ a essentia:Variance ;
            afo:values ( 4.031274e+00 4.357272e+00 4.179555e+00 4.221478e+00 4.287549e+00 2.887845e+00 ) ],
        [ a essentia:DerivativeMean ;
            afo:values ( 4.026797e-01 3.556868e-01 3.058457e-01 2.610263e-01 2.570108e-01 5.199469e-01 ) ],
        [ a essentia:Mean ;
            afo:values ( -6.914488e+00 -6.506539e+00 -7.027736e+00 -7.239316e+00 -7.50907e+00 -1.114229e+01 ) ] .

_:16bb776c-1517-467f-8032-73c57c9d740f a essentia:Median ;
    afo:value 4.597157e-02 .

_:16e094d3-5757-42d2-8fe7-5aee7bbbc947 a essentia:ChordsKey ;
    event:time _:ac64c3c7-d7e2-43c3-a363-5aaed154ed87 ;
    afo:value "F" .

_:16fb8096-ba56-49ca-a82c-9500afa3d78c a essentia:DerivativeVariance ;
    afo:value 0 .

_:170a2b50-7b8d-4292-8d7d-2099ac225946 a essentia:DerivativeVariance ;
    afo:value 1.210329e+02 .

_:175700fb-031b-484f-a020-5ddde48f48c8 a essentia:Maximum ;
    afo:values ( -3.453404e-01 -4.524517e-01 -5.577054e-01 -5.984421e-01 -6.66926e-01 -4.309826e-01 ) .

_:1793eff5-a4b3-4bc2-9d7f-fc25e9d7b275 rdf:first 4.16474e-01 ;
    rdf:rest ( 1.508271e-01 6.910834e-02 6.034661e-02 4.560918e-02 1.485898e-01 ) .

_:18961e7f-dc77-4708-99a3-777e8b373a07 a essentia:Median ;
    afo:value 6.738359e-04 .

_:18fa5beb-55cd-4531-8ecc-061da16c5d7b a essentia:Mean ;
    afo:value 4.698496e-01 .

_:18fb9387-1db4-4326-966e-84f7fa947ca0 a essentia:EnergyBand ;
    event:time _:ac64c3c7-d7e2-43c3-a363-5aaed154ed87 ;
    afo:computed_by _:LowLevelExtractor ;
    afo:feature _:18961e7f-dc77-4708-99a3-777e8b373a07,
        [ a essentia:Variance ;
            afo:value 3.360597e-06 ],
        [ a essentia:DerivativeMean ;
            afo:value 3.594754e-04 ],
        [ a essentia:SecondDerivativeMean ;
            afo:value 4.599937e-04 ],
        [ a essentia:Mean ;
            afo:value 1.075721e-03 ],
        [ a essentia:SecondDerivativeVariance ;
            afo:value 1.123952e-06 ],
        [ a essentia:Minimum ;
            afo:value 7.13116e-21 ],
        [ a essentia:DerivativeVariance ;
            afo:value 8.022828e-07 ],
        [ a essentia:Maximum ;
            afo:value 2.78832e-02 ] .

_:19b9adb8-9e40-408b-a5fa-9e7180a3ced6 a essentia:Mean ;
    afo:value 4.712934e-02 .

_:19cf82a3-817a-46a9-b4ea-7cf2adc6a733 a essentia:SecondDerivativeMean ;
    afo:value 7.294215e+00 .

_:19d9e3a9-ca78-45d6-ba91-79e945c504f6 a essentia:DerivativeVariance ;
    afo:value 8.023444e-07 .

_:19e79df8-ebf5-4385-967a-035fdc791dfe a essentia:SecondPeakBPM ;
    event:time _:ac64c3c7-d7e2-43c3-a363-5aaed154ed87 ;
    afo:computed_by _:LowLevelExtractor ;
    afo:feature [ a essentia:DerivativeVariance ;
            afo:value 0 ],
        [ a essentia:Mean ;
            afo:value 167 ],
        [ a essentia:Median ;
            afo:value 167 ],
        [ a essentia:DerivativeMean ;
            afo:value 0 ],
        [ a essentia:Maximum ;
            afo:value 167 ],
        [ a essentia:Minimum ;
            afo:value 167 ],
        [ a essentia:Variance ;
            afo:value 0 ],
        [ a essentia:SecondDerivativeMean ;
            afo:value 0 ],
        [ a essentia:SecondDerivativeVariance ;
            afo:value 0 ] .

_:19eef942-f393-49c4-990c-623472561782 a essentia:SecondDerivativeMean ;
    afo:value 6.003343e+00 .

_:1a2a8a4f-40c4-4452-99b7-2e6b657d70aa a essentia:SecondDerivativeMean ;
    afo:value 3.168324e+02 .

_:1a34bea6-6e6a-48e1-9d39-c09a3f2c0973 a essentia:Median ;
    afo:value 3.575639e-01 .

_:1a6fc8f9-e17b-4918-97f6-820bbca347c6 rdf:first 6.127968e-02 ;
    rdf:rest ( 3.717734e-02 2.539747e-02 1.674099e-02 3.334157e-03 1.996163e-02 ) .

_:1b470a65-1701-4f84-8417-5f85006db547 a essentia:Mean ;
    afo:value 5.051851e-01 .

_:1b48272c-c81d-42c5-896a-0b00cc605b51 rdf:first 2.256203e-03 ;
    rdf:rest ( 1.297491e-03 5.282521e-04 3.360375e-04 3.903038e-04 4.984358e-04 3.069279e-04 1.278637e-04 9.567326e-05 1.28371e-04 9.943057e-05 1.007136e-04 5.832033e-05 5.148576e-05 3.67143e-05 3.872107e-05 2.694523e-05 2.747436e-05 2.760705e-05 1.628549e-05 9.607898e-06 9.018203e-06 7.793592e-06 8.711425e-06 6.772683e-06 5.533698e-06 5.162423e-06 4.099445e-06 3.816342e-06 2.807512e-06 1.994039e-06 1.341155e-06 9.204541e-07 6.109746e-07 3.234392e-07 2.034391e-07 1.538089e-07 8.604192e-08 3.131532e-08 2.122828e-08 ) .

_:1bb4801d-05e5-49b1-8a67-c840cf30e5a8 a essentia:Variance ;
    afo:value 0 .

_:1c274955-7942-49f7-89a1-86f34346bdf6 rdf:first 1 ;
    rdf:rest ( 7.615724e-01 4.145058e-01 2.734143e-01 2.675022e-01 3.093758e-01 3.541271e-01 5.052081e-01 7.119245e-01 6.378002e-01 4.9535e-01 5.164114e-01 4.649648e-01 3.67326e-01 4.085559e-01 5.736402e-01 5.726653e-01 4.190825e-01 3.73839e-01 4.463724e-01 4.880971e-01 3.753233e-01 2.458142e-01 2.601446e-01 3.484214e-01 3.755767e-01 3.049273e-01 2.256362e-01 2.255893e-01 3.303558e-01 5.438818e-01 5.994174e-01 3.944783e-01 2.434332e-01 4.530384e-01 8.475909e-01 ) .

_:1c730356-2258-41be-9ecc-fa7b43c5c246 a essentia:Maximum ;
    afo:value 5.945454e-01 .

_:1c9001ae-dc59-4810-a6d3-2e74290ff0be a essentia:ChordsChangesRate ;
    event:time _:ac64c3c7-d7e2-43c3-a363-5aaed154ed87 ;
    afo:value 8.10871e-02 .

_:1cc81dc0-e5f9-4d84-8056-a338ef3d98ae a essentia:Maximum ;
    afo:value 6.196768e+02 .

_:1cca8cfc-75d7-4dc9-9a99-42820ef21ade a essentia:SecondDerivativeMean ;
    afo:value 0 .

_:1d0971f9-fce3-408b-b035-2919a165e86e a essentia:DerivativeVariance ;
    afo:values ( 2.049913e-02 1.323238e-02 9.994718e-03 6.029875e-03 1.131289e-03 7.129572e-03 ) .

_:1d3d8f87-232d-4c26-a548-67a8b3a067dd a essentia:MelBands ;
    event:time _:ac64c3c7-d7e2-43c3-a363-5aaed154ed87 ;
    afo:computed_by _:LowLevelExtractor ;
    afo:feature [ a essentia:FlatnessDB ;
            afo:feature _:06c6a3bc-99ae-4903-8d6f-98ab0440528c,
                _:0866d22f-3b81-446d-bfd9-f8854b9eb473,
                [ a essentia:SecondDerivativeMean ;
                    afo:value 4.572905e-02 ],
                [ a essentia:DerivativeMean ;
                    afo:value 2.924192e-02 ],
                [ a essentia:Maximum ;
                    afo:value 7.198517e-01 ],
                [ a essentia:Mean ;
                    afo:value 2.329234e-01 ],
                [ a essentia:DerivativeVariance ;
                    afo:value 7.698828e-04 ],
                [ a essentia:SecondDerivativeVariance ;
                    afo:value 1.87198e-03 ],
                [ a essentia:Median ;
                    afo:value 2.244558e-01 ] ] .

_:1ea85c89-98c0-4a30-aeee-9a94f9af4489 a essentia:Mean ;
    afo:value 5.644873e-01 .

_:20b3e1c6-4b25-4061-a4d3-f66d78f32e4a rdf:first 5.393519e-02 ;
    rdf:rest ( 5.153202e-02 3.933057e-02 2.693938e-02 2.080797e-02 3.720982e-02 ) .

_:20cd5d7e-db6f-4ecb-a22d-4616cef808ac a essentia:Median ;
    afo:value 5.945454e-01 .

_:2110d597-8cc7-4164-b022-a1e1e20d2ed7 a essentia:Mean ;
    afo:value 1.740784e+01 .

_:2215047b-518d-40d3-9c59-13a366a93bd6 a essentia:Spread ;
    afo:feature _:10abd400-ebcb-46c8-a7f8-8cbdd9d91146,
        [ a essentia:Mean ;
            afo:value 3.159644e+01 ],
        [ a essentia:DerivativeMean ;
            afo:value 6.117344e+00 ],
        [ a essentia:Minimum ;
            afo:value 4.109166e+00 ],
        [ a essentia:Maximum ;
            afo:value 1.262941e+02 ],
        [ a essentia:SecondDerivativeMean ;
            afo:value 9.463416e+00 ],
        [ a essentia:Variance ;
            afo:value 1.32077e+02 ],
        [ a essentia:DerivativeVariance ;
            afo:value 3.768991e+01 ],
        [ a essentia:Median ;
            afo:value 3.04208e+01 ] .

_:2291029f-cf42-4437-8eba-09b30f54f1f6 a essentia:Mean ;
    afo:values ( -6.508866e+02 1.578352e+02 -2.221411e+01 3.678365e+01 -2.584035e-01 1.371326e+01 -2.431618e+00 3.211851e+00 -5.266042e+00 6.434891e+00 -2.826771e+00 2.368999e+00 7.003431e-01 ) .

_:229ff354-b105-4cae-b303-b43dcf0ae974 a essentia:SecondDerivativeVariance ;
    afo:value 797652353024 .

_:22c353a2-8e88-4d06-9a32-5c1f79aee5ce a essentia:Median ;
    afo:values ( 1.625253e-03 5.769219e-03 1.387524e-03 6.854096e-04 1.582129e-03 2.673074e-03 1.048015e-03 3.579986e-04 5.067643e-04 4.519103e-04 2.875227e-04 4.752307e-04 3.593042e-04 4.229126e-04 5.526114e-04 3.119796e-04 2.410408e-04 2.677751e-04 1.823896e-04 1.259345e-04 6.253459e-05 2.374193e-05 1.061786e-05 5.172146e-06 1.065808e-06 8.607425e-06 9.107407e-04 ) .

_:230e0379-70b7-44dd-ad19-8c89f1897563 a essentia:Variance ;
    afo:value 3.580587e+02 .

_:23f76268-dba4-469c-8d8f-fbdbaaf2d836 a essentia:DerivativeMean ;
    afo:value 2.9117e-01 .

_:240c61e7-f8a0-4520-98aa-3c678e5338b3 a essentia:Maximum ;
    afo:values ( 4.979401e+00 1.51519e+01 5.650885e+01 1.063267e+02 1.607143e+02 3.469753e+02 6.038997e+02 9.809888e+02 1.287625e+03 7.132821e+02 6.260484e+02 1.054058e+03 8.518084e+02 1.163283e+03 1.56605e+03 5.591949e+02 6.223453e+02 2.860926e+02 5.351245e+02 8.147556e+02 1.920898e+02 1.976071e+02 3.521475e+02 5.96408e+02 3.814183e+02 3.674576e+02 9.626947e+02 3.074542e+02 2.263998e+02 1.646459e+02 4.535967e+01 1.371006e+01 5.015679e+00 6.757461e-01 4.109189e-01 5.244279e-01 1.302617e+00 2.720761e+00 1.665238e+00 1.698424e-01 ) .

_:24460a08-4b45-4a88-9190-942b9afedb92 a essentia:Mean ;
    afo:value 6.152284e-03 .

_:24da3812-dec8-40eb-ba30-8e79d3676dde a essentia:Maximum ;
    afo:value 3.575639e-01 .

_:25ef22c1-f0d2-4fcc-a880-17b6b5f77178 a essentia:Mean ;
    afo:value 4.545455e-02 .

_:25f44190-616d-4c21-8ba1-21e7f8c18158 a essentia:SecondDerivativeMean ;
    afo:value 4.263922e-01 .

_:2600c511-f012-41df-a6c7-4a1045a4dbac a essentia:Median ;
    afo:value 3.898165e+00 .

_:262ff77c-ba6e-4f41-81c7-85acc80e6ee7 a essentia:DerivativeVariance ;
    afo:value 0 .

_:266e4375-089c-4bee-819e-95fa491d2dee rdf:first 1.899058e-01 ;
    rdf:rest ( 1.027616e+00 1.789041e+00 2.437472e+00 2.731114e+00 5.817224e+00 1.327139e+01 2.378686e+01 1.880803e+01 1.082894e+01 9.540295e+00 1.168923e+01 1.318449e+01 1.495115e+01 1.649525e+01 1.867228e+01 1.705991e+01 2.190402e+01 2.832248e+01 2.596277e+01 1.595745e+01 1.490998e+01 1.547624e+01 1.109015e+01 8.546185e+00 5.755122e+00 3.473535e+00 1.649513e+00 9.462942e-01 5.320748e-01 2.61251e-01 1.514453e-01 6.076321e-02 1.646882e-02 8.699756e-03 1.193832e-02 1.928245e-02 2.203966e-02 3.022176e-02 2.71799e-02 ) .

_:26917ba9-13f1-451e-bf5d-309acfa90bca a essentia:Mean ;
    afo:value 1.26964e+03 .

_:274e45c5-7292-49e8-9a16-92e3af982b3b a essentia:BeatsPosition ;
    event:time _:ac64c3c7-d7e2-43c3-a363-5aaed154ed87 ;
    afo:value ( 3.831292e-01 7.662585e-01 1.149388e+00 1.532517e+00 1.915646e+00 2.298775e+00 2.670295e+00 3.053424e+00 3.424943e+00 3.808073e+00 4.179592e+00 4.551111e+00 4.92263e+00 5.305759e+00 5.677279e+00 6.060408e+00 6.431927e+00 6.803447e+00 7.174966e+00 7.558095e+00 7.941225e+00 8.312743e+00 8.684263e+00 9.055782e+00 9.427301e+00 9.810431e+00 1.018195e+01 1.056508e+01 1.09366e+01 1.130812e+01 1.167964e+01 1.205116e+01 1.242268e+01 1.280581e+01 1.317732e+01 1.356045e+01 1.393197e+01 1.430349e+01 1.467501e+01 1.505814e+01 1.544127e+01 1.581279e+01 1.618431e+01 1.655583e+01 1.692735e+01 1.729887e+01 1.7682e+01 1.805351e+01 1.843664e+01 1.880816e+01 1.917968e+01 1.95512e+01 1.993433e+01 2.031746e+01 2.068898e+01 2.10605e+01 2.143202e+01 2.180354e+01 2.217506e+01 2.254658e+01 2.291809e+01 2.330122e+01 2.368435e+01 2.405587e+01 2.442739e+01 2.479891e+01 2.517043e+01 2.555356e+01 2.593669e+01 2.630821e+01 2.667973e+01 2.705125e+01 2.742277e+01 2.780589e+01 2.818902e+01 2.856054e+01 2.893206e+01 2.930358e+01 2.96751e+01 3.005823e+01 3.044136e+01 3.081288e+01 3.11844e+01 3.155592e+01 3.192744e+01 3.231057e+01 3.268209e+01 3.306522e+01 3.343673e+01 3.380825e+01 3.417977e+01 3.45629e+01 3.494603e+01 3.531755e+01 3.568907e+01 3.606059e+01 3.643211e+01 3.680363e+01 3.717515e+01 3.754667e+01 3.792979e+01 3.831292e+01 3.868444e+01 3.905596e+01 3.942748e+01 3.981061e+01 4.018213e+01 4.056526e+01 4.093678e+01 4.131991e+01 4.170304e+01 4.207456e+01 4.244608e+01 4.28176e+01 4.318911e+01 4.356063e+01 4.394376e+01 4.432689e+01 4.469841e+01 4.506993e+01 4.544145e+01 4.581297e+01 4.618449e+01 4.656762e+01 4.695075e+01 4.732227e+01 4.769379e+01 4.80537e+01 4.843682e+01 4.880834e+01 4.919147e+01 4.956299e+01 4.993451e+01 5.030603e+01 5.068916e+01 5.106068e+01 5.14322e+01 5.180372e+01 5.217524e+01 5.254676e+01 5.291827e+01 5.33014e+01 5.368454e+01 5.405605e+01 5.442757e+01 5.479909e+01 5.517061e+01 5.555374e+01 5.593687e+01 5.630839e+01 5.667991e+01 5.705143e+01 5.742295e+01 5.779447e+01 5.816599e+01 5.854911e+01 5.893224e+01 5.931537e+01 5.968689e+01 6.005841e+01 6.044154e+01 6.081306e+01 6.118458e+01 6.15561e+01 6.192762e+01 6.229914e+01 6.267066e+01 6.304218e+01 6.34137e+01 6.378521e+01 6.416834e+01 6.455148e+01 6.49346e+01 6.531773e+01 6.568925e+01 6.606077e+01 6.64439e+01 6.682703e+01 6.719855e+01 6.757007e+01 6.794159e+01 6.83131e+01 6.868462e+01 6.905614e+01 6.942767e+01 6.979918e+01 7.01707e+01 7.054222e+01 7.091374e+01 7.128526e+01 7.165678e+01 7.20283e+01 7.241143e+01 7.279456e+01 7.316608e+01 7.35376e+01 7.390911e+01 7.428063e+01 7.466376e+01 7.503528e+01 7.54068e+01 7.577832e+01 7.616145e+01 7.653297e+01 7.690449e+01 7.728762e+01 7.767075e+01 7.804227e+01 7.841379e+01 7.87853e+01 7.915682e+01 7.952834e+01 7.989986e+01 8.027139e+01 8.06429e+01 8.102603e+01 8.140916e+01 8.178068e+01 8.216381e+01 8.253532e+01 8.291846e+01 8.328998e+01 8.366149e+01 8.403301e+01 8.440453e+01 8.477605e+01 8.515918e+01 8.554231e+01 8.591383e+01 8.628535e+01 8.665687e+01 8.702839e+01 8.741151e+01 8.778304e+01 8.816617e+01 8.853769e+01 8.892081e+01 8.929234e+01 8.967546e+01 9.004698e+01 9.04185e+01 9.079002e+01 9.116154e+01 9.153306e+01 9.190458e+01 9.22877e+01 9.267084e+01 9.304236e+01 9.341388e+01 9.3797e+01 9.418014e+01 9.455165e+01 9.492317e+01 9.53063e+01 9.568943e+01 9.606095e+01 9.643247e+01 9.679238e+01 9.716389e+01 9.752381e+01 9.789532e+01 9.826685e+01 9.864998e+01 9.90331e+01 9.941624e+01 9.978775e+01 1.001593e+02 1.005424e+02 1.009139e+02 1.012854e+02 1.01657e+02 1.020285e+02 1.024e+02 1.027831e+02 1.031546e+02 1.035378e+02 1.039093e+02 1.042924e+02 1.046756e+02 1.050471e+02 1.054186e+02 1.057901e+02 1.061616e+02 1.065331e+02 1.069047e+02 1.072762e+02 1.076593e+02 1.080308e+02 1.08414e+02 1.087855e+02 1.09157e+02 1.095401e+02 1.099117e+02 1.102832e+02 1.106547e+02 1.110146e+02 1.113861e+02 1.117576e+02 1.121292e+02 1.125123e+02 1.128954e+02 1.132785e+02 1.136617e+02 1.140332e+02 1.144047e+02 1.147878e+02 1.15171e+02 1.155425e+02 1.15914e+02 1.162855e+02 1.166571e+02 1.170286e+02 1.174001e+02 1.177716e+02 1.181547e+02 1.185263e+02 1.189094e+02 1.192809e+02 1.196524e+02 1.200356e+02 1.204187e+02 1.207902e+02 1.211617e+02 1.215332e+02 1.219164e+02 1.222995e+02 1.22671e+02 1.230425e+02 1.234141e+02 1.237856e+02 1.241571e+02 1.245286e+02 1.249001e+02 1.252833e+02 1.256664e+02 1.260379e+02 1.264094e+02 1.26781e+02 1.271525e+02 1.27524e+02 1.278955e+02 1.28267e+02 1.286385e+02 1.290101e+02 1.293932e+02 1.297763e+02 1.301595e+02 1.305426e+02 1.309141e+02 1.312856e+02 1.316571e+02 1.320403e+02 1.324118e+02 1.327833e+02 1.331664e+02 1.33538e+02 1.339095e+02 1.342926e+02 1.346757e+02 1.350473e+02 1.354188e+02 1.357903e+02 1.361618e+02 1.365333e+02 1.369048e+02 1.372764e+02 1.376479e+02 1.380194e+02 1.384025e+02 1.387741e+02 1.391572e+02 1.395403e+02 1.399234e+02 1.403066e+02 1.406781e+02 1.410496e+02 1.414327e+02 1.418043e+02 1.421758e+02 1.425589e+02 1.429304e+02 1.432903e+02 1.436618e+02 1.440218e+02 1.443817e+02 1.447648e+02 1.451479e+02 1.455195e+02 1.459026e+02 1.462857e+02 1.466572e+02 1.470287e+02 1.474119e+02 1.477834e+02 1.481433e+02 1.485148e+02 1.488979e+02 1.492695e+02 1.496526e+02 1.500241e+02 1.504073e+02 1.507904e+02 1.511735e+02 1.515566e+02 1.519282e+02 1.522997e+02 1.526712e+02 1.530543e+02 1.534142e+02 1.537741e+02 1.541341e+02 1.544824e+02 1.548423e+02 1.552022e+02 1.555505e+02 1.559104e+02 1.562935e+02 1.566766e+02 1.570598e+02 1.574429e+02 1.57826e+02 1.582208e+02 1.586155e+02 1.590103e+02 1.593934e+02 1.597765e+02 1.60148e+02 1.605195e+02 1.608911e+02 1.612742e+02 1.616573e+02 1.620288e+02 1.624004e+02 1.627719e+02 1.631434e+02 1.635265e+02 1.63898e+02 1.642812e+02 1.646527e+02 1.650242e+02 1.653957e+02 1.657673e+02 1.661504e+02 1.665335e+02 1.669166e+02 1.672882e+02 1.676597e+02 1.680196e+02 1.684027e+02 1.687858e+02 1.69169e+02 1.695405e+02 1.69912e+02 1.702835e+02 1.706667e+02 1.710382e+02 1.714097e+02 1.717812e+02 1.721527e+02 1.725359e+02 1.72919e+02 1.732905e+02 1.73662e+02 1.740219e+02 1.744051e+02 1.747766e+02 1.751481e+02 1.755196e+02 1.759028e+02 1.762859e+02 1.766574e+02 1.770405e+02 1.774121e+02 1.777952e+02 1.781667e+02 1.785266e+02 1.788865e+02 1.79258e+02 1.796412e+02 1.800243e+02 1.804074e+02 1.807906e+02 1.811621e+02 1.815452e+02 1.819283e+02 1.822999e+02 1.826714e+02 1.830429e+02 1.834144e+02 1.837859e+02 1.841575e+02 1.845406e+02 1.849121e+02 1.852952e+02 1.856667e+02 1.860499e+02 1.864214e+02 1.868045e+02 1.871761e+02 1.875476e+02 1.879191e+02 1.882906e+02 1.886621e+02 1.890336e+02 1.894052e+02 1.897767e+02 1.901598e+02 1.905313e+02 1.909145e+02 1.91286e+02 1.916575e+02 1.92029e+02 1.924005e+02 1.927837e+02 1.931668e+02 1.935383e+02 1.939214e+02 1.943046e+02 1.946761e+02 1.950476e+02 1.954191e+02 1.957906e+02 1.961622e+02 1.965337e+02 1.969168e+02 1.973e+02 1.976715e+02 1.98043e+02 1.984261e+02 1.988092e+02 1.991924e+02 1.995755e+02 1.999586e+02 2.003534e+02 2.007713e+02 2.012009e+02 2.016305e+02 2.020484e+02 2.02478e+02 2.029192e+02 2.033604e+02 2.037783e+02 2.042079e+02 2.046375e+02 2.050786e+02 2.055314e+02 2.059842e+02 2.06437e+02 2.068782e+02 2.073774e+02 2.07865e+02 ) .

_:282c7356-984a-4a1f-9ebe-1a4b7f4f34ef a essentia:DerivativeMean ;
    afo:value 3.850474e+00 .

_:28324c59-fb62-4e1a-a07d-c1e1569dae7c a essentia:SilenceRate ;
    event:time _:ac64c3c7-d7e2-43c3-a363-5aaed154ed87 ;
    afo:computed_by _:LowLevelExtractor ;
    afo:feature _:1cca8cfc-75d7-4dc9-9a99-42820ef21ade,
        [ a essentia:Maximum ;
            afo:value 1 ],
        [ a essentia:DerivativeMean ;
            afo:value 0 ],
        [ a essentia:DerivativeVariance ;
            afo:value 0 ],
        [ a essentia:Minimum ;
            afo:value 1 ],
        [ a essentia:Mean ;
            afo:value 1 ],
        [ a essentia:SecondDerivativeVariance ;
            afo:value 0 ],
        [ a essentia:Median ;
            afo:value 1 ],
        [ a essentia:Variance ;
            afo:value 0 ] .

_:2a294f2b-4fc1-465f-9485-38e643f4256e a essentia:DerivativeMean ;
    afo:value 1.624691e-02 .

_:2b0d0cf3-e7c9-40c9-90bf-c6441af13dfa a essentia:Danceability ;
    event:time _:ac64c3c7-d7e2-43c3-a363-5aaed154ed87 ;
    afo:value 9.596072e-01 .

_:2b474a19-69bc-4128-8ef9-10d0454d71cf a essentia:SecondPeakWeight ;
