@prefix afo: <https://w3id.org/afo/onto/1.1#> .
@prefix dc: <http://purl.org/dc/elements/1.1/> .
@prefix essentia: <http://sovarr.c4dm.eecs.qmul.ac.uk/af/essentia/> .
@prefix event: <http://purl.org/NET/c4dm/event.owl#> .
@prefix foaf: <http://xmlns.com/foaf/0.1/> .
@prefix mo: <http://purl.org/ontology/mo/> .
@prefix rdf: <http://www.w3.org/1999/02/22-rdf-syntax-ns#> .
@prefix rdfs: <http://www.w3.org/2000/01/rdf-schema#> .
@prefix tl: <http://purl.org/NET/c4dm/timeline.owl#> .
@prefix xml: <http://www.w3.org/XML/1998/namespace> .
@prefix xsd: <http://www.w3.org/2001/XMLSchema#> .

<http://musicbrainz.org/release/850acf70-7c50-453f-a62c-dfd135c56a1f> a mo:Release ;
    dc:date "2003-05-06" ;
    dc:title "Committed to a Bright Future" ;
    mo:publisher [ a mo:Label ] ;
    mo:publishing_location "US" ;
    mo:release_status mo:official ;
    mo:release_type mo:album ;
    mo:track <http://musicbrainz.org/recording/e9354dd0-2fa2-4ff0-b839-42b877ef4106> ;
    essentia:asin "B00008ZZ4R" ;
    foaf:maker <http://musicbrainz.org/artist/1061b529-0a78-4420-a445-66a7e20e407e> .

<08+Castaway.mp3> a mo:AudioFile ;
    mo:encodes [ a essentia:Signal ;
            mo:sample_rate "44100"^^xsd:interger ;
            mo:time _:90a68e9f-b640-456a-808f-4481f28bf83d ;
            essentia:bit_rate "192019"^^xsd:float ;
            essentia:codec "mp3"^^xsd:string ;
            essentia:downmix "mix"^^xsd:string ;
            essentia:equal_loudness "0"^^xsd:float ;
            essentia:lossless false ;
            essentia:md5_encoded "31230b3b1b4a20037d53012ebc614ba9"^^xsd:string ;
            essentia:replay_gain "-13.5036792755"^^xsd:float ] .

<http://musicbrainz.org/artist/1061b529-0a78-4420-a445-66a7e20e407e> a mo:MusicArtist ;
    foaf:name "Dog Fashion Disco" .

<http://musicbrainz.org/recording/e9354dd0-2fa2-4ff0-b839-42b877ef4106> a mo:Track ;
    dc:title "Castaway" ;
    mo:available_as <08+Castaway.mp3> ;
    mo:genre [ a mo:Genre ;
            rdfs:label "Metal" ] ;
    mo:track_number "8/12" .

[] a essentia:VersionInfo .

_:00216e2f-f77a-464d-aada-09551cac10d1 a essentia:Minimum ;
    afo:values ( 3.371599e-02 8.098228e-03 1.168534e-03 5.626758e-04 5.692434e-04 7.884197e-04 ) .

_:00821d80-40f6-440e-96a6-82b9a4fc4109 a essentia:SecondDerivativeVariance ;
    afo:values ( 3.836225e-01 3.064217e-01 2.37962e-01 2.17506e-01 2.485411e-01 1.752303e-01 ) .

_:00e12815-2010-4dc2-9bce-e586c5e19091 a essentia:GFCC ;
    event:time _:90a68e9f-b640-456a-808f-4481f28bf83d ;
    afo:computed_by _:LowLevelExtractor ;
    afo:feature [ a essentia:Mean ;
            afo:values ( -3.125378e-01 8.834313e+01 -1.051882e+02 4.166813e+01 -5.103852e+01 9.504807e+00 -3.419469e+01 7.261601e+00 -2.768743e+01 -3.189571e-01 -1.930458e+01 -4.049955e+00 -1.461815e+01 ) ],
        [ a essentia:InverseCovariance ;
            afo:dimensions ( 13 13 ) ;
            afo:values ( 1.527401e-04 -2.37431e-04 1.789811e-04 -3.061981e-04 1.031835e-04 -2.916398e-04 2.17992e-04 -5.466823e-04 6.37845e-04 -6.881646e-04 7.523673e-04 -6.114789e-04 5.263942e-04 -2.37431e-04 1.873252e-03 -3.053496e-04 4.757765e-04 -7.539212e-04 1.76872e-03 -9.58537e-04 1.349912e-03 -1.146753e-03 2.508547e-03 -3.06521e-03 2.066769e-03 -7.879675e-04 1.789811e-04 -3.053496e-04 1.327295e-03 -9.282232e-04 -5.284541e-04 4.283935e-06 6.040035e-04 7.244502e-05 2.382467e-04 -5.483428e-04 1.4752e-03 -3.345042e-03 2.293691e-03 -3.061981e-04 4.757765e-04 -9.282232e-04 4.654927e-03 -5.222827e-04 -1.520693e-03 1.144098e-03 8.805464e-04 -1.93028e-03 1.730815e-03 -2.118683e-03 3.912071e-03 -4.699731e-03 1.031835e-04 -7.539212e-04 -5.284541e-04 -5.222827e-04 5.129115e-03 -1.485107e-03 -1.179344e-03 -2.450933e-03 1.431126e-03 -3.287606e-03 1.581414e-03 -1.800738e-04 -5.931124e-04 -2.916398e-04 1.76872e-03 4.283935e-06 -1.520693e-03 -1.485107e-03 9.001249e-03 -3.884473e-03 -4.222051e-04 2.867206e-03 1.240052e-03 -2.610581e-03 1.653864e-03 1.986464e-04 2.17992e-04 -9.58537e-04 6.040035e-04 1.144098e-03 -1.179344e-03 -3.884473e-03 1.034585e-02 -3.564088e-03 -6.595593e-04 1.723561e-03 -1.882614e-03 -1.724949e-03 1.452399e-04 -5.466823e-04 1.349912e-03 7.244502e-05 8.805464e-04 -2.450933e-03 -4.222051e-04 -3.564088e-03 1.311262e-02 -5.28653e-03 8.492215e-04 1.266021e-03 5.089735e-04 1.425725e-03 6.37845e-04 -1.146753e-03 2.382467e-04 -1.93028e-03 1.431126e-03 2.867206e-03 -6.595593e-04 -5.28653e-03 1.791558e-02 -1.039736e-02 1.342165e-03 3.005464e-03 -3.143642e-03 -6.881646e-04 2.508547e-03 -5.483428e-04 1.730815e-03 -3.287606e-03 1.240052e-03 1.723561e-03 8.492215e-04 -1.039736e-02 2.236195e-02 -6.593775e-03 -6.654384e-04 3.401922e-03 7.523673e-04 -3.06521e-03 1.4752e-03 -2.118683e-03 1.581414e-03 -2.610581e-03 -1.882614e-03 1.266021e-03 1.342165e-03 -6.593775e-03 2.306169e-02 -8.357306e-03 3.534956e-03 -6.114789e-04 2.066769e-03 -3.345042e-03 3.912071e-03 -1.800738e-04 1.653864e-03 -1.724949e-03 5.089735e-04 3.005464e-03 -6.654384e-04 -8.357306e-03 2.597836e-02 -9.027201e-03 5.263942e-04 -7.879675e-04 2.293691e-03 -4.699731e-03 -5.931124e-04 1.986464e-04 1.452399e-04 1.425725e-03 -3.143642e-03 3.401922e-03 3.534956e-03 -9.027201e-03 2.351456e-02 ) ],
        [ a essentia:Covariance ;
            afo:dimensions ( 13 13 ) ;
            afo:values ( 1.811559e+04 -6.664341e+02 -7.978521e+02 4.313043e+02 6.437559e+02 1.00004e+03 1.75106e+02 8.691915e+02 -4.409533e+02 3.134308e+02 -3.599564e+02 7.532719e+01 -3.310957e+02 -6.664341e+02 1.167162e+03 -7.125962e+01 -4.215751e+01 -6.662299e+01 -2.301403e+02 1.572728e+01 -1.496252e+02 4.491132e+01 -9.769997e+01 1.100143e+02 -4.937387e+01 4.643943e+01 -7.978521e+02 -7.125962e+01 1.516334e+03 7.087053e+01 1.547051e+02 -4.865577e+01 -8.833355e+01 -4.167795e+01 -1.290657e+01 5.166795e+01 -1.689888e+01 1.466881e+02 -6.123211e+01 4.313043e+02 -4.215751e+01 7.087053e+01 3.8223e+02 4.763991e+01 8.245688e+01 -2.605106e+01 2.879225e+00 1.358579e+01 -1.009547e+01 -6.995224e+00 -2.739635e+01 5.271593e+01 6.437559e+02 -6.662299e+01 1.547051e+02 4.763991e+01 3.475641e+02 1.282749e+02 8.527138e+01 1.182404e+02 -8.104198e+00 5.51905e+01 -1.741768e+01 2.027605e+01 -2.089092e+01 1.00004e+03 -2.301403e+02 -4.865577e+01 8.245688e+01 1.282749e+02 2.842825e+02 9.957188e+01 9.836945e+01 -6.067719e+01 1.149988e+01 -1.420278e+01 6.522014e+00 -1.975453e+01 1.75106e+02 1.572728e+01 -8.833355e+01 -2.605106e+01 8.527138e+01 9.957188e+01 1.784359e+02 7.180605e+01 -6.558303e+00 -2.826595e+00 1.776851e+01 4.603539e+00 -5.501102e+00 8.691915e+02 -1.496252e+02 -4.167795e+01 2.879225e+00 1.182404e+02 9.836945e+01 7.180605e+01 1.811079e+02 1.344423e+01 4.377301e+01 -2.934463e+01 2.664062e+00 -2.820495e+01 -4.409533e+02 4.491132e+01 -1.290657e+01 1.358579e+01 -8.104198e+00 -6.067719e+01 -6.558303e+00 1.344423e+01 1.162405e+02 3.581578e+01 9.103694e+00 -1.829918e+01 1.684884e+01 3.134308e+02 -9.769997e+01 5.166795e+01 -1.009547e+01 5.51905e+01 1.149988e+01 -2.826595e+00 4.377301e+01 3.581578e+01 9.394244e+01 1.763468e-01 1.233052e+01 -2.278517e+01 -3.599564e+02 1.100143e+02 -1.689888e+01 -6.995224e+00 -1.741768e+01 -1.420278e+01 1.776851e+01 -2.934463e+01 9.103694e+00 1.763468e-01 7.474841e+01 9.618235e+00 6.991899e+00 7.532719e+01 -4.937387e+01 1.466881e+02 -2.739635e+01 2.027605e+01 6.522014e+00 4.603539e+00 2.664062e+00 -1.829918e+01 1.233052e+01 9.618235e+00 7.246563e+01 -7.152117e-01 -3.310957e+02 4.643943e+01 -6.123211e+01 5.271593e+01 -2.089092e+01 -1.975453e+01 -5.501102e+00 -2.820495e+01 1.684884e+01 -2.278517e+01 6.991899e+00 -7.152117e-01 7.361102e+01 ) ] .

_:022f2158-7bf4-4cb3-be91-9a9cdc99634b rdf:first 3.37076e-05 ;
    rdf:rest ( 3.554764e-05 2.298753e-06 1.103851e-06 1.096369e-07 2.013697e-07 3.197895e-07 1.254377e-07 7.997622e-08 1.227811e-07 6.744855e-08 8.56548e-08 1.056048e-07 1.200842e-07 4.472363e-08 1.872329e-08 7.380128e-09 6.037949e-09 5.321893e-09 5.396679e-09 5.890368e-09 1.660223e-09 7.012774e-10 3.989826e-10 5.641514e-10 4.606156e-10 4.074406e-10 2.703363e-10 1.337359e-10 5.735368e-11 3.598314e-11 3.565313e-11 3.022912e-11 1.774262e-11 1.284431e-11 1.071423e-11 1.395115e-11 1.241759e-11 9.49838e-12 4.971746e-12 ) .

_:02ef231a-b95c-4af6-ad3f-8e8e368f3668 a essentia:DerivativeVariance ;
    afo:value 5.276114e-17 .

_:03320c87-7750-4382-b42b-8f191ecfba6b a essentia:SecondDerivativeMean ;
    afo:value 1.298341e-01 .

_:037e0d9c-1d09-4d9f-a04a-c3ef57f4644a a essentia:HPCP ;
    event:time _:90a68e9f-b640-456a-808f-4481f28bf83d ;
    afo:computed_by _:LowLevelExtractor ;
    afo:feature [ a essentia:Median ;
            afo:values ( 4.635981e-02 5.539016e-02 9.162252e-02 1.016908e-01 7.413249e-02 3.696626e-02 3.140687e-02 2.976325e-02 2.793294e-02 2.798768e-02 3.019449e-02 5.316992e-02 6.277762e-02 5.566124e-02 5.865145e-02 6.56089e-02 6.422424e-02 7.094771e-02 6.55127e-02 5.241943e-02 3.609915e-02 3.035504e-02 2.674584e-02 3.394362e-02 3.567365e-02 4.167017e-02 6.714956e-02 8.466543e-02 6.388152e-02 3.347012e-02 2.693407e-02 2.623094e-02 3.518035e-02 4.045296e-02 4.014955e-02 4.534211e-02 ) ],
        [ a essentia:Variance ;
            afo:values ( 7.629168e-02 4.038083e-02 6.42721e-02 1.093109e-01 4.894317e-02 3.278623e-02 4.583497e-02 3.08509e-02 2.68805e-02 3.190279e-02 2.362503e-02 4.126114e-02 6.62398e-02 4.783105e-02 6.086169e-02 9.481879e-02 7.18666e-02 7.304555e-02 9.434963e-02 4.473613e-02 3.575824e-02 4.673916e-02 3.370065e-02 3.11264e-02 3.317181e-02 2.627717e-02 7.148069e-02 1.201969e-01 7.477069e-02 4.124035e-02 2.737076e-02 2.023014e-02 3.302427e-02 5.068368e-02 4.323896e-02 6.211346e-02 ) ],
        [ a essentia:DerivativeMean ;
            afo:values ( 1.334242e-01 1.345111e-01 1.517262e-01 1.495714e-01 1.304725e-01 9.628548e-02 8.365117e-02 8.294439e-02 7.725316e-02 7.517999e-02 8.406422e-02 1.188074e-01 1.354372e-01 1.379394e-01 1.615433e-01 1.86245e-01 1.869114e-01 1.76918e-01 1.577035e-01 1.325472e-01 1.049955e-01 9.539087e-02 9.512282e-02 9.695373e-02 9.23849e-02 1.060944e-01 1.58144e-01 1.675145e-01 1.488185e-01 1.215759e-01 8.476729e-02 7.602509e-02 9.027862e-02 1.112901e-01 1.283631e-01 1.356625e-01 ) ],
        [ a essentia:SecondDerivativeVariance ;
            afo:values ( 1.090381e-01 1.037775e-01 1.112702e-01 1.125771e-01 9.354523e-02 7.600424e-02 6.378429e-02 6.895616e-02 6.090403e-02 6.049287e-02 6.808282e-02 9.540223e-02 1.073029e-01 1.143865e-01 1.437677e-01 1.770617e-01 1.777844e-01 1.572994e-01 1.373593e-01 1.145623e-01 9.749328e-02 9.938068e-02 9.767939e-02 9.358159e-02 8.237365e-02 9.456274e-02 1.198312e-01 1.218064e-01 1.227475e-01 1.171203e-01 7.145794e-02 6.494951e-02 7.486478e-02 1.00985e-01 1.233166e-01 1.208254e-01 ) ],
        [ a essentia:Mean ;
            afo:values ( 1.76495e-01 1.397911e-01 2.047829e-01 2.651755e-01 1.678285e-01 1.060831e-01 1.145326e-01 9.474645e-02 8.62808e-02 8.877485e-02 8.601177e-02 1.379771e-01 1.807766e-01 1.500399e-01 1.700509e-01 2.15631e-01 1.90379e-01 2.025262e-01 2.13407e-01 1.425693e-01 1.096069e-01 1.123097e-01 9.56476e-02 9.846621e-02 9.98653e-02 9.914894e-02 1.987093e-01 2.693771e-01 1.934682e-01 1.184529e-01 8.68281e-02 7.548635e-02 1.020527e-01 1.267503e-01 1.238498e-01 1.57266e-01 ) ],
        [ a essentia:Maximum ;
            afo:values ( 1 1 1 1 1 1 1 1 1 1 1 1 1 1 1 1 1 1 1 1 1 1 1 1 1 1 1 1 1 1 1 1 1 1 1 1 ) ],
        [ a essentia:DerivativeVariance ;
            afo:values ( 4.649716e-02 3.812004e-02 4.168676e-02 4.691241e-02 3.551604e-02 2.770802e-02 2.531066e-02 2.503843e-02 2.237362e-02 2.330807e-02 2.48023e-02 3.523162e-02 4.24982e-02 4.25953e-02 5.581084e-02 7.316882e-02 6.705037e-02 5.999159e-02 5.88717e-02 4.2579e-02 3.494381e-02 3.622981e-02 3.401808e-02 3.324831e-02 3.076099e-02 3.320296e-02 4.768289e-02 5.661613e-02 4.693587e-02 4.179664e-02 2.618836e-02 2.321156e-02 2.838064e-02 4.048868e-02 4.488748e-02 4.643354e-02 ) ],
        [ a essentia:Minimum ;
            afo:values [ rdf:first 0 ;
                    rdf:rest [ rdf:first 0 ;
                            rdf:rest [ rdf:first 0 ;
                                    rdf:rest [ rdf:first 0 ;
                                            rdf:rest [ rdf:first 0 ;
                                                    rdf:rest [ rdf:first 0 ;
                                                            rdf:rest [ rdf:first 0 ;
                                                                    rdf:rest [ rdf:first 0 ;
                                                                            rdf:rest [ rdf:first 0 ;
                                                                                    rdf:rest [ rdf:first 0 ;
                                                                                            rdf:rest [ rdf:first 0 ;
                                                                                                    rdf:rest [ rdf:first 0 ;
                                                                                                            rdf:rest [ rdf:first 0 ;
                                                                                                                    rdf:rest [ rdf:first 0 ;
                                                                                                                            rdf:rest [ rdf:first 0 ;
                                                                                                                                    rdf:rest [ rdf:first 0 ;
                                                                                                                                            rdf:rest [ rdf:first 0 ;
                                                                                                                                                    rdf:rest [ rdf:first 0 ;
                                                                                                                                                            rdf:rest [ rdf:first 0 ;
                                                                                                                                                                    rdf:rest [ rdf:first 0 ;
                                                                                                                                                                            rdf:rest [ rdf:first 0 ;
                                                                                                                                                                                    rdf:rest [ rdf:first 0 ;
                                                                                                                                                                                            rdf:rest [ rdf:first 0 ;
                                                                                                                                                                                                    rdf:rest [ rdf:first 0 ;
                                                                                                                                                                                                            rdf:rest [ rdf:first 0 ;
                                                                                                                                                                                                                    rdf:rest [ rdf:first 0 ;
                                                                                                                                                                                                                            rdf:rest [ rdf:first 0 ;
                                                                                                                                                                                                                                    rdf:rest [ rdf:first 0 ;
                                                                                                                                                                                                                                            rdf:rest [ rdf:first 0 ;
                                                                                                                                                                                                                                                    rdf:rest [ rdf:first 0 ;
                                                                                                                                                                                                                                                            rdf:rest [ rdf:first 0 ;
                                                                                                                                                                                                                                                                    rdf:rest [ rdf:first 0 ;
                                                                                                                                                                                                                                                                            rdf:rest [ rdf:first 0 ;
                                                                                                                                                                                                                                                                                    rdf:rest [ rdf:first 0 ;
                                                                                                                                                                                                                                                                                            rdf:rest [ rdf:first 0 ;
                                                                                                                                                                                                                                                                                                    rdf:rest [ rdf:first 0 ;
                                                                                                                                                                                                                                                                                                            rdf:rest () ] ] ] ] ] ] ] ] ] ] ] ] ] ] ] ] ] ] ] ] ] ] ] ] ] ] ] ] ] ] ] ] ] ] ] ] ],
        [ a essentia:SecondDerivativeMean ;
            afo:values ( 2.28455e-01 2.358813e-01 2.626872e-01 2.548301e-01 2.257789e-01 1.691607e-01 1.441652e-01 1.458658e-01 1.366256e-01 1.334367e-01 1.514458e-01 2.08209e-01 2.317903e-01 2.423861e-01 2.849399e-01 3.264042e-01 3.331445e-01 3.107569e-01 2.728673e-01 2.336699e-01 1.870978e-01 1.700794e-01 1.720535e-01 1.740975e-01 1.642944e-01 1.912775e-01 2.692475e-01 2.795946e-01 2.595322e-01 2.177923e-01 1.519603e-01 1.369201e-01 1.582169e-01 1.946168e-01 2.283846e-01 2.364539e-01 ) ] .

_:03b85d8f-d936-4a49-b83d-b592483bcb0a a essentia:Spread ;
    event:time _:90a68e9f-b640-456a-808f-4481f28bf83d ;
    afo:computed_by _:LowLevelExtractor ;
    afo:feature [ a essentia:DerivativeMean ;
            afo:value 4.401113e+05 ],
        [ a essentia:Median ;
            afo:value 4246788 ],
        [ a essentia:Variance ;
            afo:value 4.472373e+12 ],
        [ a essentia:Minimum ;
            afo:value 1750977 ],
        [ a essentia:SecondDerivativeVariance ;
            afo:value 856022646784 ],
        [ a essentia:Maximum ;
            afo:value 42639652 ],
        [ a essentia:Mean ;
            afo:value 4.645216e+06 ],
        [ a essentia:SecondDerivativeMean ;
            afo:value 6.182924e+05 ],
        [ a essentia:DerivativeVariance ;
            afo:value 526249033728 ] .

_:0436757d-1c01-43e9-b188-2a1dcb78733b a essentia:BeatsCount ;
    event:time _:90a68e9f-b640-456a-808f-4481f28bf83d ;
    afo:value 415 .

_:046f7d96-3feb-4419-b755-387b1c22d488 a essentia:SecondDerivativeVariance ;
    afo:value 7.026294e-04 .

_:055bf232-71b6-4f91-8588-261e888a607e a essentia:SecondDerivativeMean ;
    afo:value 2.256864e-01 .

_:0593b317-f1ac-4523-9d8e-1b0be94989c3 a essentia:Maximum ;
    afo:value 0 .

_:0593ebe6-f564-452a-a610-97576eb220d9 a essentia:DerivativeMean ;
    afo:value 3.866916e+00 .

_:059ec185-8908-4b57-8846-d7720a84ceb1 a essentia:Mean ;
    afo:values ( -6.186634e-01 -7.440226e-01 -7.864845e-01 -8.026536e-01 -8.078734e-01 -7.606627e-01 ) .

_:06984f34-8932-4dae-ac21-88bede9205ed a essentia:Maximum ;
    afo:value 1 .

_:06ad4bcf-3c08-46ab-8d8a-205d9e1ab204 a essentia:Maximum ;
    afo:value 3.273458e-01 .

_:07c2da29-c658-4330-8654-e1347bbd0561 a essentia:Skewness ;
    afo:feature [ a essentia:Median ;
            afo:value 2.670619e+00 ],
        [ a essentia:SecondDerivativeMean ;
            afo:value 1.455987e+00 ],
        [ a essentia:SecondDerivativeVariance ;
            afo:value 2.833525e+00 ],
        [ a essentia:Maximum ;
            afo:value 1.550121e+01 ],
        [ a essentia:Mean ;
            afo:value 3.218307e+00 ],
        [ a essentia:DerivativeVariance ;
            afo:value 1.24444e+00 ],
        [ a essentia:DerivativeMean ;
            afo:value 9.49446e-01 ],
        [ a essentia:Minimum ;
            afo:value -3.210424e+00 ],
        [ a essentia:Variance ;
            afo:value 4.454388e+00 ] .

_:07f1a121-fce4-4bcf-820d-6f5897f66bc0 rdf:first -6.206887e-01 ;
    rdf:rest ( -7.523873e-01 -7.942389e-01 -8.067086e-01 -8.077927e-01 -7.571205e-01 ) .

_:08787abb-0bcb-4f02-be63-62dc02b585fc a essentia:DerivativeVariance ;
    afo:value 1.057539e-02 .

_:08cb2239-f2b5-4f76-bfe7-126d91fe5148 a essentia:BarkBands ;
    event:time _:90a68e9f-b640-456a-808f-4481f28bf83d ;
    afo:computed_by _:LowLevelExtractor ;
    afo:feature [ a essentia:SecondDerivativeVariance ;
            afo:values ( 6.279173e-08 1.615329e-03 1.209213e-04 1.606329e-05 3.314446e-05 7.427338e-06 1.578856e-05 4.911456e-06 8.726752e-06 6.026557e-06 9.916452e-06 9.339861e-06 3.082172e-06 1.199588e-06 1.018108e-06 1.109235e-06 4.441727e-07 1.654131e-07 2.74884e-07 2.153428e-07 1.399851e-07 1.090312e-07 3.360323e-08 4.355072e-08 2.25575e-08 4.409173e-09 3.034054e-10 ) ],
        [ a essentia:Minimum ;
            afo:values ( 5.13646e-24 6.338968e-24 7.663063e-24 1.26898e-24 1.428729e-23 1.060126e-23 1.014922e-23 1.434645e-23 8.143079e-24 8.477674e-24 2.818399e-23 4.031361e-23 4.05515e-23 2.586798e-23 5.216137e-23 5.810717e-23 9.866324e-23 9.20952e-23 1.543743e-22 2.481393e-22 3.000189e-22 3.360755e-22 4.642022e-22 6.981101e-22 9.409822e-22 1.419997e-21 2.104953e-21 ) ],
        [ a essentia:Maximum ;
            afo:values ( 2.203861e-03 2.096053e-01 9.651129e-02 4.951847e-02 6.392327e-02 5.725062e-02 5.545365e-02 2.599306e-02 6.595902e-02 3.224074e-02 4.708008e-02 5.743247e-02 3.446315e-02 1.596448e-02 1.883952e-02 1.966768e-02 1.093394e-02 4.448469e-03 4.44408e-03 4.223361e-03 4.07277e-03 4.727118e-03 4.039756e-03 5.899831e-03 5.203965e-03 1.198317e-03 3.398557e-04 ) ],
        [ a essentia:SecondDerivativeMean ;
            afo:values ( 9.633037e-05 1.723265e-02 6.512899e-03 2.993367e-03 3.878634e-03 1.307567e-03 1.67981e-03 9.104103e-04 1.186318e-03 9.593111e-04 1.024359e-03 1.063403e-03 7.075286e-04 5.410697e-04 4.945261e-04 4.827644e-04 4.070773e-04 2.878635e-04 3.622402e-04 3.365937e-04 2.116495e-04 1.4243e-04 7.860666e-05 6.654766e-05 5.006159e-05 2.730477e-05 7.33086e-06 ) ],
        [ a essentia:DerivativeMean ;
            afo:values ( 6.080754e-05 1.049801e-02 3.898032e-03 1.818093e-03 2.304179e-03 8.075255e-04 1.017039e-03 5.562815e-04 7.234685e-04 5.803018e-04 6.130514e-04 6.486075e-04 4.32243e-04 3.322122e-04 3.024832e-04 2.92101e-04 2.456392e-04 1.708101e-04 2.152576e-04 2.019973e-04 1.260283e-04 8.953424e-05 5.298277e-05 4.859373e-05 3.790544e-05 1.963967e-05 4.982707e-06 ) ],
        [ a essentia:Median ;
            afo:values ( 9.203258e-06 3.047003e-03 3.435386e-03 2.176253e-03 2.739519e-03 6.277007e-04 5.14748e-04 2.481164e-04 4.555826e-04 2.388927e-04 2.085533e-04 2.084011e-04 2.156862e-04 2.61019e-04 2.818011e-04 3.066257e-04 3.956097e-04 3.200213e-04 4.110574e-04 3.887478e-04 1.740738e-04 9.718616e-05 5.937142e-05 5.247725e-05 3.663049e-05 1.559545e-05 1.244932e-06 ) ],
        [ a essentia:Mean ;
            afo:values ( 6.163363e-05 1.083283e-02 5.968311e-03 3.138452e-03 3.853134e-03 1.263423e-03 1.39696e-03 7.478445e-04 1.133396e-03 8.724151e-04 9.129696e-04 1.084814e-03 7.31947e-04 5.819532e-04 5.642308e-04 6.17346e-04 5.546958e-04 4.067669e-04 5.424279e-04 5.140365e-04 2.544896e-04 1.771559e-04 1.181103e-04 1.152323e-04 8.156232e-05 3.953691e-05 7.752868e-06 ) ],
        [ a essentia:DerivativeVariance ;
            afo:values ( 2.549323e-08 6.471786e-04 4.403257e-05 6.099062e-06 1.205591e-05 2.920986e-06 6.000381e-06 1.879474e-06 3.20559e-06 2.326097e-06 3.610122e-06 3.579637e-06 1.153144e-06 4.668875e-07 3.826094e-07 4.023593e-07 1.596189e-07 5.864709e-08 9.726099e-08 7.889656e-08 5.284055e-08 4.396384e-08 1.692914e-08 2.658421e-08 1.449974e-08 2.301709e-09 1.503754e-10 ) ],
        [ a essentia:Variance ;
            afo:values ( 2.48395e-08 6.002738e-04 5.588817e-05 1.083244e-05 1.608289e-05 4.188294e-06 7.50363e-06 2.481916e-06 4.834867e-06 3.875559e-06 5.425524e-06 7.752614e-06 2.303332e-06 9.050914e-07 8.138369e-07 1.198849e-06 4.661556e-07 1.802064e-07 3.248667e-07 2.909865e-07 9.525314e-08 7.861057e-08 4.458964e-08 8.228253e-08 4.447737e-08 5.944151e-09 3.4323e-10 ) ] .

_:08ed893f-cf5a-4273-aa14-142d8c1fc43a a essentia:HPCP ;
    event:time _:90a68e9f-b640-456a-808f-4481f28bf83d ;
    afo:computed_by _:LowLevelExtractor ;
    afo:feature [ a essentia:Entropy ;
            afo:feature [ a essentia:DerivativeVariance ;
                    afo:value 2.775233e-01 ],
                [ a essentia:Variance ;
                    afo:value 5.774494e-01 ],
                [ a essentia:Minimum ;
                    afo:value 0 ],
                [ a essentia:Maximum ;
                    afo:value 4.589233e+00 ],
                [ a essentia:SecondDerivativeMean ;
                    afo:value 1.085582e+00 ],
                [ a essentia:DerivativeMean ;
                    afo:value 6.498548e-01 ],
                [ a essentia:SecondDerivativeVariance ;
                    afo:value 7.656388e-01 ],
                [ a essentia:Median ;
                    afo:value 2.444551e+00 ],
                [ a essentia:Mean ;
                    afo:value 2.42284e+00 ] ] .

_:0961d067-6845-443e-a456-766b6daea695 rdf:first 4.395687e-01 ;
    rdf:rest ( 3.821767e-01 3.360875e-01 3.013835e-01 2.636722e-01 2.479907e-01 ) .

_:099725bd-a3b9-4ebe-9365-221d83a1684c a essentia:SecondDerivativeMean ;
    afo:value 1.365421e+01 .

_:09fd3cff-1937-4262-84b0-1a0226c91fb1 a essentia:Flux ;
    event:time _:90a68e9f-b640-456a-808f-4481f28bf83d ;
    afo:computed_by _:LowLevelExtractor ;
    afo:feature [ a essentia:Median ;
            afo:value 9.075058e-02 ],
        [ a essentia:DerivativeMean ;
            afo:value 3.259804e-02 ],
        [ a essentia:SecondDerivativeVariance ;
            afo:value 5.099859e-03 ],
        [ a essentia:DerivativeVariance ;
            afo:value 2.078731e-03 ],
        [ a essentia:Mean ;
            afo:value 9.813163e-02 ],
        [ a essentia:Minimum ;
            afo:value 6.510521e-11 ],
        [ a essentia:Variance ;
            afo:value 4.090313e-03 ],
        [ a essentia:Maximum ;
            afo:value 4.050122e-01 ],
        [ a essentia:SecondDerivativeMean ;
            afo:value 5.262257e-02 ] .

_:0a0ee374-6ef9-4c25-b569-2d5a9609aed2 a essentia:Entropy ;
    event:time _:90a68e9f-b640-456a-808f-4481f28bf83d ;
    afo:computed_by _:LowLevelExtractor ;
    afo:feature _:055bf232-71b6-4f91-8588-261e888a607e,
        [ a essentia:DerivativeMean ;
            afo:value 1.546549e-01 ],
        [ a essentia:Maximum ;
            afo:value 9.816243e+00 ],
        [ a essentia:Variance ;
            afo:value 3.366422e-01 ],
        [ a essentia:Median ;
            afo:value 7.823483e+00 ],
        [ a essentia:DerivativeVariance ;
            afo:value 4.467826e-02 ],
        [ a essentia:Mean ;
            afo:value 7.60628e+00 ],
        [ a essentia:SecondDerivativeVariance ;
            afo:value 8.440853e-02 ],
        [ a essentia:Minimum ;
            afo:value 4.870259e+00 ] .

_:0a98e11d-1d26-4f97-90ab-410afd304952 a essentia:DerivativeVariance ;
    afo:values ( 3.837767e-05 3.103335e-05 1.445981e-06 8.757686e-07 6.081478e-08 1.465709e-07 2.78728e-07 8.339318e-08 6.42188e-08 8.658142e-08 4.302265e-08 5.143893e-08 6.767831e-08 6.041835e-08 2.267038e-08 9.126175e-09 3.766432e-09 3.118769e-09 2.513515e-09 2.217713e-09 2.340815e-09 5.645034e-10 2.702328e-10 1.403546e-10 1.999594e-10 1.621126e-10 1.261868e-10 8.30833e-11 8.263391e-11 3.189176e-11 1.950856e-11 2.107326e-11 1.992421e-11 9.006714e-12 5.461258e-12 3.955075e-12 4.989163e-12 4.820294e-12 3.47148e-12 1.786678e-12 ) .

_:0ab0dca6-5577-4bd5-bd6d-51c4bf2a19cd a essentia:DerivativeVariance ;
    afo:value 1.035271e-03 .

_:0b71784b-7497-46fe-ac68-54462876f3f7 a essentia:ERBBands ;
    event:time _:90a68e9f-b640-456a-808f-4481f28bf83d ;
    afo:computed_by _:LowLevelExtractor ;
    afo:feature [ a essentia:FlatnessDB ;
            afo:feature _:06ad4bcf-3c08-46ab-8d8a-205d9e1ab204,
                [ a essentia:DerivativeMean ;
                    afo:value 1.642743e-02 ],
                [ a essentia:Minimum ;
                    afo:value 3.227864e-02 ],
                [ a essentia:Median ;
                    afo:value 1.326197e-01 ],
                [ a essentia:Mean ;
                    afo:value 1.411707e-01 ],
                [ a essentia:DerivativeVariance ;
                    afo:value 2.734212e-04 ],
                [ a essentia:SecondDerivativeVariance ;
                    afo:value 5.435974e-04 ],
                [ a essentia:SecondDerivativeMean ;
                    afo:value 2.382897e-02 ],
                [ a essentia:Variance ;
                    afo:value 1.811593e-03 ] ] .

_:0bdb3e78-55e8-4c72-87e9-78e1fc4fcc78 a essentia:Mean ;
    afo:value 3.657349e-02 .

_:0c0ef5ff-0184-4755-b51b-5990743a5c88 a essentia:DerivativeVariance ;
    afo:value 6.099894e-03 .

_:0c8a8aae-5173-4953-9051-3dd356436bc9 a essentia:Maximum ;
    afo:value 2.608206e-01 .

_:0c91fa64-37c8-4da5-a6b2-62d79ec9c6c4 a essentia:DerivativeVariance ;
    afo:value 7.435647e-01 .

_:0d855ea8-7c9e-47d2-bc64-393e49e6bbe7 a essentia:Maximum ;
    afo:value 2.390209e-01 .

_:0eaccefe-5368-4bee-b17f-b537fac89da5 a essentia:Median ;
    afo:value 5.151355e-03 .

_:0f48abd7-c4ed-4b84-93e1-c19d1eed0efe rdf:first 1.47496e-04 ;
    rdf:rest ( 3.088931e-05 1.868173e-04 -1.018646e-04 -4.171559e-05 -1.96914e-04 -1.24845e-04 -2.884697e-04 -4.863306e-05 -2.511271e-04 -6.985007e-05 2.751597e-05 -7.642766e-05 3.088931e-05 1.101205e-03 1.290479e-04 -7.751153e-04 1.466915e-04 4.815821e-04 -5.77914e-05 -4.883432e-04 9.152752e-04 5.754969e-04 -1.126768e-03 3.567814e-04 -1.569616e-04 1.868173e-04 1.290479e-04 1.986346e-03 -1.113459e-03 -7.290475e-04 -9.232355e-04 1.361004e-03 -1.518521e-03 9.958016e-04 1.247176e-03 -1.11922e-03 3.005027e-04 3.155342e-04 -1.018646e-04 -7.751153e-04 -1.113459e-03 6.013654e-03 -2.279683e-03 -1.066753e-03 1.032544e-03 2.427934e-04 -7.159953e-04 -1.716682e-03 1.734555e-03 1.015026e-03 -1.116522e-03 -4.171559e-05 1.466915e-04 -7.290475e-04 -2.279683e-03 7.089891e-03 -1.618312e-03 -9.507254e-04 7.233855e-04 -1.334255e-03 -1.457131e-03 1.407808e-04 -7.365724e-04 -3.609138e-04 -1.96914e-04 4.815821e-04 -9.232355e-04 -1.066753e-03 -1.618312e-03 1.087119e-02 -5.157217e-03 1.878374e-03 -3.429145e-04 1.847505e-03 1.68976e-04 -1.516202e-03 1.285729e-03 -1.24845e-04 -5.77914e-05 1.361004e-03 1.032544e-03 -9.507254e-04 -5.157217e-03 1.259268e-02 -9.274781e-03 1.795716e-03 7.458819e-05 -1.247146e-03 7.254688e-05 -2.370947e-04 -2.884697e-04 -4.883432e-04 -1.518521e-03 2.427934e-04 7.233855e-04 1.878374e-03 -9.274781e-03 1.817687e-02 -6.11681e-03 1.681639e-03 5.003506e-04 -2.062105e-03 1.122185e-03 -4.863306e-05 9.152752e-04 9.958016e-04 -7.159953e-04 -1.334255e-03 -3.429145e-04 1.795716e-03 -6.11681e-03 1.773912e-02 -8.802398e-03 3.243959e-03 4.13584e-04 -1.914746e-03 -2.511271e-04 5.754969e-04 1.247176e-03 -1.716682e-03 -1.457131e-03 1.847505e-03 7.458819e-05 1.681639e-03 -8.802398e-03 2.088509e-02 -1.061497e-02 2.347504e-03 -2.868886e-04 -6.985007e-05 -1.126768e-03 -1.11922e-03 1.734555e-03 1.407808e-04 1.68976e-04 -1.247146e-03 5.003506e-04 3.243959e-03 -1.061497e-02 2.438847e-02 -1.336743e-02 5.889035e-03 2.751597e-05 3.567814e-04 3.005027e-04 1.015026e-03 -7.365724e-04 -1.516202e-03 7.254688e-05 -2.062105e-03 4.13584e-04 2.347504e-03 -1.336743e-02 3.227411e-02 -1.341374e-02 -7.642766e-05 -1.569616e-04 3.155342e-04 -1.116522e-03 -3.609138e-04 1.285729e-03 -2.370947e-04 1.122185e-03 -1.914746e-03 -2.868886e-04 5.889035e-03 -1.341374e-02 2.175475e-02 ) .

_:0f517233-594d-43a8-a216-76b8e5d0f356 a essentia:SecondDerivativeMean ;
    afo:value 1.057094e+00 .

_:10cfeffa-6694-4547-b081-d37a0bb26f1a rdf:first 5.228818e-03 ;
    rdf:rest ( 5.441922e-03 3.89915e-03 2.068492e-03 9.847364e-04 1.527179e-03 ) .

_:1129ba1a-b4f6-4f66-8134-5d04f5e832af a essentia:Median ;
    afo:value 1.838261e-01 .

_:119d6daf-8d52-4d0d-b0cb-595423cb5a5f a essentia:Mean ;
    afo:value 2.073565e-01 .

_:11feae4c-ba70-4ed2-8a90-6079e6ece370 a essentia:Median ;
    afo:value 4.656835e-01 .

_:12ac9265-f328-42d2-8ffc-0a0dbdd87ce8 a essentia:Minimum ;
    afo:value 0 .

_:1323fdda-381a-499d-b0aa-b98ae743477e a essentia:Maximum ;
    afo:value 3.026257e+01 .

_:134a91c7-a895-41d8-a62d-45ac1ce4a39f a essentia:ChordsKey ;
    event:time _:90a68e9f-b640-456a-808f-4481f28bf83d ;
    afo:value "D#" .

_:139e0e8d-4eba-4a6f-9999-ca28391e41aa a essentia:SecondDerivativeMean ;
    afo:value 5.65188e-04 .

_:13df4688-c47e-4fdb-a328-127b9217bfe3 a essentia:Dissonance ;
    event:time _:90a68e9f-b640-456a-808f-4481f28bf83d ;
    afo:computed_by _:LowLevelExtractor ;
    afo:feature _:046f7d96-3feb-4419-b755-387b1c22d488,
        [ a essentia:Median ;
            afo:value 4.804161e-01 ],
        [ a essentia:Minimum ;
            afo:value 1.92116e-01 ],
        [ a essentia:SecondDerivativeMean ;
            afo:value 2.378646e-02 ],
        [ a essentia:Maximum ;
            afo:value 5.000001e-01 ],
        [ a essentia:Mean ;
            afo:value 4.688779e-01 ],
        [ a essentia:DerivativeVariance ;
            afo:value 2.777534e-04 ],
        [ a essentia:DerivativeMean ;
            afo:value 1.426022e-02 ],
        [ a essentia:Variance ;
            afo:value 1.053802e-03 ] .

_:13efda71-d00b-45cd-b05d-f58609456e72 a essentia:DerivativeVariance ;
    afo:value 0 .

_:1451b34f-a596-4ed9-a906-0a6ef78b34f7 a essentia:Minimum ;
    afo:value 2.122093e+00 .

_:147fce4c-0abd-485e-94e8-dd41096d33c0 a essentia:Median ;
    afo:value 9.284069e-03 .

_:14db7c56-d0ee-43d7-8999-dc915fe06c14 a essentia:Variance ;
    afo:value 1.528486e-02 .

_:157a969c-9b1e-421b-9c18-ef5c63d36802 a essentia:SecondDerivativeVariance ;
    afo:value 1.503891e-03 .

_:15b01a86-fd47-4521-862a-1b6721c8539a a essentia:Median ;
    afo:value 3.9402e-01 .

_:166875a1-27af-4cc2-833b-7ea0e325c87e a essentia:Variance ;
    afo:values _:10cfeffa-6694-4547-b081-d37a0bb26f1a .

_:170ae384-a3cd-4382-b967-eb053b6678f4 a essentia:DerivativeVariance ;
    afo:value 6.567623e-04 .

_:17b436a0-e62c-447a-9645-47bc801c9e83 a essentia:Mean ;
    afo:value 6.032485e-02 .

_:187efe66-001f-44aa-ba46-d0b6637b8766 a essentia:Maximum ;
    afo:value 1.595178e-02 .

_:18c59b0a-b43a-493f-80f2-3c0876b8d72f a essentia:Median ;
    afo:value 1.178495e-01 .

_:18f5cf6e-9b3d-4530-b245-ea1815866a51 a essentia:SecondDerivativeMean ;
    afo:value 2.129146e-02 .

_:1947416c-ea02-466b-9f65-ee1414e05ce6 a essentia:Mean ;
    afo:value 1.173448e-02 .

_:19b4b068-2310-426e-9e3c-ef0ea555f5ad a essentia:Mean ;
    afo:value -9.105267e-09 .

_:19bf24b4-fc31-4f35-b7a0-86d3ea2c7cba a essentia:Mean ;
    afo:values ( -7.13204e+00 -6.857699e+00 -7.358948e+00 -7.657709e+00 -7.33547e+00 -1.013214e+01 ) .

_:1a01ce4f-09f7-4518-ba73-c7ef4503b261 a essentia:Median ;
    afo:value 5.084801e-02 .

_:1a9eb0da-be0d-4062-bfe2-487b6cbf0d7c a essentia:Median ;
    afo:value 96 .

_:1b153da8-3843-455d-a4e7-5517b8b8ab45 a essentia:ERBBands ;
    event:time _:90a68e9f-b640-456a-808f-4481f28bf83d ;
    afo:computed_by _:LowLevelExtractor ;
    afo:feature [ a essentia:Crest ;
            afo:feature _:1323fdda-381a-499d-b0aa-b98ae743477e,
                [ a essentia:SecondDerivativeMean ;
                    afo:value 4.061382e+00 ],
                [ a essentia:DerivativeVariance ;
                    afo:value 6.603153e+00 ],
                [ a essentia:Minimum ;
                    afo:value 2.163819e+00 ],
                [ a essentia:Mean ;
                    afo:value 8.079905e+00 ],
                [ a essentia:DerivativeMean ;
                    afo:value 2.487897e+00 ],
                [ a essentia:Variance ;
                    afo:value 1.819753e+01 ],
                [ a essentia:Median ;
                    afo:value 6.886913e+00 ],
                [ a essentia:SecondDerivativeVariance ;
                    afo:value 1.714865e+01 ] ] .

_:1b6de758-c353-46c1-be85-76d24827b3f6 a essentia:Minimum ;
    afo:value -8.509854e-02 .

_:1b8bc26b-974b-4fac-a72f-b2f835896e67 a essentia:SecondDerivativeVariance ;
    afo:value 1.679114e+05 .

_:1b9d54c6-76aa-4f53-8446-dca9cdeec202 a essentia:DerivativeMean ;
    afo:value 2.391974e-02 .

_:1c521a78-a293-4572-8aa3-795d999a575f a essentia:Maximum ;
    afo:value 6.956522e-01 .

_:1d042473-e65f-49d4-aeaf-3f67bf71ef9d rdf:first -6.787167e+00 ;
    rdf:rest ( -6.612522e+00 -6.943112e+00 -7.036931e+00 -6.623793e+00 -9.666847e+00 ) .

_:1e68e4e2-d4c5-4336-8de0-70e3a125adab a essentia:DerivativeVariance ;
    afo:values ( 2.652703e-01 4.034481e+01 6.962697e+01 5.799201e+01 1.135561e+02 1.600363e+02 5.521104e+01 3.222813e+02 1.295639e+03 8.042374e+02 9.615039e+02 2.247752e+03 1.582872e+03 2.996712e+03 5.307497e+03 5.22385e+03 2.483943e+03 9.189761e+02 8.190692e+02 1.441706e+03 1.274598e+03 3.82756e+02 1.653284e+02 2.312054e+02 2.144352e+02 1.711384e+02 1.44434e+02 5.826202e+01 6.144378e+01 3.409814e+01 1.355179e+01 1.035023e+01 8.457968e+00 2.711531e+00 5.90359e-01 6.385919e-02 7.859086e-03 4.735722e-04 4.930105e-06 3.677707e-09 ) .

_:1eb05454-d8ed-4896-aac6-69f43f99cc31 a essentia:SecondDerivativeMean ;
    afo:value 0 .

_:1f47ebdb-e8e6-412a-b090-3e4933a83870 a essentia:DerivativeVariance ;
    afo:value 7.575746e+00 .

_:1f6a96ef-7c09-4389-a510-fae74c97ae99 a essentia:Kurtosis ;
    afo:feature [ a essentia:Maximum ;
            afo:value 3.85207e+02 ],
        [ a essentia:Mean ;
            afo:value 2.294157e+01 ],
        [ a essentia:SecondDerivativeMean ;
            afo:value 1.962087e+01 ],
        [ a essentia:SecondDerivativeVariance ;
            afo:value 1.302113e+03 ],
        [ a essentia:Median ;
            afo:value 9.301055e+00 ],
        [ a essentia:DerivativeVariance ;
            afo:value 5.429684e+02 ],
        [ a essentia:DerivativeMean ;
            afo:value 1.230327e+01 ],
        [ a essentia:Minimum ;
            afo:value -1.619511e+00 ],
        [ a essentia:Variance ;
            afo:value 1.221337e+03 ] .

_:20d4399f-0307-4cde-a41a-dbf98dc9c2ea a essentia:DerivativeVariance ;
    afo:value 5.683844e-01 .

_:2176b01d-7883-47be-a49a-d743bd6266c5 a essentia:Minimum ;
    afo:value 7.119233e-21 .

_:22c5417a-3650-4f37-9e7a-b6974c55fbd1 a essentia:Maximum ;
    afo:value 2.566458e+01 .

_:2328b138-2585-45b2-9e47-04ef8e67a696 a essentia:Maximum ;
