@prefix afo: <https://w3id.org/afo/onto/1.1#> .
@prefix dc: <http://purl.org/dc/elements/1.1/> .
@prefix essentia: <http://sovarr.c4dm.eecs.qmul.ac.uk/af/essentia/> .
@prefix event: <http://purl.org/NET/c4dm/event.owl#> .
@prefix foaf: <http://xmlns.com/foaf/0.1/> .
@prefix mo: <http://purl.org/ontology/mo/> .
@prefix rdf: <http://www.w3.org/1999/02/22-rdf-syntax-ns#> .
@prefix rdfs: <http://www.w3.org/2000/01/rdf-schema#> .
@prefix tl: <http://purl.org/NET/c4dm/timeline.owl#> .
@prefix xml: <http://www.w3.org/XML/1998/namespace> .
@prefix xsd: <http://www.w3.org/2001/XMLSchema#> .

<http://musicbrainz.org/release/6eba1c40-2db1-44a4-87ea-52b3aea9806e> a mo:Release ;
    dc:date "2007-01-29" ;
    dc:title "Artificial Animals Riding on Neverland" ;
    mo:publisher [ a mo:Label ;
            foaf:name "Discograph" ] ;
    mo:track <http://musicbrainz.org/recording/f64001cc-fde0-4559-9963-4736a843422f> ;
    essentia:asin "B000L43QMO" ;
    essentia:barcode "3700426900294" ;
    foaf:maker <http://musicbrainz.org/artist/f897e098-941b-4fa4-b966-4870c1e5614c> .

<12+Little+Love.flac> a mo:AudioFile ;
    mo:encodes [ a essentia:Signal ;
            mo:time _:53f4b16e-7a50-4906-97aa-1d5fafc7ac55 ;
            essentia:bit_rate "0"^^xsd:float ;
            essentia:codec "flac"^^xsd:string ;
            essentia:downmix "mix"^^xsd:string ;
            essentia:equal_loudness "0"^^xsd:float ;
            essentia:lossless true ;
            essentia:md5_encoded "bbcea07572e501a4a835dee54dc17666"^^xsd:string ;
            essentia:replay_gain "-9.94584083557"^^xsd:float ] .

<http://musicbrainz.org/artist/f897e098-941b-4fa4-b966-4870c1e5614c> a mo:MusicArtist ;
    foaf:name "AaRON" .

<http://musicbrainz.org/recording/f64001cc-fde0-4559-9963-4736a843422f> a mo:Track ;
    dc:title "Little Love" ;
    mo:available_as <12+Little+Love.flac> ;
    mo:genre [ a mo:Genre ;
            rdfs:label "Pop" ] ;
    mo:track_number "12" .

[] a essentia:VersionInfo .

_:01ca0a69-82f0-4104-bdea-9f93d97477be a essentia:DerivativeMean ;
    afo:values ( 4.48894e-02 3.972915e-02 3.547639e-02 2.791584e-02 2.272884e-02 1.56275e-02 ) .

_:01cca140-56b9-4205-aca6-1e0cb68ab871 a essentia:Maximum ;
    afo:value 3.490053e+01 .

_:027db06c-734b-4429-8d8d-70e95171a0e0 a essentia:Mean ;
    afo:value 5.683026e-03 .

_:02c9e586-920b-4dc4-b1ae-235c36aa118e a essentia:DerivativeMean ;
    afo:value 3.777143e+00 .

_:03968ed0-8725-4b33-8ef7-74c17ebf1ed2 a essentia:SecondDerivativeMean ;
    afo:value 0 .

_:0408ace0-f42c-403b-a644-2c0a77bd2ec2 rdf:first 3.598285e-05 ;
    rdf:rest ( 1.570695e-03 2.318642e-06 2.159012e-06 3.324275e-06 2.800529e-06 5.210839e-06 9.886681e-06 1.41239e-06 1.074605e-06 1.044236e-07 4.19813e-06 1.696604e-07 2.688841e-07 1.365219e-07 8.28563e-08 7.438308e-08 1.027517e-07 1.353874e-07 1.364187e-07 8.474829e-08 2.87392e-08 1.050888e-08 8.132975e-09 9.966985e-09 4.250023e-10 7.980716e-13 ) .

_:04143e1d-9acf-4412-bf31-c1761e62d298 a essentia:DerivativeVariance ;
    afo:value 4.985788e+01 .

_:0427a2f4-3b4d-4ed9-898e-ee27669b2419 a essentia:MelBands ;
    event:time _:53f4b16e-7a50-4906-97aa-1d5fafc7ac55 ;
    afo:computed_by _:LowLevelExtractor ;
    afo:feature [ a essentia:FlatnessDB ;
            afo:feature [ a essentia:DerivativeVariance ;
                    afo:value 1.20517e-03 ],
                [ a essentia:DerivativeMean ;
                    afo:value 2.968602e-02 ],
                [ a essentia:Minimum ;
                    afo:value 3.5644e-03 ],
                [ a essentia:SecondDerivativeVariance ;
                    afo:value 2.410495e-03 ],
                [ a essentia:SecondDerivativeMean ;
                    afo:value 4.415059e-02 ],
                [ a essentia:Maximum ;
                    afo:value 6.95602e-01 ],
                [ a essentia:Variance ;
                    afo:value 1.042394e-02 ],
                [ a essentia:Mean ;
                    afo:value 3.149265e-01 ],
                [ a essentia:Median ;
                    afo:value 3.013642e-01 ] ] .

_:04280659-1b92-43e7-9bdb-02a8cce533f4 a essentia:DerivativeMean ;
    afo:value 1.58814e-02 .

_:049ee359-b1ad-4b2b-ab26-bc97452c5bc0 a essentia:ChordsKey ;
    event:time _:53f4b16e-7a50-4906-97aa-1d5fafc7ac55 ;
    afo:value "F#" .

_:0518d1dd-0384-48f9-b7b3-a0941e115d88 a essentia:SecondDerivativeVariance ;
    afo:value 0 .

_:05334d0f-ec66-4cc8-b3cc-24ea26c069c6 a essentia:SecondDerivativeVariance ;
    afo:value 8.265721e-03 .

_:05af4dee-2a82-4473-a8ba-a1116e66b788 a essentia:Maximum ;
    afo:value 9.601449e-01 .

_:0682d59a-e053-402c-a026-d46d39f65c51 a essentia:Variance ;
    afo:value 0 .

_:06aadc0f-0d1e-4083-80b1-113a407b978d a essentia:DerivativeVariance ;
    afo:value 8.036136e-06 .

_:06ae0cd7-829d-4f5e-a609-8d6fdfc5ecc8 a essentia:FlatnessDB ;
    afo:feature _:04280659-1b92-43e7-9bdb-02a8cce533f4,
        [ a essentia:DerivativeVariance ;
            afo:value 3.059966e-04 ],
        [ a essentia:Minimum ;
            afo:value 3.419454e-02 ],
        [ a essentia:Mean ;
            afo:value 2.316313e-01 ],
        [ a essentia:Maximum ;
            afo:value 4.264251e-01 ],
        [ a essentia:Median ;
            afo:value 2.154595e-01 ],
        [ a essentia:SecondDerivativeMean ;
            afo:value 2.330936e-02 ],
        [ a essentia:SecondDerivativeVariance ;
            afo:value 6.255268e-04 ],
        [ a essentia:Variance ;
            afo:value 4.935148e-03 ] .

_:06bdb795-7de1-4072-934a-ae7741f88581 rdf:first -2.837101e+01 ;
    rdf:rest ( -2.772356e+01 -2.780845e+01 -2.757163e+01 -2.752374e+01 -2.738679e+01 ) .

_:06e562d9-39b8-47f4-93bb-32503e447d75 a essentia:DerivativeVariance ;
    afo:value 2.686982e+05 .

_:07481636-852a-46b4-82d6-9c5006e01c91 a essentia:Skewness ;
    afo:feature [ a essentia:Minimum ;
            afo:value -2.306057e+00 ],
        [ a essentia:Maximum ;
            afo:value 1.108663e+01 ],
        [ a essentia:DerivativeMean ;
            afo:value 7.105132e-01 ],
        [ a essentia:SecondDerivativeVariance ;
            afo:value 1.795144e+00 ],
        [ a essentia:Mean ;
            afo:value 2.136257e+00 ],
        [ a essentia:Variance ;
            afo:value 2.743031e+00 ],
        [ a essentia:SecondDerivativeMean ;
            afo:value 1.098251e+00 ],
        [ a essentia:Median ;
            afo:value 1.706992e+00 ],
        [ a essentia:DerivativeVariance ;
            afo:value 8.288868e-01 ] .

_:08385a87-5bd6-4afb-bccb-10a081461cd1 a essentia:Median ;
    afo:value 2.214026e-02 .

_:08b874f9-9505-4f52-acfe-a3e8e6718a2a a essentia:DerivativeVariance ;
    afo:value 3.199939e-06 .

_:08d309c0-acc5-42cf-9355-9c8585054e61 a essentia:SecondDerivativeMean ;
    afo:value 6.963654e-02 .

_:08fdbe5a-dee0-4184-acce-6e4849406b30 a essentia:Maximum ;
    afo:value 55 .

_:090747f8-3055-4250-9a2d-bc84e858c366 a essentia:SecondDerivativeMean ;
    afo:value 5.173388e-02 .

_:0917a5d9-0419-4c28-9534-e02008791d0c a essentia:Minimum ;
    afo:value 0 .

_:0a033efb-c32f-4b2b-bace-cf7f5f6f5cc1 a essentia:DerivativeMean ;
    afo:value 0 .

_:0a14d4b9-1953-40ec-92d1-3ddb93c2e9d1 rdf:first 4.578432e+00 ;
    rdf:rest ( 3.414153e+00 3.412503e+00 3.549253e+00 4.538901e+00 4.176197e+00 ) .

_:0a97d6c7-f3c9-4a49-893e-9301744eca59 a essentia:SecondDerivativeMean ;
    afo:values ( 7.16132e-01 5.00178e-01 4.791618e-01 4.854359e-01 3.893799e-01 3.553179e-01 ) .

_:0aa3dcab-35b3-40e0-9c76-7035b56e9d0e a essentia:DerivativeVariance ;
    afo:values ( 3.875811e-02 4.693174e-02 3.037329e-02 3.037597e-02 3.279177e-02 3.272227e-02 3.367881e-02 2.988698e-02 2.52162e-02 2.243475e-02 2.312026e-02 2.520479e-02 3.896448e-02 4.683159e-02 2.647825e-02 3.097731e-02 3.983254e-02 2.116535e-02 9.392783e-03 6.134964e-03 7.255436e-03 7.730754e-03 7.658697e-03 3.57526e-02 1.334532e-01 3.550034e-02 1.126187e-02 3.005633e-02 3.633862e-02 1.308751e-02 1.540939e-02 2.13253e-02 1.932854e-02 2.14441e-02 2.545338e-02 2.779234e-02 ) .

_:0aef70d6-474e-4a01-9d8a-6227d68891de a essentia:Variance ;
    afo:value 0 .

_:0becf0d1-9098-47a0-b8a1-ac49cd6dd967 a essentia:SecondDerivativeMean ;
    afo:value 1.200817e-01 .

_:0bf1c4e1-2333-4108-b4ff-6c8214414a56 a essentia:SecondDerivativeVariance ;
    afo:value 1.671279e-03 .

_:0c4a512f-6d40-4f42-aadb-9e4d2cfbe88a a essentia:SecondDerivativeVariance ;
    afo:values ( 2.423148e-01 5.841023e-02 7.204743e-02 1.34624e-02 1.063233e-02 1.011157e-02 ) .

_:0c988423-8f54-4375-9525-9f9a55915573 a essentia:Minimum ;
    afo:value 2.391643e+00 .

_:0cbcb766-2359-42e8-8257-d403e05f382b a essentia:Minimum ;
    afo:value 0 .

_:0d1e4931-1fc3-498e-b0ff-27ca5f09f807 a essentia:Minimum ;
    afo:value 0 .

_:0da4e8be-b383-4619-a39f-0d23cbcf87ca rdf:first 6.699996e-02 ;
    rdf:rest ( 6.181588e-01 3.665618e-02 2.835601e-02 4.336688e-02 3.547247e-02 9.137852e-02 6.703706e-02 3.95425e-02 3.16727e-02 1.260725e-02 3.529933e-02 1.002806e-02 1.385993e-02 9.008904e-03 9.646232e-03 1.421629e-02 1.646901e-02 1.84503e-02 1.416387e-02 1.59307e-02 7.462115e-03 4.165147e-03 3.634738e-03 6.663202e-03 7.654185e-04 4.145554e-05 ) .

_:0db83e0f-9802-4683-ab35-0168f32b6dbb a essentia:Mean ;
    afo:value 2.255516e-01 .

_:0e30ef26-618e-46cd-a8ed-c838ffb6c5c8 a essentia:Variance ;
    afo:value 1.763021e-04 .

_:0e49ec87-96fa-4fd8-aaaa-48c123d6bc6c rdf:first 2.430967e-04 ;
    rdf:rest ( -7.288452e-04 4.505542e-04 -7.985897e-04 5.052859e-04 -5.725642e-04 4.525887e-04 -9.207606e-04 5.439399e-04 -5.522314e-04 8.692265e-04 -7.654732e-04 2.582789e-04 -7.288452e-04 3.72679e-03 -1.375111e-03 3.232454e-03 -2.130545e-03 2.217576e-03 -1.989737e-03 3.643499e-03 -3.122586e-03 2.954679e-03 -4.115216e-03 3.302122e-03 -1.171189e-03 4.505542e-04 -1.375111e-03 2.808341e-03 -1.592022e-03 2.570228e-04 -1.717386e-03 8.616601e-04 -1.531919e-03 5.719986e-04 -1.172648e-03 1.352618e-03 -1.567505e-03 1.901549e-03 -7.985897e-04 3.232454e-03 -1.592022e-03 4.888197e-03 -1.20278e-03 1.966139e-03 -2.091728e-03 1.606757e-03 -2.921779e-03 1.824785e-03 -3.439384e-03 2.09824e-03 -1.899109e-03 5.052859e-04 -2.130545e-03 2.570228e-04 -1.20278e-03 5.72666e-03 -3.834456e-04 -1.964767e-04 -2.02132e-03 -1.467345e-03 -2.783699e-03 4.457562e-04 -8.37964e-04 -1.563698e-03 -5.725642e-04 2.217576e-03 -1.717386e-03 1.966139e-03 -3.834456e-04 6.61786e-03 -2.435642e-03 3.786224e-04 -2.936859e-03 4.126702e-04 -1.237883e-03 2.48316e-03 -1.061698e-03 4.525887e-04 -1.989737e-03 8.616601e-04 -2.091728e-03 -1.964767e-04 -2.435642e-03 8.034803e-03 -3.249397e-03 -3.414695e-05 -5.376357e-04 6.936516e-04 -3.683733e-03 -3.291338e-04 -9.207606e-04 3.643499e-03 -1.531919e-03 1.606757e-03 -2.02132e-03 3.786224e-04 -3.249397e-03 1.38664e-02 -3.491849e-03 2.756656e-03 -4.432929e-03 4.978158e-03 -2.307069e-03 5.439399e-04 -3.122586e-03 5.719986e-04 -2.921779e-03 -1.467345e-03 -2.936859e-03 -3.414695e-05 -3.491849e-03 1.515243e-02 -4.06527e-03 3.091442e-03 -3.092337e-03 2.152045e-03 -5.522314e-04 2.954679e-03 -1.172648e-03 1.824785e-03 -2.783699e-03 4.126702e-04 -5.376357e-04 2.756656e-03 -4.06527e-03 1.433331e-02 -5.925101e-03 1.439053e-03 -1.055302e-03 8.692265e-04 -4.115216e-03 1.352618e-03 -3.439384e-03 4.457562e-04 -1.237883e-03 6.936516e-04 -4.432929e-03 3.091442e-03 -5.925101e-03 1.63839e-02 -5.043256e-03 1.536357e-03 -7.654732e-04 3.302122e-03 -1.567505e-03 2.09824e-03 -8.37964e-04 2.48316e-03 -3.683733e-03 4.978158e-03 -3.092337e-03 1.439053e-03 -5.043256e-03 1.844096e-02 -3.890475e-03 2.582789e-04 -1.171189e-03 1.901549e-03 -1.899109e-03 -1.563698e-03 -1.061698e-03 -3.291338e-04 -2.307069e-03 2.152045e-03 -1.055302e-03 1.536357e-03 -3.890475e-03 1.100617e-02 ) .

_:0e5211dc-7968-4046-ad0d-3bafe8c9398b rdf:first 2.566833e+01 ;
    rdf:rest ( 1.081509e+02 6.655241e+01 5.543104e+01 1.420664e+02 1.404617e+02 3.092663e+02 3.805533e+02 1.476953e+03 7.357327e+02 1.686977e+03 8.275742e+02 8.621166e+02 8.921729e+02 7.782069e+02 1.288684e+03 4.333947e+02 8.267279e+02 5.797756e+02 2.037665e+02 6.229304e+02 7.681405e+02 6.090735e+02 1.254448e+03 1.071507e+03 5.711256e+02 6.377967e+02 8.382083e+02 2.743409e+02 1.702626e+02 1.20373e+02 8.822522e+01 5.846277e+01 1.056413e+02 2.720224e+01 5.774637e+00 1.164072e+00 1.803937e-01 7.975744e-03 7.381259e-04 ) .

_:0f8cb51a-2fc9-40fa-9c38-e4c4a97926ed a essentia:Maximum ;
    afo:value 1.97605e+02 .

_:0f93ad40-40a7-4180-8582-feb9f365f77c a essentia:Median ;
    afo:value 0 .

_:0f99b9f8-2d77-418b-adf8-353fc4086a43 a essentia:SecondDerivativeMean ;
    afo:value 6.350677e+00 .

_:0f9a95bd-3791-44bf-b0f3-2e52bfff15d0 rdf:first 1.217823e-01 ;
    rdf:rest ( 1.367752e-01 8.717615e-02 5.935585e-02 6.270133e-02 6.519601e-02 6.510101e-02 5.88729e-02 5.439558e-02 5.278033e-02 5.419866e-02 7.995529e-02 1.423059e-01 1.586702e-01 1.217536e-01 1.158383e-01 1.140681e-01 8.416221e-02 3.471533e-02 2.112766e-02 2.421855e-02 3.134556e-02 3.213753e-02 1.267004e-01 2.308427e-01 1.239012e-01 5.61085e-02 1.278831e-01 1.396317e-01 7.387471e-02 4.075385e-02 4.378143e-02 4.490856e-02 5.814377e-02 6.968334e-02 7.690765e-02 ) .

_:0fa02d9c-b9d1-4cbc-a3eb-a9826e2ae6aa a essentia:DerivativeVariance ;
    afo:value 3.037034e-03 .

_:1012e8a7-edfd-45e0-9893-58dfc6c593cb a essentia:Skewness ;
    afo:feature [ a essentia:SecondDerivativeVariance ;
            afo:value 2.294431e-01 ],
        [ a essentia:DerivativeVariance ;
            afo:value 1.030991e-01 ],
        [ a essentia:Minimum ;
            afo:value -4.523644e+00 ],
        [ a essentia:SecondDerivativeMean ;
            afo:value 4.973142e-01 ],
        [ a essentia:Median ;
            afo:value 5.620949e-01 ],
        [ a essentia:Variance ;
            afo:value 4.087496e-01 ],
        [ a essentia:Maximum ;
            afo:value 2.687848e+00 ],
        [ a essentia:Mean ;
            afo:value 5.257596e-01 ],
        [ a essentia:DerivativeMean ;
            afo:value 3.264272e-01 ] .

_:1046d217-bbe0-498d-919a-4b806e8ec661 a essentia:SecondDerivativeMean ;
    afo:value 7.082407e-03 .

_:1054afc5-684b-40e2-924b-214f32809a9e a essentia:Minimum ;
    afo:value 1.128074e-21 .

_:10d1bf72-a9a3-4f2e-8fb5-2a1e9486aef3 rdf:first 3.531189e+01 ;
    rdf:rest ( 2.41744e+00 6.475286e-02 0 0 0 0 5.396072e-01 1.273473e+00 1.266998e+01 0 0 0 0 1.5109e-01 4.770127e+00 2.072091e+01 0 0 0 0 2.158429e-02 1.705159e+00 2.035398e+01 ) .

_:110c75b4-8dad-42f5-8a27-a1df6846db74 a essentia:Skewness ;
    afo:feature [ a essentia:SecondDerivativeMean ;
            afo:value 9.283493e-01 ],
        [ a essentia:Mean ;
            afo:value 1.633925e+00 ],
        [ a essentia:Maximum ;
            afo:value 1.199131e+01 ],
        [ a essentia:DerivativeVariance ;
            afo:value 5.681826e-01 ],
        [ a essentia:Variance ;
            afo:value 1.862881e+00 ],
        [ a essentia:Minimum ;
            afo:value -3.378145e+00 ],
        [ a essentia:DerivativeMean ;
            afo:value 5.979219e-01 ],
        [ a essentia:Median ;
            afo:value 1.36696e+00 ],
        [ a essentia:SecondDerivativeVariance ;
            afo:value 1.239276e+00 ] .

_:114451d8-1e84-4495-8ec9-7c6c0caaa4ab a essentia:Median ;
    afo:value 1.584517e+00 .

_:114e63ff-ae02-4ab9-95de-0776a291c4bf rdf:first 6.573842e-25 ;
    rdf:rest ( 3.51603e-24 2.789587e-24 1.710768e-24 1.038889e-23 1.242963e-23 7.512782e-24 8.246844e-24 6.678851e-24 1.955919e-23 1.842765e-23 2.398715e-23 3.980796e-23 5.132894e-23 5.353456e-23 4.439241e-23 6.22588e-23 7.746305e-23 1.349471e-22 1.991929e-22 2.762166e-22 3.572536e-22 3.672776e-22 5.154224e-22 8.681233e-22 1.207706e-21 1.885386e-21 ) .

_:11892297-bfd4-44e3-9649-a2fffd12d93c a essentia:SecondDerivativeVariance ;
    afo:value 6.801337e+01 .

_:12ac2274-6b6b-4263-b0e2-4c5de7426ce1 rdf:first 3.421089e-04 ;
    rdf:rest ( 1.254417e-03 5.781724e-04 5.448026e-04 1.501453e-03 1.405088e-03 6.982542e-04 1.397075e-03 2.924618e-04 2.656853e-04 4.591485e-05 3.9013e-04 1.434305e-04 8.32291e-05 6.196067e-05 7.787408e-05 2.888407e-05 2.116145e-05 2.863517e-05 1.267931e-05 5.388494e-06 3.580545e-06 2.649747e-06 1.350833e-06 1.258445e-06 3.205534e-07 4.129134e-08 ) .

_:12df9050-ea69-4f97-b8a8-001938aa7cc7 a essentia:Variance ;
    afo:value 0 .

_:13f481ef-a4ab-4089-b681-dec3a172ae2d a essentia:Maximum ;
    afo:value 1 .

_:142a5247-7767-4e76-a8ac-d452c51e4a2d rdf:first 2.66945e-01 ;
    rdf:rest ( 1.155238e-01 1.52782e-01 6.104852e-02 3.043544e-02 1.255865e-02 ) .

_:14dd36bf-d8be-4e2f-b972-d33c363884d9 a essentia:DerivativeVariance ;
    afo:value 0 .

_:14dfa01d-978c-428c-9570-ea5407f8730a a essentia:Maximum ;
    afo:values ( 9.885221e-01 6.943794e-01 7.232023e-01 6.452432e-01 5.883181e-01 3.753379e-01 ) .

_:1507df39-7c19-4b19-8d16-67f12ef6d38e a essentia:Minimum ;
    afo:value 4.266747e+05 .

_:15359db0-5562-4fe9-afae-5680a69935e1 a essentia:SecondDerivativeMean ;
    afo:value 3.620498e+02 .

_:15623b76-39c0-452d-adc0-a0a1d4963adf a essentia:DerivativeMean ;
    afo:value 7.340242e-03 .

_:15a69526-e7b4-4283-8007-53b1e93e0646 a essentia:Maximum ;
    afo:values ( -4.851921e+00 -4.648697e+00 -4.889294e+00 -5.804611e+00 -5.716723e+00 -7.257653e+00 ) .

_:168c2a92-7f09-4527-874c-73f7c10e66b8 rdf:first 13 ;
    rdf:rest ( 13 ) .

_:169c4146-244b-42d3-9f0a-ed546934232b rdf:first 4.427184e-04 ;
    rdf:rest ( 3.163668e-05 9.156424e-07 3.741483e-07 5.581075e-07 2.756905e-07 6.535242e-07 2.679344e-07 5.28261e-07 4.602242e-08 3.952148e-08 4.907268e-08 1.474907e-08 1.93841e-07 1.367286e-08 6.5703e-09 6.347503e-09 4.667116e-09 1.324325e-09 4.60257e-10 1.489112e-09 5.269978e-10 1.282273e-09 5.601974e-10 5.215187e-10 5.082252e-10 1.013868e-09 1.206684e-10 2.569664e-10 1.124058e-10 1.045909e-10 2.567323e-11 2.625679e-11 1.175889e-11 6.960303e-12 5.052171e-12 3.594196e-12 1.960433e-12 2.886167e-12 4.569995e-12 ) .

_:16d4b3e5-7c8a-422c-a4d3-d01cf8f60d95 rdf:first 2.504341e-04 ;
    rdf:rest ( 2.149734e-05 1.133731e-06 4.856558e-07 9.596945e-07 2.929449e-07 5.5849e-07 4.873805e-07 1.024367e-06 1.190095e-07 8.551919e-08 9.524473e-08 1.527515e-08 1.213625e-07 1.170695e-08 7.178454e-09 5.347061e-09 3.390608e-09 1.304762e-09 5.369344e-10 1.382164e-09 3.746854e-10 5.121698e-10 2.924576e-10 4.150685e-10 4.781157e-10 5.009945e-10 8.388159e-11 1.000252e-10 7.12078e-11 4.867506e-11 2.264184e-11 1.586857e-11 7.721285e-12 4.201787e-12 2.533643e-12 1.979228e-12 1.425454e-12 2.012044e-12 2.081654e-12 ) .

_:16e00b88-f5b9-460e-b6d5-59fb0c670952 a essentia:SecondDerivativeMean ;
    afo:value 5.052359e-02 .

_:173d150e-2291-4472-b7e4-483deac39fe5 a essentia:DerivativeMean ;
    afo:values ( 4.69832e-01 3.074316e-01 3.04738e-01 3.40792e-01 2.779917e-01 2.555182e-01 ) .

_:17b83b63-d575-4122-ac68-ad06110c5f2c a essentia:SecondDerivativeMean ;
    afo:value 8.890412e-01 .

_:18265e4f-28d2-415e-8980-0eedfd51354d a essentia:DerivativeVariance ;
    afo:value 5.151993e-01 .

_:18b7e502-16af-4cf7-8f45-7ecba6a18245 a essentia:Minimum ;
    afo:value 1.867742e+02 .

_:18ec63aa-f4dd-4c92-bad4-0c98820227e0 a essentia:Mean ;
    afo:values ( -6.521426e-01 -6.549682e-01 -7.179887e-01 -7.820926e-01 -7.540669e-01 -7.963956e-01 ) .

_:1900fa7d-5754-4bbf-8577-2c7eefc0c96c a essentia:SecondDerivativeVariance ;
    afo:value 9.693082e+01 .

_:1a1d2a61-e664-4301-a52c-e28df79b4aff a essentia:SecondDerivativeMean ;
    afo:value 5.513561e+05 .

_:1a325f0e-fe98-40e2-a2e7-00a8f44eb2d4 a essentia:DerivativeMean ;
    afo:value 3.958504e+00 .

_:1a37c8f6-d67f-40cd-b263-573f2bd32c3e rdf:first 1.989022e-01 ;
    rdf:rest ( 5.41228e-02 1.195122e-02 1.158159e-02 9.345398e-03 8.310201e-03 2.171101e-02 1.05097e-02 1.277187e-02 4.548168e-03 4.367352e-03 4.037596e-03 1.828195e-03 5.101728e-03 1.638866e-03 1.254493e-03 1.512447e-03 1.295098e-03 3.851851e-04 3.158073e-04 7.281933e-04 6.373594e-04 1.072256e-03 1.015786e-03 1.203203e-03 1.065019e-03 8.77917e-04 3.09948e-04 5.180577e-04 4.253308e-04 4.711267e-04 1.670714e-04 1.559248e-04 9.875189e-05 7.492077e-05 5.933878e-05 5.003907e-05 3.400977e-05 6.408404e-05 9.716897e-05 ) .

_:1a7651c2-9695-4ed2-9e27-5f4e9dc68b9d a essentia:Covariance ;
    afo:dimensions ( 13 13 ) ;
    afo:values ( 1.293687e+04 -1.373938e+03 -7.490635e+02 1.522001e+03 -1.575014e+02 1.742032e+01 3.231313e+02 6.969715e+02 5.741101e+02 2.947452e+02 2.904835e+01 -1.677829e+02 -5.020559e+01 -1.373938e+03 2.09054e+03 1.355882e+02 -3.28517e+02 2.270149e+02 1.218279e+02 1.264478e+01 -2.846856e+01 -2.820482e+01 3.420178e+01 7.329102e+01 9.025333e+01 1.137675e+02 -7.490635e+02 1.355882e+02 5.669463e+02 -1.619215e+02 4.882322e+01 6.483381e+01 -3.725018e+01 -2.05773e+01 -5.204531e+01 -4.07151e+01 8.533089e+01 8.674309e+00 4.7972e+01 1.522001e+03 -3.28517e+02 -1.619215e+02 6.884934e+02 9.102528e+01 4.07437e+01 1.551779e+02 1.524582e+02 1.333043e+02 1.177169e+02 3.521505e+01 2.895589e+01 6.342572e+01 -1.575014e+02 2.270149e+02 4.882322e+01 9.102528e+01 2.728719e+02 9.514524e+01 5.637893e+01 2.451413e+01 6.243735e+01 7.87133e+01 5.174331e+01 6.194432e+01 6.54998e+01 1.742032e+01 1.218279e+02 6.483381e+01 4.07437e+01 9.514524e+01 2.097888e+02 6.631361e+01 4.791928e+01 7.175404e+01 7.571989e+01 4.400234e+01 4.827225e+01 5.915839e+01 3.231313e+02 1.264478e+01 -3.725018e+01 1.551779e+02 5.637893e+01 6.631361e+01 1.883265e+02 8.052737e+01 8.59626e+01 8.519746e+01 2.160207e+01 5.829531e+01 3.847211e+01 6.969715e+02 -2.846856e+01 -2.05773e+01 1.524582e+02 2.451413e+01 4.791928e+01 8.052737e+01 1.871271e+02 8.05346e+01 5.187277e+01 5.096433e+01 1.478825e-01 4.233624e+01 5.741101e+02 -2.820482e+01 -5.204531e+01 1.333043e+02 6.243735e+01 7.175404e+01 8.59626e+01 8.05346e+01 1.761975e+02 8.387479e+01 -5.486173e+00 4.182887e+01 3.988114e+01 2.947452e+02 3.420178e+01 -4.07151e+01 1.177169e+02 7.87133e+01 7.571989e+01 8.519746e+01 5.187277e+01 8.387479e+01 1.366402e+02 4.150336e+01 4.699663e+01 3.947176e+01 2.904835e+01 7.329102e+01 8.533089e+01 3.521505e+01 5.174331e+01 4.400234e+01 2.160207e+01 5.096433e+01 -5.486173e+00 4.150336e+01 1.345703e+02 9.120593e+00 2.781825e+01 -1.677829e+02 9.025333e+01 8.674309e+00 2.895589e+01 6.194432e+01 4.827225e+01 5.829531e+01 1.478825e-01 4.182887e+01 4.699663e+01 9.120593e+00 1.441034e+02 3.892056e+01 -5.020559e+01 1.137675e+02 4.7972e+01 6.342572e+01 6.54998e+01 5.915839e+01 3.847211e+01 4.233624e+01 3.988114e+01 3.947176e+01 2.781825e+01 3.892056e+01 1.180413e+02 ) .

_:1b1d069b-db1b-446d-8f82-dec23a2ca616 a essentia:SecondDerivativeVariance ;
    afo:value 1.283868e+00 .

_:1c5d0ec7-23d5-44ce-9d04-1db58e0bbff1 a essentia:Maximum ;
    afo:value 77 .

_:1eeead5c-6feb-464e-abe0-51dd2d67d8fc a essentia:DerivativeVariance ;
    afo:values ( 6.442942e-02 1.749355e-02 2.045428e-02 4.316404e-03 3.571402e-03 3.061963e-03 ) .

_:1f2d301e-151c-4cd2-b064-46d80c4f89ab a essentia:Minimum ;
    afo:value 1.778532e-22 .

_:1f6525ee-d5b0-47d9-82b7-4a5f092df522 a essentia:SecondDerivativeMean ;
    afo:value 5.931906e+00 .

_:1fc0bf88-9aa5-4333-9b0b-2f07321d327e a essentia:Minimum ;
    afo:values [ rdf:first 0 ;
            rdf:rest [ rdf:first 0 ;
                    rdf:rest [ rdf:first 0 ;
                            rdf:rest [ rdf:first 0 ;
                                    rdf:rest [ rdf:first 0 ;
                                            rdf:rest [ rdf:first 0 ;
                                                    rdf:rest () ] ] ] ] ] ] .

_:1ffbacc7-64ff-452d-9799-ab0cdcab62d0 a essentia:BPM ;
    event:time _:53f4b16e-7a50-4906-97aa-1d5fafc7ac55 ;
    afo:value 7.744528e+01 .

_:2032f3bd-7a5b-4428-b621-5b2c846f100d a essentia:SecondDerivativeVariance ;
    afo:value 0 .

_:20585746-e25d-4595-ad0d-a2a6ae2a43eb a essentia:Mean ;
    afo:value 4.195083e-01 .

_:208c7499-ccc3-49d7-a50e-02f26f2116d1 a essentia:DerivativeVariance ;
    afo:value 447386091520 .

_:20bb4605-f455-46d2-977b-232981cd573a a essentia:DerivativeMean ;
    afo:value 3.090222e-02 .

_:20ca6c58-6ec2-4cf5-b5bd-0b29e8c4bdbd a essentia:DynamicComplexity ;
    event:time _:53f4b16e-7a50-4906-97aa-1d5fafc7ac55 ;
    afo:value 4.466778e+00 .

_:210bd37e-2774-4ea9-a756-7f0f4b6f1d0f a essentia:Maximum ;
    afo:value 2.75766e+01 .

_:21264b43-8df1-421b-8867-ad5036322c54 rdf:first 4.85078e-01 ;
    rdf:rest ( 2.370935e-01 1.9594e-01 2.20323e-01 2.072126e-01 2.491976e-01 ) .

_:213548b6-52e9-4d98-b4b4-a1e51a0d3166 a essentia:Maximum ;
    afo:value 2.618312e+01 .

_:21c4d555-455a-474f-a89e-cfd350239a34 a essentia:Median ;
    afo:value 2.129479e-01 .

_:22d2736a-765a-4330-b042-1f56dde29757 a essentia:Minimum ;
    afo:value 1.298985e-23 .

_:23575114-8409-4ad1-9c7c-487b08fe60dc a essentia:SecondDerivativeVariance ;
    afo:value 4.398052e-03 .

_:237b0c6d-2eb2-423a-9722-b5a7d68cea19 a essentia:SecondDerivativeMean ;
    afo:value 1.823178e-04 .

_:2385fbd3-673c-49a2-b268-aeafc14e78fd a essentia:BeatsPosition ;
    event:time _:53f4b16e-7a50-4906-97aa-1d5fafc7ac55 ;
    afo:value ( 7.894784e-01 1.602177e+00 2.414875e+00 3.239184e+00 4.051882e+00 4.864581e+00 5.654059e+00 6.431927e+00 7.209796e+00 7.987664e+00 8.765532e+00 9.543401e+00 1.030966e+01 1.108753e+01 1.18654e+01 1.263165e+01 1.339791e+01 1.417578e+01 1.495365e+01 1.573152e+01 1.650939e+01 1.727565e+01 1.80419e+01 1.881977e+01 1.959764e+01 2.037551e+01 2.115338e+01 2.191964e+01 2.269751e+01 2.347537e+01 2.425324e+01 2.503111e+01 2.579737e+01 2.657524e+01 2.735311e+01 2.811936e+01 2.888562e+01 2.966349e+01 3.044136e+01 3.121923e+01 3.19971e+01 3.278658e+01 3.355283e+01 3.431909e+01 3.507374e+01 3.585161e+01 3.662948e+01 3.740734e+01 3.818521e+01 3.896308e+01 3.972934e+01 4.050721e+01 4.128508e+01 4.205134e+01 4.28292e+01 4.360707e+01 4.438494e+01 4.516281e+01 4.592907e+01 4.670694e+01 4.74732e+01 4.825106e+01 4.902893e+01 4.98068e+01 5.057306e+01 5.133932e+01 5.211719e+01 5.289505e+01 5.367292e+01 5.445079e+01 5.521705e+01 5.599492e+01 5.677279e+01 5.753905e+01 5.830531e+01 5.908317e+01 5.986104e+01 6.06273e+01 6.140517e+01 6.218304e+01 6.296091e+01 6.373877e+01 6.450504e+01 6.527129e+01 6.604916e+01 6.682703e+01 6.759328e+01 6.837115e+01 6.914902e+01 6.99269e+01 7.070476e+01 7.148263e+01 7.22605e+01 7.302676e+01 7.379301e+01 7.457088e+01 7.534875e+01 7.612662e+01 7.690449e+01 7.767075e+01 7.844862e+01 7.922649e+01 8.000435e+01 8.078222e+01 8.154848e+01 8.231474e+01 8.309261e+01 8.387048e+01 8.464835e+01 8.542621e+01 8.620408e+01 8.698195e+01 8.774821e+01 8.851447e+01 8.929234e+01 9.007021e+01 9.083646e+01 9.160272e+01 9.238058e+01 9.315845e+01 9.393633e+01 9.47142e+01 9.548045e+01 9.625832e+01 9.703619e+01 9.780244e+01 9.858031e+01 9.935818e+01 1.001361e+02 1.009139e+02 1.016802e+02 1.024464e+02 1.032243e+02 1.040022e+02 1.047684e+02 1.055347e+02 1.063126e+02 1.070904e+02 1.078683e+02 1.086462e+02 1.094124e+02 1.101903e+02 1.109682e+02 1.117344e+02 1.125123e+02 1.132902e+02 1.140564e+02 1.148459e+02 1.156122e+02 1.163784e+02 1.171563e+02 1.179342e+02 1.18712e+02 1.194899e+02 1.202561e+02 1.21034e+02 1.218119e+02 1.225781e+02 1.23356e+02 1.241339e+02 1.249001e+02 1.25678e+02 1.264559e+02 1.272221e+02 128 1.287779e+02 1.295441e+02 1.30322e+02 1.310999e+02 1.318661e+02 1.32644e+02 1.334219e+02 1.341881e+02 1.349544e+02 1.357322e+02 1.365101e+02 1.37288e+02 1.380658e+02 1.388321e+02 1.396216e+02 1.403878e+02 1.411541e+02 1.41932e+02 1.427098e+02 1.434761e+02 1.44254e+02 1.450318e+02 1.457981e+02 1.46576e+02 1.473538e+02 1.481201e+02 1.488979e+02 1.496758e+02 1.504537e+02 1.512316e+02 1.519978e+02 1.527757e+02 1.535536e+02 1.543198e+02 1.550861e+02 1.558639e+02 1.566418e+02 1.574197e+02 1.581976e+02 1.589638e+02 1.597417e+02 1.605079e+02 1.612858e+02 1.620637e+02 1.628415e+02 1.636194e+02 1.643973e+02 1.651635e+02 1.659298e+02 1.667077e+02 1.674855e+02 1.682518e+02 1.690297e+02 1.698075e+02 1.705738e+02 1.7134e+02 1.721179e+02 1.728958e+02 1.73662e+02 1.744399e+02 1.752178e+02 1.759956e+02 1.767735e+02 1.775398e+02 1.783176e+02 1.790955e+02 1.798618e+02 1.806396e+02 1.814175e+02 1.821838e+02 1.829616e+02 1.837395e+02 1.845058e+02 1.85272e+02 1.860615e+02 1.868278e+02 1.876056e+02 1.883835e+02 1.891497e+02 1.899276e+02 1.907055e+02 1.914717e+02 1.922612e+02 1.930275e+02 1.937937e+02 1.945716e+02 1.953495e+02 1.961157e+02 1.969052e+02 1.976715e+02 1.984493e+02 1.992272e+02 1.999935e+02 2.007713e+02 2.015492e+02 2.023155e+02 2.030933e+02 2.038712e+02 2.046375e+02 2.054153e+02 2.061932e+02 2.069595e+02 2.077373e+02 2.085152e+02 2.092814e+02 2.100477e+02 2.10814e+02 2.114874e+02 2.121607e+02 2.128457e+02 2.135307e+02 2.142157e+02 ) .

_:239697be-bccd-42b7-8418-ee1ca5099a19 a essentia:DerivativeVariance ;
    afo:value 3.026913e+01 .

_:23b4920f-f54b-40db-946d-67a12201bf00 a essentia:DerivativeVariance ;
    afo:value 2.294913e+02 .

_:23f9ecfe-58e7-4e52-947a-844e156b867a a essentia:Maximum ;
    afo:value 6.812045e-02 .

_:2418288a-8618-45c6-8f93-ed4561559dbb a essentia:SecondDerivativeVariance ;
    afo:value 0 .

_:24844cc1-ac04-45b5-a328-1ce034815de3 a essentia:Variance ;
    afo:values ( 5.798235e-05 2.275614e-03 4.440416e-06 6.677555e-06 1.102547e-05 1.026723e-05 1.125194e-05 3.472116e-05 7.346996e-06 4.816726e-06 4.549712e-07 7.407334e-06 4.939707e-07 5.676062e-07 3.155438e-07 2.103949e-07 1.427968e-07 1.362569e-07 2.334554e-07 1.827745e-07 1.125901e-07 4.810113e-08 1.541479e-08 1.17457e-08 1.252899e-08 4.787408e-10 1.02018e-12 ) .

_:254f0bd5-e6b6-4e1c-98a7-c7ad3a932762 a essentia:DerivativeVariance ;
    afo:value 6.285865e+01 .

_:2663ddf3-f222-490b-a2f8-fd674c60d734 a essentia:SecondDerivativeVariance ;
    afo:value 5.232225e+05 .

_:26729509-c76c-40ae-8c55-649aed53b93a a essentia:DerivativeMean ;
    afo:value 8.72064e+00 .

_:269e1a3e-e62a-4bf0-8805-486f40269572 a essentia:SecondDerivativeMean ;
    afo:value 0 .

_:26b2e30e-698f-4fec-a54d-4d79b4dc133d a essentia:DerivativeMean ;
    afo:value 1.257976e-03 .

_:28394227-83d3-4e4c-af06-8da4846f3e30 a essentia:Median ;
    afo:value 5.35217e-03 .

_:2945357e-aeb2-4acb-8548-88a1521ab820 a essentia:Minimum ;
    afo:value 3.476298e-01 .

_:294acd35-9d6e-4045-b347-18767cf7725d rdf:first 1.3433e-24 ;
    rdf:rest ( 1.284424e-24 1.675936e-24 1.754755e-24 8.006109e-25 2.614404e-24 2.82842e-24 2.133507e-24 1.716155e-24 9.500524e-25 1.685696e-24 3.034163e-24 2.599744e-24 2.583801e-24 2.130379e-24 3.310963e-24 4.568751e-24 4.192486e-24 3.756222e-24 3.23759e-24 2.860023e-24 2.873594e-24 4.652566e-24 4.147583e-24 4.640094e-24 5.096125e-24 5.419304e-24 4.414475e-24 5.224926e-24 5.92097e-24 6.279987e-24 5.963878e-24 6.386223e-24 5.283794e-24 6.242504e-24 5.833641e-24 5.207328e-24 6.733722e-24 5.527301e-24 6.754873e-24 ) .

_:2992174c-6b8f-435c-b6f9-5c7af44b8cdc a essentia:Minimum ;
    afo:value 1.066727e-16 .

_:2abcf9df-97f1-49b1-a5a8-06249f5acc2f rdf:first -7.206237e+02 ;
    rdf:rest ( 1.875713e+02 -5.009168e-01 3.325302e+00 2.283803e+00 -3.183292e-01 -3.706836e+00 -3.795877e-01 -3.903817e+00 1.67641e-01 6.206851e+00 2.233783e+00 1.027656e+01 ) .

_:2b4f88de-0861-4fd9-916a-1d946eaa336f a essentia:DerivativeVariance ;
    afo:value 8.564541e-04 .

_:2b6b2462-eda0-4a9e-b01b-8d709f84c97b a essentia:Mean ;
    afo:value 4.97279e-01 .

_:2bbd95ec-3de8-4519-b8e9-092b41e0ef0b a essentia:SecondDerivativeMean ;
    afo:values ( 8.773292e-03 2.263328e-03 4.457125e-04 2.616036e-04 4.157847e-04 2.490735e-04 3.147603e-04 2.369359e-04 3.786762e-04 9.542188e-05 1.029061e-04 8.167219e-05 5.578105e-05 1.807774e-04 3.928023e-05 3.360832e-05 3.132481e-05 2.33096e-05 1.632457e-05 1.05593e-05 1.603026e-05 6.594634e-06 7.381719e-06 4.717207e-06 3.745755e-06 4.707083e-06 4.442952e-06 2.010764e-06 2.119638e-06 1.459758e-06 1.189313e-06 9.356164e-07 8.257225e-07 5.72837e-07 4.318829e-07 3.488043e-07 3.064876e-07 2.491682e-07 2.614188e-07 2.359986e-07 ) .

_:2bbe7b45-6dd8-4e47-830f-d39a2f332e14 rdf:first -9.808848e-01 ;
    rdf:rest ( -9.991466e-01 -9.971398e-01 -9.851182e-01 -9.863606e-01 -9.635712e-01 ) .

_:2d808422-80cd-43d0-b290-6166db709821 a essentia:DerivativeMean ;
    afo:value 3.98984e-01 .

_:2de10d68-1974-44d0-861c-972925e3013b a essentia:Variance ;
    afo:value 1.333857e-05 .

_:2ded9135-9b4f-473f-b107-2570ba574795 a essentia:BarkBands ;
    event:time _:53f4b16e-7a50-4906-97aa-1d5fafc7ac55 ;
    afo:computed_by _:LowLevelExtractor ;
    afo:feature _:110c75b4-8dad-42f5-8a27-a1df6846db74 .

_:2e3f2f63-2ad9-45d4-ba1e-38d1e13faa4a rdf:first -7.594061e+00 ;
    rdf:rest ( -7.037055e+00 -7.857266e+00 -8.306188e+00 -9.399316e+00 -1.203741e+01 ) .

_:2e63f154-8fa5-4ed6-b24b-6045c597cd81 a essentia:Maximum ;
    afo:value 1 .

_:2e8c549a-4ac5-4ee1-a6b2-6f9c22cface4 a essentia:Median ;
    afo:value 5.813965e+02 .

_:2f2b489f-28e3-4976-a2b6-6ef8fcddf1d4 a essentia:Spread ;
    afo:feature _:02c9e586-920b-4dc4-b1ae-235c36aa118e,
        _:04143e1d-9acf-4412-bf31-c1761e62d298,
        _:1900fa7d-5754-4bbf-8577-2c7eefc0c96c,
        [ a essentia:SecondDerivativeMean ;
            afo:value 5.917008e+00 ],
        [ a essentia:Minimum ;
            afo:value 4.021843e-01 ],
        [ a essentia:Maximum ;
            afo:value 1.75561e+02 ],
        [ a essentia:Mean ;
            afo:value 1.318992e+01 ],
        [ a essentia:Median ;
            afo:value 1.037266e+01 ],
        [ a essentia:Variance ;
            afo:value 2.012012e+02 ] .

_:2f5308ef-d68d-49c9-8605-79396aa1b799 a essentia:Variance ;
    afo:value 7.536959e+05 .

_:301a6737-a512-4589-bf4b-07e941152252 a essentia:Median ;
    afo:value 1.076336e+01 .

_:305d3613-478f-4fb6-aadc-00e7c4d14130 a essentia:DerivativeMean ;
    afo:value 2.110088e-02 .

_:30cfb9fa-6d54-4431-868b-75ceaf37b52f a essentia:Median ;
    afo:value 1 .

_:316aa24a-a8a1-4dc9-ad83-53447c3ca148 a essentia:BeatsLoudnessBandRatio ;
    event:time _:53f4b16e-7a50-4906-97aa-1d5fafc7ac55 ;
    afo:computed_by _:LowLevelExtractor ;
    afo:feature _:0c4a512f-6d40-4f42-aadb-9e4d2cfbe88a,
        _:14dfa01d-978c-428c-9570-ea5407f8730a,
        _:1eeead5c-6feb-464e-abe0-51dd2d67d8fc,
        _:1fc0bf88-9aa5-4333-9b0b-2f07321d327e,
        [ a essentia:DerivativeMean ;
            afo:values _:142a5247-7767-4e76-a8ac-d452c51e4a2d ],
        [ a essentia:SecondDerivativeMean ;
            afo:values ( 5.001058e-01 2.193233e-01 2.745968e-01 1.154125e-01 5.92428e-02 2.474657e-02 ) ],
        [ a essentia:Median ;
            afo:values ( 7.36661e-01 5.943609e-02 1.081606e-01 4.485707e-02 6.568078e-03 1.371807e-03 ) ],
        [ a essentia:Variance ;
            afo:values ( 9.781485e-02 1.897006e-02 3.084378e-02 5.864573e-03 2.198152e-03 1.571799e-03 ) ],
        [ a essentia:Mean ;
            afo:values ( 6.187575e-01 1.185954e-01 1.827709e-01 6.439991e-02 2.096577e-02 7.471557e-03 ) ] .

_:3311e1f1-4e38-4928-951a-9a373c0b7dd8 a essentia:Median ;
    afo:value 1.811594e-02 .

_:33228c33-68ae-4569-af3a-a2cb90d515ee a essentia:Minimum ;
    afo:value 0 .

_:339243a1-9b58-4bb4-b5aa-d96b4393d7ab a essentia:Mean ;
    afo:value 4.22116e-03 .

_:3435b153-6266-44d5-8a32-622d177dc736 a essentia:Variance ;
    afo:value 1.23838e+02 .

_:345ec8b5-efe6-478e-9da6-62c68d425f5d a essentia:Median ;
    afo:value 2.167334e-03 .

_:3478a524-a90a-4a0b-94ea-baab2fc30af0 a essentia:DerivativeMean ;
    afo:value 0 .

_:348a405a-942d-488c-be6b-41b350759127 a essentia:SecondDerivativeMean ;
    afo:values ( 7.03556e-02 6.390679e-02 5.687762e-02 4.527782e-02 3.513934e-02 2.397959e-02 ) .

_:35d63231-a3b3-46c6-bf8e-e70d4fb410da rdf:first 7.769546e-02 ;
    rdf:rest ( 9.101544e-02 3.299356e-02 5.006361e-03 5.141798e-03 5.84739e-03 5.311714e-03 3.390405e-03 3.964486e-03 5.400486e-03 4.475004e-03 2.030026e-02 1.104713e-01 1.521319e-01 1.001759e-01 6.826059e-02 6.18822e-02 2.514631e-02 2.521868e-03 1.923539e-03 3.370474e-03 8.862597e-03 9.727955e-03 2.666763e-02 1.846147e-02 1.7788e-02 2.449613e-02 1.36269e-01 1.592835e-01 5.530587e-02 2.668597e-03 1.87181e-03 3.611606e-03 1.014568e-02 1.621895e-02 2.122817e-02 ) .

_:362a5363-d122-4177-9c55-c045dd785611 a essentia:Maximum ;
    afo:value 42393516 .

_:3713ab8f-c319-4388-974b-8a927af0bb7f a essentia:Mean ;
    afo:value 8.173728e+02 .

_:375552d7-6f5b-4beb-99c8-c112a509d038 a essentia:Mean ;
    afo:value 88 .

_:38b335df-3b82-45e1-b92e-31f406b60d3d a essentia:Maximum ;
    afo:value 1.203508e+02 .

_:394f2034-f984-407c-a279-e8662394deb4 a essentia:Mean ;
    afo:values ( 1.035587e+00 3.38799e+00 2.300148e+00 4.179547e+00 6.023481e+00 6.927997e+00 2.324749e+01 1.957838e+01 3.085823e+01 2.773893e+01 8.47359e+01 2.806083e+01 3.170437e+01 2.928566e+01 3.026796e+01 4.549364e+01 1.815282e+01 1.940913e+01 1.520904e+01 1.114454e+01 1.502436e+01 8.414238e+00 6.945615e+00 4.795853e+00 5.63478e+00 3.479372e+00 2.781386e+00 1.88158e+00 1.562325e+00 1.155968e+00 5.997289e-01 4.10211e-01 3.088745e-01 2.495966e-01 8.228806e-02 2.393684e-02 7.238628e-03 1.03951e-03 6.213356e-05 5.410845e-05 ) .

_:39592eff-bc78-472d-9c85-8bf8e9f62c26 a essentia:InverseCovariance ;
    afo:dimensions _:168c2a92-7f09-4527-874c-73f7c10e66b8 ;
    afo:values ( 1.407748e-04 1.21558e-05 5.155384e-05 -2.293431e-04 1.442362e-04 1.244206e-05 1.185618e-04 -3.016671e-04 -2.945839e-04 -6.503581e-05 -1.956111e-05 1.353462e-04 2.149783e-04 1.21558e-05 6.507881e-04 1.21003e-04 4.521386e-04 -5.201477e-04 -8.317977e-05 -1.440123e-04 -8.966427e-05 2.099095e-04 2.952046e-05 -1.549217e-04 -1.034457e-04 -5.149405e-04 5.155384e-05 1.21003e-04 2.532648e-03 5.035502e-04 -3.024333e-04 -7.497517e-04 -4.380681e-05 2.531956e-04 -3.852701e-05 1.562154e-03 -1.817012e-03 2.015945e-05 -1.015286e-03 -2.293431e-04 4.521386e-04 5.035502e-04 2.953311e-03 -1.028766e-03 4.917468e-04 -1.25553e-03 -4.826928e-04 2.000778e-04 -4.104653e-04 -2.693572e-04 5.690801e-05 -1.303724e-03 1.442362e-04 -5.201477e-04 -3.024333e-04 -1.028766e-03 5.936713e-03 -9.523636e-04 4.104348e-04 8.456986e-04 -1.265874e-03 -1.330642e-03 -1.103254e-03 -6.273371e-04 -6.7618e-04 1.244206e-05 -8.317977e-05 -7.497517e-04 4.917468e-04 -9.523636e-04 7.525463e-03 -7.153385e-04 -3.443556e-04 -1.514402e-03 -2.114608e-03 -5.791048e-04 -2.89223e-04 -1.309881e-03 1.185618e-04 -1.440123e-04 -4.380681e-05 -1.25553e-03 4.104348e-04 -7.153385e-04 9.721812e-03 -2.604953e-03 -9.72556e-04 -3.131547e-03 8.458653e-04 -2.328866e-03 7.224205e-04 -3.016671e-04 -8.966427e-05 2.531956e-04 -4.826928e-04 8.456986e-04 -3.443556e-04 -2.604953e-03 1.041893e-02 -3.069978e-03 1.65525e-03 -3.953502e-03 1.789326e-03 -2.244476e-03 -2.945839e-04 2.099095e-04 -3.852701e-05 2.000778e-04 -1.265874e-03 -1.514402e-03 -9.72556e-04 -3.069978e-03 1.213159e-02 -4.368359e-03 4.310199e-03 -1.22011e-03 -7.915074e-04 -6.503581e-05 2.952046e-05 1.562154e-03 -4.104653e-04 -1.330642e-03 -2.114608e-03 -3.131547e-03 1.65525e-03 -4.368359e-03 1.624813e-02 -4.773144e-03 -1.095687e-03 -7.165064e-04 -1.956111e-05 -1.549217e-04 -1.817012e-03 -2.693572e-04 -1.103254e-03 -5.791048e-04 8.458653e-04 -3.953502e-03 4.310199e-03 -4.773144e-03 1.230116e-02 1.228647e-05 3.056783e-04 1.353462e-04 -1.034457e-04 2.015945e-05 5.690801e-05 -6.273371e-04 -2.89223e-04 -2.328866e-03 1.789326e-03 -1.22011e-03 -1.095687e-03 1.228647e-05 9.616793e-03 -1.666314e-03 2.149783e-04 -5.149405e-04 -1.015286e-03 -1.303724e-03 -6.7618e-04 -1.309881e-03 7.224205e-04 -2.244476e-03 -7.915074e-04 -7.165064e-04 3.056783e-04 -1.666314e-03 1.275808e-02 ) .

_:39d837be-720e-4eea-8682-65e226898dbb a essentia:Variance ;
    afo:value 1.291621e+02 .

_:3a3d7bee-7300-42ca-bdca-bdcd32e01f17 a essentia:DerivativeMean ;
    afo:value 2.453084e-02 .

_:3ab13bfe-e454-449d-a13f-169b6744e370 a essentia:SecondDerivativeMean ;
    afo:value 5.021313e-03 .

_:3c20c4e6-5229-48a1-b273-00559e7f9509 a essentia:DerivativeVariance ;
    afo:value 3.317751e-02 .

_:3c3a77b4-3cfe-46cb-ab9d-ad254eab993e a essentia:Mean ;
    afo:value 1.382492e-02 .

_:3c561c04-fe1f-4392-99bb-c31d97b11f05 a essentia:Mean ;
