@prefix afo: <https://w3id.org/afo/onto/1.1#> .
@prefix dc: <http://purl.org/dc/elements/1.1/> .
@prefix essentia: <http://sovarr.c4dm.eecs.qmul.ac.uk/af/essentia/> .
@prefix event: <http://purl.org/NET/c4dm/event.owl#> .
@prefix foaf: <http://xmlns.com/foaf/0.1/> .
@prefix mo: <http://purl.org/ontology/mo/> .
@prefix rdf: <http://www.w3.org/1999/02/22-rdf-syntax-ns#> .
@prefix rdfs: <http://www.w3.org/2000/01/rdf-schema#> .
@prefix tl: <http://purl.org/NET/c4dm/timeline.owl#> .
@prefix xml: <http://www.w3.org/XML/1998/namespace> .
@prefix xsd: <http://www.w3.org/2001/XMLSchema#> .

<http://musicbrainz.org/artist/9701d41b-deb5-4dff-92b9-aba51529d746> a mo:MusicArtist .

<Dumper+-+Driven+8.mp3> a mo:AudioFile ;
    mo:encodes [ a essentia:Signal ;
            mo:time _:f3385ead-6856-4c3b-847b-4d5f15117a3d ;
            essentia:bit_rate "160000"^^xsd:float ;
            essentia:codec "mp3"^^xsd:string ;
            essentia:downmix "mix"^^xsd:string ;
            essentia:equal_loudness "0"^^xsd:float ;
            essentia:lossless false ;
            essentia:md5_encoded "0664c0cec3775ddf5caf63ec49b592a9"^^xsd:string ;
            essentia:replay_gain "-4.70829582214"^^xsd:float ] .

<http://musicbrainz.org/recording/fbbae1e4-8a5c-497c-9ffe-960b7fc777e2> a mo:Track ;
    dc:title "Driven 8" ;
    mo:available_as <Dumper+-+Driven+8.mp3> ;
    mo:genre [ a mo:Genre ;
            rdfs:label "C64 Remix" ] ;
    essentia:musicmagic_data "AgEBgvT6nLynn7P0hQDh24ABbMWJR4ACAzKa4ERYheG/fIABgAEIPKwtrJ2flYABgAGAAbyfFHwakqNGgAGriAjc5C+AAa7ZgAKAAZ50owy1FoN4BbU8pMw5gzKBceA6lPxQaaw47EOZxYHC3jCwwMQr1R+vM4NXgIzihKwLANzlRoM00wf+E/gzoGzJ2520gog=/AgEBgvT6nLynn7P0hQDh24ABbMWJR4ACAzKa4ERYheG/fIABgAEIPKwtrJ2flYABgAGAAbyfFHwakqNGgAGriAjc5C+AAa7ZgAKAAaAznruxcIPEBeEzz9h+g5WBc9iLk7VWYLgy7ACXo4Ej1+Sw/sqa2De1l4KqgAHmdKRNB/XuY4JP11T44Ps/ojzPxKCxgsg=" ;
    essentia:musicmagic_fingerprint "ARlvJ6AtSDrcLoQrKycBGgcJiBtSGgUK6wiZDPYI8wr3An0EvweVAuIMPAbyA90EDgM5AeoCEgF7AOUA5AC6AIkAaABkAGkAYgBQAEcAQgAp8Hf6vQdy5IszQejm31zy4QORZH3qbABl+cQBcgJG9jP/Rf9QCswAqPhyAVQCXwDr/+j/iQHD/9v/9P/k/9b//gAD//YALAAA//v//P/6//cRUQnE/DrmCaepBx0P8RFeAw8+ZjAFBRIKYACTAC0GgwBSA7MD3QADD94KeQWKBlYEFwHBA6gCkgEAAJoATQBTADz/6wAk/+z/8f/n//j/784F2igIfQ0l5CY8wSfJE1X2+xYWvYf2KPDP9RH1FQaMATYANQQ6AMr29/12/Jn6dvuH/kH/Xvy8/63/QP+Q/7b/+//e/+D/8f+0/+X/5//9C6EEOwffWAHWMszA144FuveSEPrabgrtBhn94P9OEcMCifpc+ukChvj0ADr/+P32/aIAZgAK/wH/4gASAB0ANQALABkALAAIAAwAFgAuAA3R8M9kKHMcB/38HRrM0uIq9kD+bkJM9LIAO/Mb814Aa/3s+fb79/x+CLMCh/30AGb/Kv3E/pcB5v97/5n/ov/h/8b/1P/s/98ASwAU//z/+BAJKnYtgdcw8k4v3be3FNP6Ou8L3MwRlwyg/a3/pBMYAjb/qf0BAnAB8gI5AnwCTQGhAkYAIv//APsAYABQAC7/5P/x/9b/6//d/9X/8//uMywgGw==/ARlvJ6AtSDrcLoQrKycBGgcJiBtSGgUK6wiZDPYI8wr3An0EvweVAuIMPAbyA90EDgM6AeoCEgF7AOUA5AC6AIkAaABkAGkAYgBQAEcAQgAp8Hf6vQdy5IszQejm313y4gORZH3qawBl+cQBcgJG9jP/Rf9QCswAqPhyAVQCXwDr/+j/iQHD/9v/9P/k/9b//gAD//YALAAA//v//P/6//cRUQnE/DrmCKepBx0P8RFeAw8+ZjAFBRIKYACTAC0GgwBSA7MD3QADD94KeQWKBlYEFwHBA6gCkgEAAJoATQBTADz/6wAk/+z/8f/n//j/784F2igIfQ0l5CU8wSfIE1X2+xYWvYf2KPDP9RH1FQaNATYANQQ5AMr29/12/Jn6dvuH/kH/Xvy8/63/QP+Q/7b/+//e/+D/8f+0/+X/5//9C58EOgfgWALWMczB14wFufeSEPnacQrtBhn94P9OEcMCifpc+ukChvj1ADr/+P32/aIAZgAK/wH/4QASAB0ANQAKABkALAAIAAwAFgAuAA3R8M9jKHIcBP3+HRvM0+Iq9kH+bkJN9LIAO/Mb814Aav3s+fb79/x+CLMCh/3zAGb/Kv3E/pcB5v97/5n/ov/h/8b/1P/s/98ASwAU//z/9xAJKnYtgdcw8k4v3be3FNP6Ou8L3MwRlwyg/a7/pBMYAjb/qf0BAnAB8gI5AnwCTQGhAkYAIv//APsAYABQAC7/5P/x/9b/6//d/9X/8//uMywgGw==" ;
    essentia:replay_gain "-3,18 dB" ;
    essentia:replay_peak "0,962982" .

[] a essentia:VersionInfo .

[] a mo:Release ;
    dc:date "2006" ;
    dc:title "[non-album tracks]" ;
    mo:publisher [ a mo:Label ] ;
    mo:track <http://musicbrainz.org/recording/fbbae1e4-8a5c-497c-9ffe-960b7fc777e2> ;
    foaf:maker [ a mo:MusicArtist ;
            foaf:name "Dumper" ] .

_:0075d39c-dda3-41f9-bbd7-4f59340036d8 a essentia:SecondDerivativeVariance ;
    afo:value 9.8586e+00 .

_:00a949ea-ee37-47c3-b428-6b57beb25bda a essentia:SecondDerivativeMean ;
    afo:value 6.18029e+00 .

_:00eda783-c3b1-49d7-8f47-fb0457f4f54e a essentia:Centroid ;
    event:time _:f3385ead-6856-4c3b-847b-4d5f15117a3d ;
    afo:computed_by _:LowLevelExtractor ;
    afo:feature [ a essentia:DerivativeVariance ;
            afo:value 2.140493e+04 ],
        [ a essentia:DerivativeMean ;
            afo:value 6.258545e+01 ],
        [ a essentia:Variance ;
            afo:value 1.320259e+06 ],
        [ a essentia:SecondDerivativeMean ;
            afo:value 1.009383e+02 ],
        [ a essentia:Minimum ;
            afo:value 1.206405e+02 ],
        [ a essentia:Median ;
            afo:value 2.723882e+02 ],
        [ a essentia:Maximum ;
            afo:value 1.175857e+04 ],
        [ a essentia:Mean ;
            afo:value 4.176866e+02 ],
        [ a essentia:SecondDerivativeVariance ;
            afo:value 3.874294e+04 ] .

_:010609e3-4b56-4e1b-aa0d-0d75506948f2 a essentia:DerivativeVariance ;
    afo:value 0 .

_:013939d1-54aa-4805-985a-0be225e95dd3 a essentia:DerivativeMean ;
    afo:value 5.726229e-02 .

_:0179ec3b-98e1-4ef0-9d12-d0e2a08e25d2 a essentia:Maximum ;
    afo:values ( 5.185452e-02 8.1641e-02 1.677245e-01 9.22839e-02 1.87812e-01 3.413234e-02 2.653548e-02 2.094586e-02 2.997729e-03 5.784868e-03 7.802701e-04 1.755277e-03 1.869334e-03 1.669941e-03 1.604323e-03 1.004782e-03 5.751824e-04 6.36676e-04 3.860717e-04 2.774924e-04 3.776767e-04 7.401317e-05 4.996234e-05 4.872204e-05 4.815395e-05 5.115645e-05 6.69443e-04 ) .

_:01a74e51-38bf-4e4d-bef2-47f0a067e82d a essentia:DerivativeVariance ;
    afo:values ( 3.889881e-06 2.933937e-05 1.311539e-04 5.376696e-05 9.417408e-05 2.175854e-06 6.341011e-07 4.506032e-07 2.334712e-08 4.732951e-08 2.891491e-09 8.323887e-09 5.077381e-09 1.056666e-08 6.499294e-09 3.714272e-09 9.903589e-10 8.004798e-10 4.939837e-10 2.178945e-10 3.548207e-10 2.386858e-11 1.006802e-11 8.67552e-12 8.636859e-12 1.331293e-11 1.320816e-09 ) .

_:01de1fe2-5246-4fe8-aa09-3de0e383ce64 a essentia:SecondDerivativeMean ;
    afo:value 1.241213e-01 .

_:026a6561-1e8a-4f58-8e3f-afeecb4ac5a7 a essentia:Maximum ;
    afo:value 4.236884e+00 .

_:02cb82be-eafc-41e9-bc84-f2c86dc8b1f9 a essentia:Median ;
    afo:value 2.357229e+02 .

_:037ff3e5-3b03-435f-bbe5-258f7e2b9138 a essentia:SecondDerivativeVariance ;
    afo:value 0 .

_:03b01333-8e83-481e-a5f9-575f710857e2 a essentia:DerivativeVariance ;
    afo:value 0 .

_:03b0b07d-6e65-4d1a-950b-4eccd7c6985a a essentia:SecondDerivativeMean ;
    afo:value 2.655527e+00 .

_:03c4aa43-3dc7-4641-a3cd-1666f252a16b a essentia:DerivativeMean ;
    afo:value 5.195847e+00 .

_:03f27877-1ee7-4e1b-b4ab-f93a4cf21b08 a essentia:Minimum ;
    afo:value -2.217586e+00 .

_:051b8a3e-f061-48d6-98d9-1d81a0f6e266 a essentia:Minimum ;
    afo:value -1.263739e+00 .

_:0586ac23-0454-4a69-9105-5c3ca6e580eb a essentia:Maximum ;
    afo:value 2.199753e-01 .

_:05990537-3671-4a9d-827d-34c2afd42eeb rdf:first -5.944748e-01 ;
    rdf:rest ( -7.487856e-01 -8.23051e-01 -8.494103e-01 -9.05293e-01 -8.628902e-01 ) .

_:059b4e48-9db9-4b95-82aa-b85bef8b04fb a essentia:SecondDerivativeVariance ;
    afo:value 0 .

_:0636197a-bdff-408e-b0b3-b78b28a52ad1 a essentia:Mean ;
    afo:value 1.995765e+00 .

_:0689e0e6-99b2-4907-9ffe-97622b96c1f0 a essentia:Variance ;
    afo:value 4.067481e-04 .

_:08c38485-2764-46e8-833b-b061f716033a a essentia:SecondDerivativeMean ;
    afo:value 0 .

_:09213ae0-9f24-442b-b0c5-fd13c033a7c1 a essentia:Minimum ;
    afo:value 1.447804e-01 .

_:09b28329-bf97-4539-9dc1-ac8cce303e29 a essentia:Median ;
    afo:values ( 5.892732e-03 1.256561e-02 2.956581e-02 2.557489e-02 1.644858e-02 5.376313e-03 2.921148e-02 5.303687e-02 3.783833e-02 5.670726e-03 4.521673e-03 8.315222e-03 8.404555e-03 8.38799e-03 8.284863e-03 5.637366e-03 3.858152e-03 6.343349e-03 1.19077e-02 1.103205e-02 4.972666e-03 4.44026e-03 7.042845e-03 1.543577e-02 1.350208e-02 7.617496e-03 2.246653e-03 1.949906e-03 8.665714e-03 4.872948e-02 7.810106e-02 4.822593e-02 1.322919e-02 3.400918e-03 5.681729e-03 6.998142e-03 ) .

_:09d87db7-822d-4058-a5e8-ca4fb0b3bca9 a essentia:Maximum ;
    afo:value 1 .

_:09e79e73-20f1-4d4f-bfab-513d3a79f49a a essentia:MelBands ;
    event:time _:f3385ead-6856-4c3b-847b-4d5f15117a3d ;
    afo:computed_by _:LowLevelExtractor ;
    afo:feature [ a essentia:Kurtosis ;
            afo:feature [ a essentia:Mean ;
                    afo:value 2.963375e+01 ],
                [ a essentia:Maximum ;
                    afo:value 3.061316e+02 ],
                [ a essentia:Variance ;
                    afo:value 1.164725e+03 ],
                [ a essentia:DerivativeVariance ;
                    afo:value 6.64455e+02 ],
                [ a essentia:DerivativeMean ;
                    afo:value 1.713959e+01 ],
                [ a essentia:SecondDerivativeVariance ;
                    afo:value 1.746437e+03 ],
                [ a essentia:SecondDerivativeMean ;
                    afo:value 2.846628e+01 ],
                [ a essentia:Median ;
                    afo:value 1.889337e+01 ],
                [ a essentia:Minimum ;
                    afo:value -1.350919e+00 ] ] .

_:09f3c177-2a85-4975-afb1-c3abb141cd87 rdf:first 5.709816e-02 ;
    rdf:rest ( 1.296695e-01 3.621975e-03 6.210795e-04 2.891599e-04 2.578818e-02 ) .

_:09fbc6b7-a3f9-4485-8e3b-900deb9964fe a essentia:Minimum ;
    afo:value 1.084237e-16 .

_:0a81ceee-22a0-42fd-8089-e0192c7cdc60 a essentia:Variance ;
    afo:value 6.299e+02 .

_:0b5e9949-2ae6-4f42-a1f1-41bf95153dbb a essentia:Maximum ;
    afo:value 1.546675e-02 .

_:0b609153-cd80-4808-a420-6b49b6a8a5c8 rdf:first 1.189949e-01 ;
    rdf:rest ( 8.264017e-01 5.511012e+00 1.084217e+01 7.513895e+00 2.404532e+01 1.160631e+01 7.351686e+00 4.701801e+00 6.050262e+00 2.532815e+00 2.208757e+00 2.342258e+00 1.940267e+00 1.254025e+00 2.000623e+00 1.385735e+00 1.502555e+00 1.137395e+00 1.019772e+00 8.598958e-01 6.000196e-01 4.974071e-01 4.99017e-01 3.67418e-01 2.787338e-01 3.388077e-01 1.52297e-01 1.06823e-01 7.279292e-02 5.472029e-02 4.103728e-02 2.979442e-02 2.104842e-02 1.401807e-02 8.682854e-03 5.030522e-03 2.835334e-03 1.986151e-03 2.92008e-03 ) .

_:0bf7171a-7cea-4f2e-b081-0a91d6c419b5 a essentia:SecondDerivativeVariance ;
    afo:value 2.911784e-06 .

_:0c5052a8-c697-4e00-b644-d327ce3ed95d a essentia:Variance ;
    afo:value 6.490691e-02 .

_:0d77f0f9-7044-4a68-833f-ae3ed8fe47d0 a essentia:KeyStrength ;
    event:time _:f3385ead-6856-4c3b-847b-4d5f15117a3d ;
    afo:value 4.324101e-01 .

_:0ded9243-fc5a-46c9-bb8d-530c729b0cfe a essentia:Minimum ;
    afo:value 2.46295e+00 .

_:0e0b0ac5-55ec-4565-b6a0-f6a4c4dac66a a essentia:Maximum ;
    afo:value 4.240938e-01 .

_:0e7960ed-b54e-4f0a-b35f-5b14936dbf88 a essentia:SecondDerivativeVariance ;
    afo:value 0 .

_:0f26ac14-257d-4a25-a54e-24b3a48ab5ab a essentia:SecondDerivativeMean ;
    afo:value 0 .

_:0f97c906-9330-412b-91f9-d115273600fe a essentia:DerivativeVariance ;
    afo:values ( 3.338233e-02 3.438445e-02 4.411902e-02 5.068958e-02 3.617595e-02 3.242509e-02 4.248777e-02 6.524885e-02 4.353463e-02 3.213242e-02 3.743706e-02 4.295779e-02 3.778752e-02 3.841885e-02 3.112226e-02 2.57701e-02 3.26203e-02 3.342832e-02 4.580425e-02 3.532021e-02 9.16722e-03 1.305037e-02 4.012277e-02 2.768571e-02 1.633965e-02 6.095379e-03 5.003139e-03 1.362121e-02 2.981647e-02 5.371108e-02 6.752061e-02 5.886862e-02 4.590557e-02 3.707424e-02 3.74522e-02 4.349226e-02 ) .

_:0fd92b1b-0d28-48ac-b8d3-18ecc4e65de8 a essentia:DerivativeVariance ;
    afo:values ( 1.955822e-03 1.327868e-03 9.311747e-04 1.018002e-03 1.089566e-03 6.891289e-04 ) .

_:107a0013-5adf-4267-931e-ecbd3003db4c a essentia:Mean ;
    afo:values _:05990537-3671-4a9d-827d-34c2afd42eeb .

_:11d55fdd-6581-43c8-9a31-7401f9b39bf2 a essentia:Variance ;
    afo:value 1.431042e+01 .

_:129b7042-051b-49f2-9741-fe563b0c491b rdf:first -9.811606e-01 ;
    rdf:rest ( -9.734375e-01 -9.808971e-01 -9.862779e-01 -9.780586e-01 -9.643329e-01 ) .

_:133a214e-1ecb-4311-b744-90954068430f rdf:first 6.372024e-06 ;
    rdf:rest ( 5.00067e-05 3.110916e-05 1.177334e-05 4.560653e-06 1.680949e-07 4.896225e-08 7.002441e-08 3.956956e-09 1.114093e-09 4.859757e-09 6.327705e-10 1.117562e-10 2.176112e-10 2.362003e-10 9.636694e-11 2.42971e-10 1.574569e-10 1.326633e-10 6.530462e-11 2.30937e-11 1.021738e-11 3.107444e-12 5.066092e-12 3.433803e-12 1.261185e-12 6.558012e-13 6.369512e-13 2.167851e-12 5.139685e-13 4.909908e-14 3.410971e-14 1.805497e-14 9.574732e-15 6.838461e-15 5.315335e-15 3.847726e-15 2.951411e-15 2.320664e-15 1.856294e-15 ) .

_:13e88912-c1ad-4284-8e19-0615f8daae4e a essentia:Variance ;
    afo:values ( 4.842659e-02 5.219113e-02 1.56231e-03 2.757972e-04 6.787134e-05 1.213065e-02 ) .

_:147a89b2-7e7e-476f-9691-2fa9d309f213 rdf:first 9.554663e-02 ;
    rdf:rest ( 4.901511e+00 3.507028e+02 1.537247e+03 3.407977e+02 8.882382e+03 1.311232e+03 3.698461e+02 1.902111e+02 5.366065e+02 9.608945e+01 2.817209e+01 1.99414e+02 3.552279e+01 1.075427e+01 3.47117e+01 1.699629e+01 5.25849e+01 5.559964e+01 4.672143e+01 1.953021e+01 7.791258e+00 4.281048e+00 4.6396e+00 1.903089e+00 1.200318e+00 3.883989e+00 2.996186e-01 9.575075e-02 3.511431e-02 2.001709e-02 1.1263e-02 5.845691e-03 2.769166e-03 1.144991e-03 4.057859e-04 1.262072e-04 4.028681e-05 3.799656e-05 3.41457e-05 ) .

_:16129fe2-3458-44ad-a149-52539fd12a95 a essentia:Minimum ;
    afo:value 0 .

_:167f1c38-58bb-43ea-8815-c2d2b6655840 a essentia:SecondDerivativeVariance ;
    afo:value 1.12934e+00 .

_:17851fe3-65ad-410a-9e74-b54daf230a9a a essentia:Minimum ;
    afo:value -9.741614e-01 .

_:19bef1ef-721e-42a5-8f07-42460222b3e6 a essentia:DerivativeVariance ;
    afo:value 1.804527e+04 .

_:19e1e130-1630-4cc5-b41c-b58f23937830 a essentia:Median ;
    afo:value 72 .

_:1a2ccc4a-0f06-4bf3-a4e3-8ccdfa29356f rdf:first 5.674105e-02 ;
    rdf:rest ( 4.727413e-02 3.818303e-02 3.931093e-02 3.5844e-02 2.365218e-02 ) .

_:1a3840db-0726-475e-b3f7-7a5c4f0409ac a essentia:SecondDerivativeMean ;
    afo:value 2.133678e+00 .

_:1ab8afdc-e5eb-4481-a950-5bef70979a2e a essentia:Maximum ;
    afo:values ( 2.539834e-02 5.710468e-02 3.672275e-02 3.924955e-02 2.369617e-02 8.360471e-03 3.543702e-03 4.624127e-03 1.088926e-03 4.28596e-04 1.130807e-03 3.239778e-04 1.268449e-04 1.896682e-04 2.404863e-04 2.310422e-04 1.596773e-04 1.264753e-04 1.545431e-04 8.10701e-05 4.546473e-05 4.002503e-05 2.14573e-05 3.059288e-05 2.259401e-05 1.223758e-05 9.409152e-06 9.321395e-06 1.949484e-05 8.70176e-06 2.729482e-06 2.033802e-06 1.120468e-06 9.438193e-07 8.120858e-07 7.208532e-07 6.318371e-07 5.544508e-07 4.932306e-07 4.406311e-07 ) .

_:1cefae90-7496-4b6b-bed6-d8fe36ef4351 a essentia:Kurtosis ;
    event:time _:f3385ead-6856-4c3b-847b-4d5f15117a3d ;
    afo:computed_by _:LowLevelExtractor ;
    afo:feature _:051b8a3e-f061-48d6-98d9-1d81a0f6e266,
        _:0a81ceee-22a0-42fd-8089-e0192c7cdc60,
        [ a essentia:DerivativeMean ;
            afo:value 1.865137e+01 ],
        [ a essentia:Maximum ;
            afo:value 2.837856e+02 ],
        [ a essentia:Mean ;
            afo:value 3.160519e+01 ],
        [ a essentia:DerivativeVariance ;
            afo:value 5.442689e+02 ],
        [ a essentia:SecondDerivativeMean ;
            afo:value 3.111817e+01 ],
        [ a essentia:Median ;
            afo:value 2.420469e+01 ],
        [ a essentia:SecondDerivativeVariance ;
            afo:value 1.506633e+03 ] .

_:1f06df43-5401-47a1-8bfb-014a3e76fc6a a essentia:ChordsKey ;
    event:time _:f3385ead-6856-4c3b-847b-4d5f15117a3d ;
    afo:value "A" .

_:1faf675c-5851-4d35-b760-f4e135bf4cac rdf:first 1.93489e-01 ;
    rdf:rest ( 1.402976e+00 9.898612e+00 1.96794e+01 1.194972e+01 3.756791e+01 1.840047e+01 1.110116e+01 7.012713e+00 9.209118e+00 4.101038e+00 3.577397e+00 3.82658e+00 2.999211e+00 1.91301e+00 2.966007e+00 2.032637e+00 2.452131e+00 1.880669e+00 1.624573e+00 1.392727e+00 9.383726e-01 7.88745e-01 7.880859e-01 5.817023e-01 4.540261e-01 5.735325e-01 2.510692e-01 1.763576e-01 1.218671e-01 9.280564e-02 6.961619e-02 5.015491e-02 3.52834e-02 2.335918e-02 1.437087e-02 8.286872e-03 4.637449e-03 3.206463e-03 4.778977e-03 ) .

_:1fd30d15-e1e7-4842-9b90-5f16d5455f6b a essentia:DerivativeMean ;
    afo:value 3.870789e-09 .

_:1fd6c89c-d71f-406a-b694-015207957c7d a essentia:Mean ;
    afo:value 1.876108e-02 .

_:1fdcd871-0a5b-4ba5-bc40-58a6fea8526f a essentia:Mean ;
    afo:value 1.426695e+01 .

_:1ff75db4-b660-4d39-a2a7-2aff89102555 a essentia:Minimum ;
    afo:value 89 .

_:2107e49c-7ea7-4335-89f8-ba1c2ea2bb4d a essentia:Mean ;
    afo:value 6.389602e-03 .

_:21a958f7-ad68-4c47-9349-f8508d5a0d08 a essentia:Median ;
    afo:values ( 4.153937e-01 2.257644e-01 1.858748e-02 6.714562e-03 1.809252e-03 2.454662e-01 ) .

_:21d8482a-b29f-4df2-afd3-3d326073726a a essentia:SecondDerivativeMean ;
    afo:value 0 .

_:224f6052-ef0d-4b57-954b-f28f7fb4b6d9 a essentia:Minimum ;
    afo:value 1.652269e+00 .

_:22768da8-e596-4ec9-b4b4-a9f477de7633 a essentia:Minimum ;
    afo:value 0 .

_:22d8caaa-43db-49e9-8b84-7ada8efcd0be a essentia:SecondDerivativeVariance ;
    afo:value 1.011805e-03 .

_:237ef762-2f43-471c-8493-86ed3ee3ad5e a essentia:DerivativeVariance ;
    afo:value 59086536 .

_:23cda823-85c0-4e88-806d-358096d46d2a a essentia:Minimum ;
    afo:values ( 1.121038e-24 5.810204e-24 4.277463e-25 1.906671e-25 9.937068e-24 6.404075e-24 6.027642e-24 8.591811e-24 1.150848e-23 1.385507e-23 1.607407e-23 2.826222e-23 1.984414e-23 4.977257e-23 4.405191e-23 5.196643e-23 7.911569e-23 8.149299e-23 1.080085e-22 1.835555e-22 2.580519e-22 3.322241e-22 3.828834e-22 7.111687e-22 9.200502e-22 1.323216e-21 1.729052e-21 ) .

_:245bd12f-c4cf-49d3-82df-5d50d1c55e50 a essentia:Minimum ;
    afo:values _:129b7042-051b-49f2-9741-fe563b0c491b .

_:24d29dbd-f178-4ac4-a244-99aad2abd649 a essentia:KeyStrength ;
    event:time _:f3385ead-6856-4c3b-847b-4d5f15117a3d ;
    afo:value 4.577005e-01 .

_:24f64689-1874-499d-b068-3e1f9409b791 a essentia:SecondDerivativeMean ;
    afo:value 2.257629e+00 .

_:254b750c-1b44-4869-8df6-6ec7ee16bced a essentia:Mean ;
    afo:value -5.650707e-09 .

_:2584c486-b74d-429a-85dc-ba7a2209da88 a essentia:OnsetRate ;
    event:time _:f3385ead-6856-4c3b-847b-4d5f15117a3d ;
    afo:value 2.698209e+00 .

_:25a59c6a-8fef-4053-a9c7-f0196dd82124 a essentia:SecondDerivativeVariance ;
    afo:value 1.123752e-02 .

_:26a6fd9e-289f-491d-b1e9-6bbd1199e80f rdf:first -2.673012e-01 ;
    rdf:rest ( -4.842052e-01 -5.422719e-01 -6.183427e-01 -6.938315e-01 -5.825553e-01 ) .

_:27224937-5bd9-4a20-8f02-734962fe6acf a essentia:Variance ;
    afo:value 3.023443e+01 .

_:273a86b7-1ca5-4212-9e56-096eab4e9637 a essentia:Entropy ;
    afo:feature _:026a6561-1e8a-4f58-8e3f-afeecb4ac5a7,
        _:0636197a-bdff-408e-b0b3-b78b28a52ad1,
        _:16129fe2-3458-44ad-a149-52539fd12a95,
        [ a essentia:SecondDerivativeMean ;
            afo:value 1.117027e+00 ],
        [ a essentia:Median ;
            afo:value 2.095163e+00 ],
        [ a essentia:Variance ;
            afo:value 6.949012e-01 ],
        [ a essentia:DerivativeMean ;
            afo:value 6.61657e-01 ],
        [ a essentia:SecondDerivativeVariance ;
            afo:value 8.151223e-01 ],
        [ a essentia:DerivativeVariance ;
            afo:value 3.138276e-01 ] .

_:275e4f21-c1c2-479c-bedb-7645f925611d a essentia:Maximum ;
    afo:value 2.311828e-01 .

_:2848e009-2167-4df7-b7c8-22fcde713fc9 a essentia:Mean ;
    afo:values ( -1.03075e+02 1.307507e+02 -2.646463e+01 -5.085439e+00 -1.98894e+01 -1.150006e+01 -1.873819e+01 -1.990527e+01 -1.231295e+01 -1.177119e+01 -4.435196e+00 -9.358856e+00 -1.725068e+00 ) .

_:286677e6-387f-4837-a1db-dd270bcf0f07 rdf:first 7.33164e-04 ;
    rdf:rest ( 3.012926e-03 2.520791e-03 1.068765e-03 4.256941e-03 7.341024e-04 2.387971e-04 1.031643e-04 7.483318e-05 4.438629e-05 2.535937e-05 2.668364e-05 1.661066e-05 1.187075e-05 6.65544e-06 5.065674e-06 3.110844e-06 2.349499e-06 1.897156e-06 1.387937e-06 1.267663e-06 1.041688e-06 8.801284e-07 8.733651e-07 1.014768e-06 1.574039e-06 2.097953e-05 ) .

_:28c40a8f-686c-4e1d-b207-9243601e33f8 a essentia:Maximum ;
    afo:value 2.297487e-08 .

_:297f8b71-36b6-4138-97f2-97082bfd8b72 a essentia:Spread ;
    afo:feature [ a essentia:Variance ;
            afo:value 1.318946e+02 ],
        [ a essentia:DerivativeVariance ;
            afo:value 7.529684e+01 ],
        [ a essentia:Minimum ;
            afo:value 1.200213e+00 ],
        [ a essentia:Maximum ;
            afo:value 1.012533e+02 ],
        [ a essentia:SecondDerivativeMean ;
            afo:value 1.109425e+01 ],
        [ a essentia:Mean ;
            afo:value 1.788187e+01 ],
        [ a essentia:SecondDerivativeVariance ;
            afo:value 1.841416e+02 ],
        [ a essentia:DerivativeMean ;
            afo:value 6.983787e+00 ],
        [ a essentia:Median ;
            afo:value 1.565876e+01 ] .

_:29bfd92f-da70-459f-8448-76c22f06cea1 a essentia:Mean ;
    afo:value 4062398 .

_:2b8d7537-6117-4cd7-b345-36674f2f9f9a a essentia:SecondDerivativeMean ;
    afo:value 1.392515e-03 .

_:2c7aa436-ca59-4058-92b4-5edb626515a4 rdf:first 1.598855e-03 ;
    rdf:rest ( 3.915072e-03 2.928215e-03 1.632153e-03 9.638791e-04 2.406654e-04 1.092378e-04 9.690715e-05 3.093682e-05 2.202691e-05 1.88849e-05 1.23424e-05 6.352468e-06 7.192987e-06 6.877877e-06 3.843749e-06 4.96702e-06 3.224215e-06 2.7849e-06 1.848716e-06 1.637347e-06 1.035593e-06 6.789679e-07 7.563015e-07 6.456344e-07 4.714149e-07 3.193104e-07 3.063835e-07 4.048454e-07 2.408295e-07 1.205035e-07 1.02787e-07 8.216693e-08 6.313163e-08 5.416508e-08 4.777763e-08 4.055269e-08 3.554139e-08 3.189022e-08 2.900713e-08 ) .

_:2d1d4a51-0458-40c3-bd09-380d1518963b a essentia:SecondDerivativeVariance ;
    afo:value 3.026858e-03 .

_:2d5d2ccb-4e16-4550-ba30-3a375f5d98d3 a essentia:SecondDerivativeVariance ;
    afo:value 1.738705e-03 .

_:2d89a991-7d3d-426b-8613-159d34f2ce13 a essentia:DerivativeVariance ;
    afo:value 2.21447e-07 .

_:2da95a7d-0c47-4f5c-b660-f7dbd9ebf8df a essentia:SpectralComplexity ;
    event:time _:f3385ead-6856-4c3b-847b-4d5f15117a3d ;
    afo:computed_by _:LowLevelExtractor ;
    afo:feature _:03b0b07d-6e65-4d1a-950b-4eccd7c6985a,
        [ a essentia:Minimum ;
            afo:value 0 ],
        [ a essentia:Mean ;
            afo:value 6.885853e+00 ],
        [ a essentia:Maximum ;
            afo:value 30 ],
        [ a essentia:DerivativeMean ;
            afo:value 1.644622e+00 ],
        [ a essentia:DerivativeVariance ;
            afo:value 3.765805e+00 ],
        [ a essentia:Variance ;
            afo:value 1.031445e+01 ],
        [ a essentia:Median ;
            afo:value 7 ],
        [ a essentia:SecondDerivativeVariance ;
            afo:value 7.87072e+00 ] .

_:2de1741e-228a-45a7-9119-220a6e0b6e57 a essentia:DerivativeMean ;
    afo:values ( 1.070853e-03 3.471803e-03 6.118027e-03 3.285167e-03 4.87555e-03 8.21993e-04 3.578133e-04 1.944669e-04 9.296103e-05 7.572307e-05 3.264279e-05 4.566502e-05 3.067558e-05 3.118565e-05 2.08815e-05 1.685219e-05 1.024368e-05 9.483149e-06 8.563585e-06 5.725095e-06 6.103611e-06 2.794469e-06 1.981014e-06 1.848117e-06 1.926009e-06 2.592263e-06 2.478039e-05 ) .

_:2e2ffd13-87f0-46d6-9625-a644bfb106e6 rdf:first 1.686986e-03 ;
    rdf:rest ( 3.422433e-03 2.72567e-03 2.398599e-03 1.249661e-03 3.132365e-04 1.333183e-04 9.902962e-05 3.068786e-05 2.096664e-05 1.716699e-05 1.287916e-05 6.879278e-06 9.08832e-06 1.075324e-05 4.63304e-06 3.898164e-06 2.277224e-06 2.133887e-06 1.15646e-06 1.062707e-06 7.038149e-07 4.75555e-07 4.912125e-07 3.944829e-07 2.975249e-07 2.082097e-07 1.781418e-07 2.076643e-07 1.334214e-07 7.745746e-08 6.344332e-08 5.002534e-08 3.842123e-08 3.249719e-08 2.876704e-08 2.460849e-08 2.189854e-08 2.007816e-08 1.869176e-08 ) .

_:2e67cab4-4aea-439e-a03a-2b241cad1196 a essentia:SecondDerivativeMean ;
    afo:value 5.262875e-05 .

_:2f0afcf0-bd7e-4c5b-8af4-d3b1a0e44273 rdf:first -7.035659e+00 ;
    rdf:rest ( -7.209033e+00 -8.240188e+00 -8.94943e+00 -9.16874e+00 -1.142001e+01 ) .

_:30e7b05d-72ea-47b9-b9a7-e5dce8f1a0a8 a essentia:SecondDerivativeVariance ;
    afo:value 1.656602e-03 .

_:326249b6-cb5e-4858-bfb6-056b5eef52c9 a essentia:Minimum ;
    afo:value 6.200917e-02 .

_:33b486d0-35db-4bba-abb9-4a1f931eac1f a essentia:DerivativeMean ;
    afo:values ( 8.61972e-02 1.033238e-01 1.335112e-01 1.245523e-01 1.153873e-01 9.079452e-02 1.398183e-01 1.729452e-01 1.466579e-01 9.062041e-02 8.902875e-02 1.036383e-01 1.010108e-01 9.720595e-02 7.819518e-02 6.684915e-02 7.876691e-02 9.088071e-02 1.103584e-01 9.754116e-02 4.095436e-02 4.960854e-02 9.077677e-02 8.965858e-02 6.039415e-02 3.545287e-02 2.440029e-02 4.337523e-02 9.361427e-02 1.635796e-01 2.022513e-01 1.797005e-01 1.255422e-01 9.674663e-02 9.400662e-02 9.561609e-02 ) .

_:34dec98e-2ef3-41bc-b188-5d8912238bf0 a essentia:Variance ;
    afo:value 2.285917e+01 .

_:3529a931-c117-476a-8835-f2931a5ef490 a essentia:InverseCovariance ;
    afo:dimensions ( 13 13 ) ;
    afo:values ( 2.384253e-04 -1.532158e-04 3.174086e-04 -3.78534e-04 3.440169e-04 -2.352366e-04 3.01983e-04 -1.95781e-04 4.525198e-04 -1.968901e-04 2.865514e-04 -1.789861e-04 -9.965884e-05 -1.532158e-04 1.009226e-03 -6.013498e-04 5.571605e-04 -7.948992e-04 -6.193566e-04 3.620258e-04 8.914837e-04 -9.209815e-04 1.428907e-03 -1.178558e-03 4.500173e-04 -1.306859e-04 3.174086e-04 -6.013498e-04 3.172089e-03 -9.009312e-04 -7.433071e-04 2.168087e-03 -2.729882e-03 7.19498e-04 2.129226e-03 -2.922459e-03 1.501374e-03 -4.819339e-04 3.667361e-04 -3.78534e-04 5.571605e-04 -9.009312e-04 4.188577e-03 -1.950692e-03 3.916716e-03 -2.995638e-03 -3.261351e-05 -6.269081e-04 -2.881952e-03 3.248685e-03 -4.542662e-03 2.938978e-03 3.440169e-04 -7.948992e-04 -7.433071e-04 -1.950692e-03 1.831132e-02 -1.523702e-02 8.611031e-03 -5.321404e-03 -1.513093e-03 3.395774e-03 -5.807233e-03 7.774173e-03 -5.591076e-03 -2.352366e-04 -6.193566e-04 2.168087e-03 3.916716e-03 -1.523702e-02 3.909741e-02 -3.141925e-02 1.425157e-02 7.132994e-04 -5.767099e-03 1.054455e-02 -1.021232e-02 6.282095e-03 3.01983e-04 3.620258e-04 -2.729882e-03 -2.995638e-03 8.611031e-03 -3.141925e-02 6.171555e-02 -4.775517e-02 1.830633e-02 -7.958862e-04 -2.516891e-03 1.795015e-03 -3.324735e-03 -1.95781e-04 8.914837e-04 7.19498e-04 -3.261351e-05 -5.321404e-03 1.425157e-02 -4.775517e-02 7.168441e-02 -5.019452e-02 2.646537e-02 -1.238132e-02 5.667486e-03 3.871989e-05 4.525198e-04 -9.209815e-04 2.129226e-03 -6.269081e-04 -1.513093e-03 7.132994e-04 1.830633e-02 -5.019452e-02 8.701649e-02 -7.289863e-02 3.779558e-02 -2.049696e-02 9.46663e-03 -1.968901e-04 1.428907e-03 -2.922459e-03 -2.881952e-03 3.395774e-03 -5.767099e-03 -7.958862e-04 2.646537e-02 -7.289863e-02 1.080403e-01 -7.852971e-02 4.922994e-02 -2.276425e-02 2.865514e-04 -1.178558e-03 1.501374e-03 3.248685e-03 -5.807233e-03 1.054455e-02 -2.516891e-03 -1.238132e-02 3.779558e-02 -7.852971e-02 1.14916e-01 -8.548883e-02 4.010253e-02 -1.789861e-04 4.500173e-04 -4.819339e-04 -4.542662e-03 7.774173e-03 -1.021232e-02 1.795015e-03 5.667486e-03 -2.049696e-02 4.922994e-02 -8.548883e-02 9.798289e-02 -5.511683e-02 -9.965884e-05 -1.306859e-04 3.667361e-04 2.938978e-03 -5.591076e-03 6.282095e-03 -3.324735e-03 3.871989e-05 9.46663e-03 -2.276425e-02 4.010253e-02 -5.511683e-02 4.841718e-02 ) .

_:353e1434-4f0e-4128-aae7-cd66f6076a49 a essentia:SilenceRate ;
    event:time _:f3385ead-6856-4c3b-847b-4d5f15117a3d ;
    afo:computed_by _:LowLevelExtractor ;
    afo:feature _:2b8d7537-6117-4cd7-b345-36674f2f9f9a,
        _:2d5d2ccb-4e16-4550-ba30-3a375f5d98d3,
        [ a essentia:Maximum ;
            afo:value 1 ],
        [ a essentia:DerivativeMean ;
            afo:value 6.961364e-04 ],
        [ a essentia:Minimum ;
            afo:value 0 ],
        [ a essentia:Variance ;
            afo:value 2.903293e-02 ],
        [ a essentia:DerivativeVariance ;
            afo:value 6.956519e-04 ],
        [ a essentia:Mean ;
            afo:value 2.992866e-02 ],
        [ a essentia:Median ;
            afo:value 0 ] .

_:35818c4b-3dfd-4089-9674-4eb298bfd8e2 a essentia:ERBBands ;
    event:time _:f3385ead-6856-4c3b-847b-4d5f15117a3d ;
    afo:computed_by _:LowLevelExtractor ;
    afo:feature [ a essentia:SecondDerivativeMean ;
            afo:values _:1faf675c-5851-4d35-b760-f4e135bf4cac ],
        [ a essentia:DerivativeMean ;
            afo:values _:0b609153-cd80-4808-a420-6b49b6a8a5c8 ],
        [ a essentia:DerivativeVariance ;
            afo:values ( 3.651232e-02 1.694726e+00 1.053498e+02 4.49591e+02 1.364591e+02 3.127769e+03 5.276778e+02 1.728449e+02 8.855299e+01 2.397979e+02 3.729843e+01 1.203485e+01 6.986377e+01 1.542657e+01 5.063867e+00 1.774319e+01 8.684319e+00 1.901394e+01 1.955587e+01 1.669648e+01 7.669887e+00 3.578776e+00 1.913212e+00 2.043957e+00 9.027302e-01 4.856462e-01 1.457226e+00 1.211175e-01 3.898374e-02 1.375388e-02 7.671136e-03 4.30424e-03 2.23945e-03 1.067421e-03 4.44658e-04 1.589798e-04 4.979666e-05 1.622404e-05 1.568024e-05 1.268588e-05 ) ],
        [ a essentia:SecondDerivativeVariance ;
            afo:values _:147a89b2-7e7e-476f-9691-2fa9d309f213 ],
        [ a essentia:Mean ;
            afo:values ( 1.960514e-01 1.269162e+00 8.300261e+00 1.6262e+01 1.698575e+01 5.12098e+01 2.309006e+01 1.460793e+01 8.930526e+00 9.654914e+00 4.23327e+00 3.515598e+00 3.58209e+00 3.226821e+00 2.237044e+00 4.241408e+00 2.765238e+00 2.099494e+00 1.386399e+00 1.207293e+00 9.151996e-01 6.554363e-01 5.297911e-01 4.967302e-01 3.783931e-01 2.75838e-01 3.033493e-01 1.574127e-01 1.092885e-01 7.506414e-02 5.596239e-02 4.226759e-02 3.112374e-02 2.263156e-02 1.556709e-02 9.939628e-03 5.943036e-03 3.525224e-03 3.108212e-03 8.780338e-03 ) ],
        [ a essentia:Minimum ;
            afo:values ( 1.256708e-22 5.746457e-22 6.41062e-22 1.73162e-21 9.333602e-21 2.270288e-20 4.523068e-20 6.877096e-20 6.064449e-20 2.10536e-19 2.43454e-19 3.199598e-19 5.524192e-19 7.585953e-19 8.053274e-19 1.144058e-18 1.175063e-18 2.465092e-18 2.36565e-18 2.079401e-18 3.60465e-18 5.181441e-18 4.716376e-18 5.955432e-18 6.212305e-18 8.950519e-18 9.260194e-18 9.008965e-18 1.150952e-17 9.515272e-18 1.087541e-17 1.192996e-17 1.053997e-17 9.324467e-18 6.131207e-18 4.000725e-18 2.308614e-18 1.002209e-18 2.317384e-19 2.826624e-20 ) ],
        [ a essentia:Maximum ;
            afo:values ( 3.828742e+00 2.21032e+01 1.487235e+02 2.530504e+02 3.36362e+02 1.104989e+03 4.269814e+02 4.349456e+02 2.698347e+02 4.689573e+02 1.834758e+02 6.893883e+01 2.250791e+02 7.621228e+01 3.950436e+01 8.678055e+01 6.825019e+01 7.324069e+01 7.832384e+01 7.58569e+01 4.168133e+01 3.434461e+01 2.600707e+01 2.799382e+01 1.666063e+01 1.182267e+01 2.55956e+01 6.614252e+00 3.096496e+00 1.795277e+00 1.396139e+00 1.07373e+00 7.81785e-01 5.386288e-01 3.425603e-01 1.953088e-01 9.596738e-02 5.119224e-02 7.056963e-02 7.409024e-02 ) ],
        [ a essentia:Variance ;
            afo:values ( 8.410901e-02 2.49337e+00 2.06278e+02 7.444587e+02 5.589801e+02 9.596456e+03 1.276273e+03 5.748318e+02 2.656363e+02 4.651879e+02 5.46376e+01 2.331732e+01 1.071749e+02 3.903818e+01 1.192554e+01 6.818627e+01 2.727396e+01 1.896828e+01 1.335683e+01 1.24772e+01 6.979259e+00 4.521127e+00 2.504611e+00 2.42716e+00 1.283774e+00 5.226246e-01 1.121313e+00 1.364874e-01 4.556087e-02 1.52443e-02 7.815616e-03 4.36499e-03 2.312319e-03 1.139398e-03 4.961981e-04 1.866019e-04 6.129057e-05 2.153274e-05 1.886308e-05 4.604935e-05 ) ],
        [ a essentia:Median ;
            afo:values ( 9.417732e-02 6.989456e-01 2.687632e+00 5.128982e+00 7.890512e+00 1.575089e+01 9.125499e+00 6.879881e+00 3.963109e+00 3.388444e+00 2.231663e+00 1.936443e+00 1.394446e+00 1.326739e+00 1.051517e+00 1.187657e+00 9.367668e-01 7.284927e-01 5.23452e-01 3.628912e-01 2.798196e-01 1.909868e-01 1.335281e-01 1.133262e-01 8.513989e-02 6.621534e-02 5.56507e-02 4.644561e-02 3.790736e-02 3.045994e-02 2.461043e-02 1.910604e-02 1.414555e-02 1.075583e-02 7.675485e-03 4.972768e-03 3.113436e-03 1.828121e-03 1.812863e-03 7.231494e-03 ) ] .

_:35de8503-5ad6-4032-af36-b623d8eaaa2e rdf:first 5.888945e+03 ;
    rdf:rest ( 4.253471e+02 -4.693385e+02 2.94375e+02 -9.984933e+01 -2.771097e+01 -7.135735e+01 -7.166557e+01 -7.286949e+01 -5.316775e+01 -2.616535e+00 7.566693e+01 6.37323e+01 4.253471e+02 1.467298e+03 1.346179e+02 -2.271271e+02 9.804564e+01 7.848232e+01 -2.946669e+01 -7.922423e+01 -7.303175e+01 -5.535035e+01 -1.085724e+01 1.793065e+00 1.607135e+01 -4.693385e+02 1.346179e+02 4.519075e+02 8.648985e+01 2.817149e+01 -5.693218e+00 2.921948e+01 1.753275e+01 1.184168e+01 2.130881e+01 8.241523e+00 -5.609828e+00 -8.800282e+00 2.94375e+02 -2.271271e+02 8.648985e+01 4.244811e+02 -5.279049e+00 -4.045181e+01 3.373556e+01 6.026784e+01 6.132762e+01 5.060128e+01 2.678952e+01 2.151722e+01 -5.415491e+00 -9.984933e+01 9.804564e+01 2.817149e+01 -5.279049e+00 9.895242e+01 5.027206e+01 2.201849e+01 1.346648e+01 4.275193e+00 -1.074623e+00 -2.38154e+00 -3.126917e+00 3.643173e+00 -2.771097e+01 7.848232e+01 -5.693218e+00 -4.045181e+01 5.027206e+01 8.169457e+01 4.544846e+01 1.446551e+01 -8.378464e+00 -1.31481e+01 -6.360122e+00 2.219988e+00 4.219586e+00 -7.135735e+01 -2.946669e+01 2.921948e+01 3.373556e+01 2.201849e+01 4.544846e+01 7.742712e+01 5.477175e+01 1.579109e+01 7.601803e-01 2.176329e+00 5.733832e+00 1.417764e+00 -7.166557e+01 -7.922423e+01 1.753275e+01 6.026784e+01 1.346648e+01 1.446551e+01 5.477175e+01 7.508967e+01 4.587402e+01 2.00947e+01 7.686437e+00 1.849605e+00 -4.555651e+00 -7.286949e+01 -7.303175e+01 1.184168e+01 6.132762e+01 4.275193e+00 -8.378464e+00 1.579109e+01 4.587402e+01 6.761941e+01 4.67932e+01 1.54036e+01 -2.126416e-01 -5.751819e+00 -5.316775e+01 -5.535035e+01 2.130881e+01 5.060128e+01 -1.074623e+00 -1.31481e+01 7.601803e-01 2.00947e+01 4.67932e+01 5.589499e+01 2.962261e+01 6.889355e+00 -1.435714e+00 -2.616535e+00 -1.085724e+01 8.241523e+00 2.678952e+01 -2.38154e+00 -6.360122e+00 2.176329e+00 7.686437e+00 1.54036e+01 2.962261e+01 4.787217e+01 3.818371e+01 1.370232e+01 7.566693e+01 1.793065e+00 -5.609828e+00 2.151722e+01 -3.126917e+00 2.219988e+00 5.733832e+00 1.849605e+00 -2.126416e-01 6.889355e+00 3.818371e+01 6.860122e+01 4.838818e+01 6.37323e+01 1.607135e+01 -8.800282e+00 -5.415491e+00 3.643173e+00 4.219586e+00 1.417764e+00 -4.555651e+00 -5.751819e+00 -1.435714e+00 1.370232e+01 4.838818e+01 6.538214e+01 ) .

_:35f82441-2e5d-4814-8fab-54a721388db6 a essentia:DerivativeMean ;
    afo:value 0 .

_:35fa4995-9a0d-4b4e-9059-5a778bb468d2 a essentia:Spread ;
    afo:feature _:1a3840db-0726-475e-b3f7-7a5c4f0409ac,
        [ a essentia:DerivativeMean ;
            afo:value 1.296844e+00 ],
        [ a essentia:Variance ;
            afo:value 1.952919e+02 ],
        [ a essentia:Maximum ;
            afo:value 1.579049e+02 ],
        [ a essentia:DerivativeVariance ;
            afo:value 9.452196e+00 ],
        [ a essentia:SecondDerivativeVariance ;
            afo:value 1.982896e+01 ],
        [ a essentia:Minimum ;
            afo:value 2.864019e-01 ],
        [ a essentia:Mean ;
            afo:value 4.757313e+00 ],
        [ a essentia:Median ;
            afo:value 2.685147e+00 ] .

_:3678ea1e-6357-4675-ac93-ed6106da1584 a essentia:DerivativeMean ;
    afo:value 3.288477e-05 .

_:36ac0d7d-02bf-448d-b644-9b29fc67154c a essentia:DerivativeVariance ;
    afo:value 9.995092e-07 .

_:36db7a4d-09e6-44a9-8e91-65dd593ad022 a essentia:FlatnessDB ;
    afo:feature _:326249b6-cb5e-4858-bfb6-056b5eef52c9,
        [ a essentia:Variance ;
            afo:value 4.431854e-03 ],
        [ a essentia:Median ;
            afo:value 2.667837e-01 ],
        [ a essentia:Mean ;
            afo:value 2.678695e-01 ],
        [ a essentia:SecondDerivativeVariance ;
            afo:value 4.254007e-03 ],
        [ a essentia:DerivativeMean ;
            afo:value 4.7659e-02 ],
        [ a essentia:SecondDerivativeMean ;
            afo:value 7.685403e-02 ],
        [ a essentia:Maximum ;
            afo:value 5.040175e-01 ],
        [ a essentia:DerivativeVariance ;
            afo:value 1.564147e-03 ] .

_:372ae2a7-105d-4423-8c7c-e9b7b4de5835 a essentia:BarkBands ;
    event:time _:f3385ead-6856-4c3b-847b-4d5f15117a3d ;
    afo:computed_by _:LowLevelExtractor ;
    afo:feature _:36db7a4d-09e6-44a9-8e91-65dd593ad022 .

_:37abc7eb-b1a7-43a8-8c1a-908f71135623 a essentia:InverseCovariance ;
    afo:dimensions ( 13 13 ) ;
    afo:values ( 1.198729e-04 -5.17561e-04 3.039013e-04 -3.349539e-04 2.58019e-04 3.998019e-05 2.39377e-04 -2.555867e-04 6.74227e-04 -6.214924e-04 3.613289e-04 -4.166957e-04 4.408894e-04 -5.17561e-04 5.54557e-03 -1.706481e-03 2.659047e-03 -1.673906e-03 -1.214293e-04 -1.036581e-03 3.363114e-03 -6.401147e-03 7.229296e-03 -6.118126e-03 5.707728e-03 -2.871219e-03 3.039013e-04 -1.706481e-03 2.924256e-03 -1.114693e-03 9.029078e-04 -3.425527e-04 4.081122e-04 -1.68233e-03 2.296824e-03 -1.373568e-03 -8.225648e-05 5.004419e-04 1.448199e-03 -3.349539e-04 2.659047e-03 -1.114693e-03 5.984574e-03 -2.557685e-03 2.859367e-03 -2.41818e-03 -3.76843e-03 3.242174e-03 -3.098473e-04 -1.352784e-03 3.763235e-03 -1.311256e-03 2.58019e-04 -1.673906e-03 9.029078e-04 -2.557685e-03 1.069129e-02 -4.303057e-03 -2.702569e-03 5.82557e-03 -8.830101e-03 5.902777e-03 9.294215e-04 -6.160858e-03 4.317669e-03 3.998019e-05 -1.214293e-04 -3.425527e-04 2.859367e-03 -4.303057e-03 1.017079e-02 5.502003e-05 -7.431593e-03 1.145187e-02 -6.028732e-03 -2.436384e-04 1.822513e-03 -2.433983e-03 2.39377e-04 -1.036581e-03 4.081122e-04 -2.41818e-03 -2.702569e-03 5.502003e-05 1.743382e-02 -9.412693e-03 -2.947502e-03 8.890484e-03 -7.273708e-03 3.820022e-04 3.130096e-03 -2.555867e-04 3.363114e-03 -1.68233e-03 -3.76843e-03 5.82557e-03 -7.431593e-03 -9.412693e-03 3.43202e-02 -2.618768e-02 3.465472e-03 1.525978e-02 -1.664711e-02 7.926039e-03 6.74227e-04 -6.401147e-03 2.296824e-03 3.242174e-03 -8.830101e-03 1.145187e-02 -2.947502e-03 -2.618768e-02 6.133458e-02 -3.936873e-02 -5.832922e-03 2.816542e-02 -1.636595e-02 -6.214924e-04 7.229296e-03 -1.373568e-03 -3.098473e-04 5.902777e-03 -6.028732e-03 8.890484e-03 3.465472e-03 -3.936873e-02 5.867393e-02 -2.276749e-02 -1.333098e-02 1.144533e-02 3.613289e-04 -6.118126e-03 -8.225648e-05 -1.352784e-03 9.294215e-04 -2.436384e-04 -7.273708e-03 1.525978e-02 -5.832922e-03 -2.276749e-02 5.385982e-02 -3.940497e-02 1.187742e-02 -4.166957e-04 5.707728e-03 5.004419e-04 3.763235e-03 -6.160858e-03 1.822513e-03 3.820022e-04 -1.664711e-02 2.816542e-02 -1.333098e-02 -3.940497e-02 7.384318e-02 -3.388871e-02 4.408894e-04 -2.871219e-03 1.448199e-03 -1.311256e-03 4.317669e-03 -2.433983e-03 3.130096e-03 7.926039e-03 -1.636595e-02 1.144533e-02 1.187742e-02 -3.388871e-02 3.479949e-02 ) .

_:37bd952f-0e28-491f-871f-c6d25d165582 a essentia:Minimum ;
    afo:value 4.832677e+00 .

_:3824826f-5f6a-4557-8657-8995b6fe7016 a essentia:Variance ;
    afo:value 2.025221e-03 .

_:38aa693c-7ded-4250-becf-ab98c70bac88 a essentia:Variance ;
    afo:value 7.242537e-03 .

_:392038b6-f77f-4bde-8f64-a709c56d8798 a essentia:SecondDerivativeVariance ;
    afo:value 1.597511e+02 .

_:3988e112-3055-4abc-bb84-c133740489c4 a essentia:PitchSalience ;
    event:time _:f3385ead-6856-4c3b-847b-4d5f15117a3d ;
    afo:computed_by _:LowLevelExtractor ;
    afo:feature _:01de1fe2-5246-4fe8-aa09-3de0e383ce64,
        _:25a59c6a-8fef-4053-a9c7-f0196dd82124,
        [ a essentia:Maximum ;
            afo:value 9.216484e-01 ],
        [ a essentia:Minimum ;
            afo:value 1.094354e-01 ],
        [ a essentia:Median ;
            afo:value 5.19489e-01 ],
        [ a essentia:DerivativeMean ;
            afo:value 7.441556e-02 ],
        [ a essentia:DerivativeVariance ;
            afo:value 3.963542e-03 ],
        [ a essentia:Mean ;
            afo:value 5.097342e-01 ],
        [ a essentia:Variance ;
            afo:value 1.302981e-02 ] .

_:3a34b854-2beb-43ea-946d-1fee624c0066 a essentia:Maximum ;
    afo:value 7.418919e-03 .

_:3a99820f-3a20-4dcb-a7bf-48c6e4518c5c a essentia:SilenceRate ;
    event:time _:f3385ead-6856-4c3b-847b-4d5f15117a3d ;
    afo:computed_by _:LowLevelExtractor ;
    afo:feature _:09d87db7-822d-4058-a5e8-ca4fb0b3bca9,
        _:0c5052a8-c697-4e00-b644-d327ce3ed95d,
        _:22768da8-e596-4ec9-b4b4-a9f477de7633,
